#
#   version : 20090611
#    num_fr : 15
#      time : 20100827 08:33:42.388 UTC
#      unix : 1282898022.388153
#       ntp : LOCK -51 1248617 636
#       seq : 34589907
#       mul : 0 [A]
#      site : 01
#    latlon : 45.5749 -94.3965 370.0
#      text : Collegeville
#     label : 
#     plate : metal 20090611
#      geom : 640 480
#    reject : 0
#
#  fr    time   sum     seq       cx       cy      th      phi    lsp    mag  flag
   30  -0.200  3457 34589901  391.931  109.112  39.763   89.506  -7.36  -7.36  0000
   31  -0.167  5501 34589902  394.653  108.811  40.251   90.305  -8.43  -8.43  0000
   32  -0.133  5643 34589903  396.160  108.063  40.656   90.619  -8.64  -8.64  0000
   33  -0.100  5672 34589904  399.118  107.706  41.206   91.447  -8.68  -8.68  0000
   34  -0.067  6204 34589905  402.137  107.137  41.824   92.227  -8.94  -8.94  0000
   35  -0.033  6916 34589906  405.150  106.085  42.556   92.881  -9.15  -9.15  0000
   36   0.000  8076 34589907  408.406  105.532  43.227   93.686  -9.40  -9.40  0000
   37   0.033  7185 34589908  411.457  105.217  43.822   94.461  -9.29  -9.29  0000
   38   0.067  6696 34589909  414.517  104.961  44.415   95.230  -9.18  -9.18  0000
   39   0.100  6794 34589910  418.853  103.644  45.473   96.083  -8.91  -8.91  0000
   40   0.133  5261 34589911  421.737  103.365  46.059   96.754  -8.56  -8.56  0000
   41   0.167  5283 34589912  425.580  102.216  47.014   97.459  -8.51  -8.51  0000
   42   0.200  4436 34589913  428.595  101.702  47.690   98.074  -8.05  -8.05  0000
   43   0.234  3993 34589914  431.669  101.601  48.299   98.772  -7.64  -7.64  0000
   44   0.267  3040 34589915  435.407  101.693  49.009   99.642  -6.56  -6.56  0000
