#
#   version : 20090611
#    num_fr : 26
#      time : 20100827 05:27:48.416 UTC
#      unix : 1282886868.416623
#       ntp : LOCK 87 278806 764
#       seq : 34255622
#       mul : 0 [A]
#      site : 01
#    latlon : 45.5749 -94.3965 370.0
#      text : Collegeville
#     label : 
#     plate : metal 20090611
#      geom : 640 480
#    reject : 0
#
#  fr    time   sum     seq       cx       cy      th      phi    lsp    mag  flag
   29  -0.634  2560 34255603  461.327  302.486  43.887  169.013  -6.25  -6.25  0000
   30  -0.601  2538 34255604  462.913  304.310  44.490  169.346  -6.49  -6.49  0000
   31  -0.567  2983 34255605  462.629  305.219  44.516  169.666  -7.17  -7.17  0000
   32  -0.534  3394 34255606  464.901  305.741  45.156  169.492  -7.41  -7.41  0000
   33  -0.500  3753 34255607  465.979  306.974  45.568  169.706  -8.04  -8.04  0000
   34  -0.467  4260 34255608  465.651  308.119  45.611  170.095  -8.09  -8.09  0000
   35  -0.434  3986 34255609  467.112  308.872  46.070  170.104  -8.04  -8.04  0000
   36  -0.400  4328 34255610  468.625  310.449  46.635  170.345  -8.18  -8.18  0000
   37  -0.367  4472 34255611  469.083  311.045  46.820  170.452  -8.29  -8.29  0000
   38  -0.334  5004 34255612  469.130  312.006  46.942  170.722  -8.50  -8.50  0000
   39  -0.300  5161 34255613  471.227  312.774  47.567  170.636  -8.72  -8.72  0000
   40  -0.267  4999 34255614  471.946  314.344  47.932  170.976  -8.51  -8.51  0000
   41  -0.234  5022 34255615  472.543  314.947  48.155  171.059  -8.66  -8.66  0000
   42  -0.200  5065 34255616  473.978  316.358  48.687  171.243  -8.55  -8.55  0000
   43  -0.167  5058 34255617  475.361  317.756  49.206  171.427  -8.69  -8.69  0000
   44  -0.133  5174 34255618  475.870  318.482  49.423  171.551  -8.49  -8.49  0000
   45  -0.100  5613 34255619  477.147  320.162  49.951  171.821  -8.71  -8.71  0000
   46  -0.067  4889 34255620  478.171  321.111  50.327  171.926  -8.47  -8.47  0000
   47  -0.033  5307 34255621  479.326  322.523  50.794  172.134  -8.49  -8.49  0000
   48   0.000  5668 34255622  479.991  323.242  51.052  172.226  -8.63  -8.63  0000
   49   0.033  4357 34255623  481.616  324.687  51.646  172.369  -8.33  -8.33  0000
   50   0.067  4678 34255624  482.024  325.908  51.901  172.625  -8.39  -8.39  0000
   51   0.100  4490 34255625  483.840  327.011  52.503  172.647  -8.21  -8.21  0000
   52   0.133  3900 34255626  484.005  328.193  52.694  172.922  -7.87  -7.87  0000
   53   0.167  4693 34255627  485.474  329.543  53.240  173.051  -8.26  -8.26  0000
   54   0.200  2643 34255628  485.651  330.263  53.377  173.205  -6.60  -6.60  0000
