#
#   version : 20090611
#    num_fr : 17
#      time : 20120904 08:37:22.603 UTC
#      unix : 1346747842.603858
#       ntp : LOCK 114 389927 268
#       seq : 26655346
#       mul : 0 [A]
#      site : 01
#    latlon : 45.5749 -94.3965 370.0
#      text : Collegeville
#     label : 
#     plate : metal_20100816_20100506-404-gd3
#      geom : 640 480
#    reject : 0
#
#  fr    time   sum     seq       cx       cy      th      phi    lsp    mag  flag
   30  -0.267  3995 26655338  401.124  179.518  30.163  106.459    nan    nan  0000
   31  -0.234  4556 26655339  404.305  179.432  30.871  107.396  -6.68   0.14  0000
   32  -0.200  3806 26655340  410.796  180.559  32.143  109.683  -7.43  -0.61  0000
   33  -0.167  5237 26655341  414.013  179.970  32.962  110.314  -7.99  -1.17  0000
   34  -0.133  4035 26655342  417.722  180.117  33.793  111.313  -8.20  -1.38  0000
   35  -0.100  5622 26655343  420.876  180.133  34.524  112.085  -8.45  -1.63  0000
   36  -0.067  5399 26655344  424.444  180.048  35.373  112.884  -8.73  -1.91  0000
   37  -0.033  5677 26655345  428.509  180.043  36.339  113.783  -8.66  -1.84  0000
   38   0.000  6117 26655346  432.291  180.224  37.222  114.645  -8.61  -1.79  0000
   39   0.033  5859 26655347  437.038  180.208  38.376  115.587  -8.62  -1.80  0000
   40   0.067  5279 26655348  440.445  180.333  39.194  116.278  -8.63  -1.81  0000
   41   0.100  6052 26655349  444.366  180.346  40.161  116.995  -8.63  -1.81  0000
   42   0.133  5430 26655350  447.551  180.324  40.957  117.543  -8.58  -1.76  0000
   43   0.167  5323 26655351  450.908  181.590  41.648  118.522  -8.52  -1.70  0000
   44   0.200  5576 26655352  454.784  180.975  42.701  118.941  -8.35  -1.53  0000
   45   0.234  4816 26655353  457.817  181.619  43.399  119.613  -8.08  -1.26  0000
   46   0.267  1926 26655354  461.352  182.145  44.247  120.300  -5.70   1.12  0000
