#
#   version : 20090611
#    num_fr : 13
#      time : 20120904 09:42:38.489 UTC
#      unix : 1346751758.489782
#       ntp : LOCK -521 301117 282
#       seq : 26772703
#       mul : 0 [A]
#      site : 01
#    latlon : 45.5749 -94.3965 370.0
#      text : Collegeville
#     label : 
#     plate : metal_20100816_20100506-404-gd3
#      geom : 640 480
#    reject : 0
#
#  fr    time   sum     seq       cx       cy      th      phi    lsp    mag  flag
   29  -0.234  2773 26772696  504.185  277.981  53.027  152.538  -6.03   0.79  0000
   31  -0.167  3001 26772698  507.889  276.735  54.042  152.050  -6.68   0.14  0000
   32  -0.133  4185 26772699  510.940  276.648  54.917  151.921  -7.32  -0.50  0000
   33  -0.100  3935 26772700  511.771  275.961  55.132  151.703  -7.91  -1.09  0000
   34  -0.067  4047 26772701  514.331  275.440  55.854  151.479  -8.17  -1.35  0000
   35  -0.033  6073 26772702  515.007  275.714  56.059  151.534  -8.70  -1.88  0000
   36   0.000  6351 26772703  517.767  275.305  56.847  151.340  -8.67  -1.85  0000
   37   0.033  6050 26772704  519.582  274.297  57.342  151.018  -8.56  -1.74  0000
   38   0.067  6009 26772705  522.177  274.086  58.092  150.892  -8.53  -1.71  0000
   39   0.100  6089 26772706  523.205  273.659  58.379  150.752  -8.65  -1.83  0000
   40   0.133  6206 26772707  525.637  273.655  59.092  150.690  -8.56  -1.74  0000
   41   0.167  5731 26772708  526.924  273.008  59.450  150.490  -8.65  -1.83  0000
   42   0.200  3558 26772709  527.824  272.165  59.690  150.251  -7.18  -0.36  0000
