#
#   version : 20090611
#    num_fr : 29
#      time : 20141007 02:06:10.774 UTC
#      unix : 1412647570.774334
#       ntp : LOCK 221 1141631 2735
#       seq : 127898829
#       mul : 0 [A]
#      site : 01
#    latlon : 45.5749 -94.3965 370.0
#      text : Collegeville
#     label : 
#     plate : metal_20100816_20100506-404-gd3
#      geom : 640 480
#    reject : 0
#
#  fr    time   sum     seq       cx       cy      th      phi    lsp    mag  flag
   30  -0.200  7240 127898823  217.696  314.272  30.442  -69.829  -9.60  -2.78  0000
   31  -0.167  7287 127898824  231.322  336.126  31.304  -82.282  -9.17  -2.35  0000
   32  -0.133  6815 127898825  249.729  358.742  33.069  -95.611  -9.48  -2.66  0000
   33  -0.100  6374 127898826  263.631  374.091  35.081 -104.178  -9.00  -2.18  0000
   34  -0.067  5570 127898827  280.004  389.041  37.560 -112.615  -9.37  -2.55  0000
   35  -0.033  6951 127898828  294.814  401.881  40.281 -119.206  -9.11  -2.29  0000
   36   0.000  8034 127898829  313.141  416.305  43.947 -126.144  -9.41  -2.59  0000
   37   0.033  7427 127898830  321.428  422.353  45.687 -128.913  -8.94  -2.12  0000
   38   0.067  4891 127898831  333.031  430.396  48.198 -132.466  -8.89  -2.07  0000
   39   0.100  5968 127898832  349.774  440.386  51.725 -137.073  -8.79  -1.97  0000
   40   0.133  5571 127898833  357.408  444.308  53.283 -139.015  -8.83  -2.01  0000
   41   0.167  6487 127898834  370.484  450.912  56.085 -142.100  -8.52  -1.70  0000
   42   0.200  4760 127898835  377.902  454.801  57.802 -143.705  -8.30  -1.48  0000
   43   0.234  4368 127898836  386.441  458.726  59.701 -145.491  -7.92  -1.10  0000
   44   0.267  4924 127898837  389.617  460.168  60.421 -146.130  -7.48  -0.66  0000
   45   0.300  3238 127898838  396.874  460.182  61.219 -147.861  -7.41  -0.59  0000
   47   0.367  3846 127898840  411.189  457.273  62.200 -151.474  -7.45  -0.63  0000
   48   0.400  3408 127898841  417.254  455.944  62.673 -152.981  -7.23  -0.41  0000
   49   0.434  3435 127898842  424.502  455.142  63.504 -154.654  -7.52  -0.70  0000
   50   0.467  3914 127898843  428.246  455.098  64.052 -155.454  -7.47  -0.65  0000
   51   0.501  6344 127898844  432.157  454.422  64.481 -156.358  -7.89  -1.07  0000
   53   0.567  3097 127898846  439.689  458.939  66.822 -157.307  -7.12  -0.30  0000
   54   0.601  3806 127898847  442.444  460.405  67.642 -157.661  -6.96  -0.14  0000
   55   0.634  4000 127898848  444.442  462.130  68.409 -157.829  -6.86  -0.04  0000
   56   0.667  2279 127898849  447.321  462.735  69.042 -158.303  -6.87  -0.05  0000
   57   0.701  3789 127898850  449.839  465.132  70.075 -158.472  -7.10  -0.28  0000
   58   0.734  2977 127898851  452.131  466.494  70.811 -158.725  -6.79   0.03  0000
   59   0.767  3730 127898852  454.150  468.100  71.567 -158.893  -7.09  -0.27  0000
   62   0.868  2523 127898855  461.234  470.435  73.407 -159.866  -6.61   0.21  0000
