#
#   version : 20090611
#    num_fr : 18
#      time : 20131101 11:54:26.051 UTC
#      unix : 1383306866.051095
#       ntp : LOCK 64 457084 634
#       seq : 171825223
#       mul : 0 [A]
#      site : 01
#    latlon : 45.5749 -94.3965 370.0
#      text : Collegeville
#     label : 
#     plate : metal_20100816_20100506-404-gd3
#      geom : 640 480
#    reject : 0
#
#  fr    time   sum     seq       cx       cy      th      phi    lsp    mag  flag
   29  -0.534  3516 171825207  459.240   34.995  71.542   88.858  -6.82  -0.00  0000
   30  -0.500  4516 171825208  461.810   35.017  71.997   89.335  -7.37  -0.55  0000
   31  -0.467  3976 171825209  462.326   35.037  72.086   89.432  -7.78  -0.96  0000
   32  -0.434  3781 171825210  464.687   34.838  72.565   89.837  -7.78  -0.96  0000
   33  -0.400  4214 171825211  464.809   35.792  72.353   89.983  -8.23  -1.41  0000
   34  -0.367  6412 171825212  465.072   35.794  72.401   90.031  -8.68  -1.86  0000
   35  -0.334  5111 171825213  467.776   35.560  72.959   90.487  -8.65  -1.83  0000
   36  -0.300  5243 171825214  468.318   35.628  73.043   90.593  -8.75  -1.93  0000
   37  -0.267  7650 171825215  470.354   36.031  73.328   91.008  -8.96  -2.14  0000
   38  -0.234  6357 171825216  471.571   36.143  73.531   91.238  -8.88  -2.06  0000
   39  -0.200  6068 171825217  472.743   36.479  73.673   91.488  -9.29  -2.47  0000
   40  -0.167  6321 171825218  474.467   36.474  74.006   91.789  -8.84  -2.02  0000
   41  -0.133  8068 171825219  475.203   37.653  73.864   92.075  -9.06  -2.24  0000
   42  -0.100  5435 171825220  477.295   37.642  74.275   92.434  -8.77  -1.95  0000
   43  -0.067  5517 171825221  478.311   37.739  74.451   92.621  -8.90  -2.08  0000
   44  -0.033  6616 171825222  478.571   38.131  74.408   92.719  -9.01  -2.19  0000
   45   0.000  9028 171825223  480.664   39.131  74.585   93.211  -9.83  -3.01  0000
   46   0.033  5251 171825224  481.898   37.989  75.103   93.263  -8.76  -1.94  0000
