#
#   version : 20090611
#    num_fr : 17
#      time : 20130818 10:20:58.118 UTC
#      unix : 1376821258.118450
#       ntp : LOCK -353 404747 583
#       seq : 82268605
#       mul : 0 [A]
#      site : 01
#    latlon : 45.5749 -94.3965 370.0
#      text : Collegeville
#     label : 
#     plate : metal_20100816_20100506-404-gd3
#      geom : 640 480
#    reject : 0
#
#  fr    time   sum     seq       cx       cy      th      phi    lsp    mag  flag
   29  -0.400  3619 82268593  497.910  235.070  50.827  139.889  -6.35   0.47  0000
   30  -0.367  3560 82268594  500.419  235.061  51.546  139.954  -7.00  -0.18  0000
   31  -0.334  4142 82268595  501.449  236.038  51.822  140.269  -7.90  -1.08  0000
   32  -0.300  4948 82268596  504.363  236.235  52.656  140.397  -7.90  -1.08  0000
   33  -0.267  4886 82268597  506.441  236.985  53.241  140.662  -8.15  -1.33  0000
   34  -0.234  5104 82268598  508.983  237.984  53.958  141.002  -8.10  -1.28  0000
   35  -0.200  4586 82268599  510.969  238.779  54.520  141.266  -8.32  -1.50  0000
   36  -0.167  5227 82268600  514.298  239.261  55.480  141.461  -8.21  -1.39  0000
   37  -0.133  3417 82268601  514.822  240.338  55.617  141.769  -8.19  -1.37  0000
   38  -0.100  3722 82268602  517.538  240.459  56.408  141.846  -8.24  -1.42  0000
   39  -0.067  4682 82268603  519.985  242.245  57.102  142.366  -8.30  -1.48  0000
   40  -0.033  5848 82268604  520.931  242.205  57.380  142.368  -8.35  -1.53  0000
   41   0.000  6235 82268605  523.683  243.082  58.179  142.637  -8.62  -1.80  0000
   42   0.033  5251 82268606  525.647  244.081  58.749  142.923  -8.36  -1.54  0000
   43   0.067  5164 82268607  528.052  244.776  59.453  143.130  -7.98  -1.16  0000
   44   0.100  5198 82268608  530.522  245.767  60.178  143.409  -8.31  -1.49  0000
   45   0.133  3539 82268609  530.105  245.999  60.053  143.465  -6.16   0.66  0000
