#
#   version : 20090611
#    num_fr : 13
#      time : 20130818 08:12:47.753 UTC
#      unix : 1376813567.753005
#       ntp : LOCK -136 661235 624
#       seq : 82038131
#       mul : 0 [A]
#      site : 01
#    latlon : 45.5749 -94.3965 370.0
#      text : Collegeville
#     label : 
#     plate : metal_20100816_20100506-404-gd3
#      geom : 640 480
#    reject : 0
#
#  fr    time   sum     seq       cx       cy      th      phi    lsp    mag  flag
   30  -0.300  2919 82038122  155.314  139.027  52.280   -2.306  -7.04  -0.22  0000
   31  -0.267  3591 82038123  154.566  139.138  52.442   -2.463  -7.59  -0.77  0000
   32  -0.234  3789 82038124  153.386  140.120  52.572   -2.900  -7.84  -1.02  0000
   33  -0.200  4054 82038125  150.653  140.674  53.152   -3.494  -8.08  -1.26  0000
   34  -0.167  4397 82038126  149.601  141.552  53.274   -3.878  -8.30  -1.48  0000
   35  -0.133  4865 82038127  148.141  142.446  53.497   -4.330  -8.54  -1.72  0000
   36  -0.100  5974 82038128  146.349  142.458  53.940   -4.621  -8.82  -2.00  0000
   37  -0.067  6391 82038129  144.808  143.246  54.206   -5.053  -8.98  -2.16  0000
   38  -0.033  6353 82038130  142.551  143.847  54.683   -5.547  -8.99  -2.17  0000
   39   0.000  7094 82038131  141.265  144.576  54.900   -5.916  -9.11  -2.29  0000
   40   0.033  6815 82038132  139.364  145.296  55.278   -6.373  -9.03  -2.21  0000
   41   0.067  4744 82038133  137.860  146.274  55.521   -6.826  -8.40  -1.58  0000
   42   0.100  3217 82038134  136.331  147.467  55.744   -7.331  -7.43  -0.61  0000
