#
#   version : 20090611
#    num_fr : 12
#      time : 20091127 10:26:03.567 UTC
#      unix : 1259317563.567176
#       ntp : LOCK -313 466881 2602
#       seq : 63668851
#       mul : 0 [A]
#      site : 01
#    latlon : 45.5749 -94.3965 370.0
#      text : Collegeville
#     label : 
#     plate : 
#      geom : 640 480
#    reject : 0
#
#  fr    time   sum     seq       cx       cy      th      phi    lsp    mag  flag
   30  -0.234  2499 63668844  219.025  253.161  24.903  -42.946  -6.62  -6.62  0000
   31  -0.200  2323 63668845  216.570  252.815  25.537  -42.475  -6.44  -6.44  0000
   32  -0.167  2832 63668846  215.671  251.964  25.739  -41.897  -7.14  -7.14  0000
   33  -0.133  3117 63668847  212.932  251.181  26.436  -41.196  -7.45  -7.45  0000
   34  -0.100  3651 63668848  212.574  250.208  26.496  -40.626  -7.89  -7.89  0000
   35  -0.067  3885 63668849  210.117  249.695  27.134  -40.143  -8.02  -8.02  0000
   36  -0.033  3758 63668850  207.878  248.884  27.707  -39.540  -8.00  -8.00  0000
   37   0.000  3892 63668851  206.476  247.383  28.040  -38.652  -7.85  -7.85  0000
   38   0.033  3309 63668852  204.840  247.435  28.481  -38.577  -7.62  -7.62  0000
   39   0.067  3220 63668853  202.719  246.768  29.034  -38.110  -7.42  -7.42  0000
   40   0.100  2662 63668854  200.942  245.730  29.489  -37.491  -7.02  -7.02  0000
   41   0.133  2338 63668855  199.954  244.610  29.733  -36.884  -6.46  -6.46  0000
