#
#   version : 20090611
#    num_fr : 25
#      time : 20120827 04:42:22.194 UTC
#      unix : 1346042542.194255
#       ntp : LOCK -908 89723 512
#       seq : 5517855
#       mul : 0 [A]
#      site : 01
#    latlon : 45.5749 -94.3965 370.0
#      text : Collegeville
#     label : 
#     plate : metal_20100816_20100506-404-gd3
#      geom : 640 480
#    reject : 0
#
#  fr    time   sum     seq       cx       cy      th      phi    lsp    mag  flag
   29  -0.667  3915 5517835  280.836  403.997  41.498 -114.114  -6.63   0.19  0000
   30  -0.634  3079 5517836  279.718  404.855  41.794 -113.770  -6.60   0.22  0000
   31  -0.601  4148 5517837  277.287  405.283  42.061 -112.928  -6.83  -0.01  0000
   32  -0.567  4531 5517838  276.363  406.234  42.375 -112.672  -7.28  -0.46  0000
   33  -0.534  4025 5517839  275.184  407.423  42.772 -112.349  -7.41  -0.59  0000
   34  -0.501  5346 5517840  274.905  408.831  43.168 -112.362  -7.84  -1.02  0000
   35  -0.467  4645 5517841  274.835  409.236  43.282 -112.369  -7.86  -1.04  0000
   36  -0.434  5068 5517842  273.661  410.089  43.590 -112.030  -8.20  -1.38  0000
   37  -0.400  4509 5517843  271.566  410.489  43.846 -111.344  -8.05  -1.23  0000
   38  -0.367  6503 5517844  270.393  411.325  44.155 -111.014  -8.37  -1.55  0000
   39  -0.334  6068 5517845  268.744  413.010  44.729 -110.603  -8.36  -1.54  0000
   40  -0.300  6467 5517846  268.018  413.942  45.034 -110.441  -8.77  -1.95  0000
   41  -0.267  6304 5517847  267.313  414.276  45.177 -110.237  -8.40  -1.58  0000
   42  -0.234  7077 5517848  266.042  415.223  45.530 -109.902  -8.76  -1.94  0000
   43  -0.200  6425 5517849  265.721  415.830  45.718 -109.851  -8.79  -1.97  0000
   44  -0.167  7203 5517850  263.831  417.384  46.286 -109.377  -8.72  -1.90  0000
   45  -0.133  6000 5517851  262.956  418.196  46.575 -109.170  -8.64  -1.82  0000
   46  -0.100  6497 5517852  261.701  419.189  46.946 -108.861  -8.45  -1.63  0000
   47  -0.067  7599 5517853  260.737  420.013  47.248 -108.633  -8.87  -2.05  0000
   48  -0.033  6726 5517854  260.281  420.634  47.453 -108.547  -8.88  -2.06  0000
   49   0.000  8115 5517855  258.857  421.449  47.795 -108.180  -9.00  -2.18  0000
   50   0.033  6541 5517856  256.921  422.983  48.377 -107.728  -8.57  -1.75  0000
   51   0.067  5335 5517857  256.763  423.414  48.506 -107.721  -8.29  -1.47  0000
   52   0.100  4779 5517858  255.707  424.311  48.841 -107.485  -8.21  -1.39  0000
   53   0.133  3969 5517859  255.170  425.046  49.087 -107.393  -7.62  -0.80  0000
