#
#   version : 20090611
#    num_fr : 15
#      time : 20120827 04:08:56.387 UTC
#      unix : 1346040536.387708
#       ntp : LOCK -1291 118396 526
#       seq : 5457741
#       mul : 0 [A]
#      site : 01
#    latlon : 45.5749 -94.3965 370.0
#      text : Collegeville
#     label : 
#     plate : metal_20100816_20100506-404-gd3
#      geom : 640 480
#    reject : 0
#
#  fr    time   sum     seq       cx       cy      th      phi    lsp    mag  flag
   30  -0.267  2460 5457733  368.298  166.174  26.532   88.579  -6.32   0.50  0000
   31  -0.234  2660 5457734  368.323  168.421  26.049   89.330  -6.52   0.30  0000
   32  -0.200  2752 5457735  370.137  170.701  25.853   90.979  -6.88  -0.06  0000
   33  -0.167  2926 5457736  369.697  172.732  25.354   91.492  -6.80   0.02  0000
   34  -0.133  2990 5457737  370.296  176.840  24.605   93.318  -7.20  -0.38  0000
   35  -0.100  3132 5457738  371.004  179.902  24.111   94.875  -7.26  -0.44  0000
   36  -0.067  3289 5457739  371.432  182.237  23.726   96.052  -7.37  -0.55  0000
   37  -0.033  3450 5457740  371.401  186.246  22.948   97.791  -7.75  -0.93  0000
   38   0.000  4221 5457741  372.738  188.726  22.737   99.572  -8.05  -1.23  0000
   39   0.033  4219 5457742  371.768  192.605  21.844  100.994  -7.86  -1.04  0000
   40   0.067  3930 5457743  373.568  194.662  21.842  102.884  -7.85  -1.03  0000
   41   0.100  3746 5457744  373.794  198.195  21.290  104.858  -7.76  -0.94  0000
   42   0.133  3742 5457745  374.518  202.565  20.741  107.635  -7.68  -0.86  0000
   43   0.167  3174 5457746  374.415  204.519  20.419  108.738  -7.36  -0.54  0000
   44   0.200  2263 5457747  375.711  208.129  20.180  111.482  -5.67   1.15  0000
