#
#   version : 20090611
#    num_fr : 58
#      time : 20110228 04:57:00.210 UTC
#      unix : 1298869020.210389
#       ntp : LOCK -477 769905 401
#       seq : 119987555
#       mul : 0 [A]
#      site : 01
#    latlon : 45.5749 -94.3965 370.0
#      text : Collegeville
#     label : 
#     plate : metal_20100816_20100506-404-gd3
#      geom : 640 480
#    reject : 0
#
#  fr    time   sum     seq       cx       cy      th      phi    lsp    mag  flag
   29  -1.101  1241 119987522  463.791  440.497  66.632 -164.475  -5.82  -5.82  0000
   30  -1.068  1458 119987523  463.937  440.859  66.744 -164.446  -5.96  -5.96  0000
   31  -1.034  1828 119987524  465.179  440.256  66.845 -164.762  -6.75  -6.75  0000
   32  -1.001  1899 119987525  465.556  440.405  66.953 -164.806  -6.80  -6.80  0000
   33  -0.968  2100 119987526  466.916  440.719  67.290 -165.002  -6.97  -6.97  0000
   34  -0.934  2120 119987527  468.209  440.290  67.446 -165.296  -7.12  -7.12  0000
   35  -0.901  2571 119987528  468.555  440.651  67.597 -165.302  -7.35  -7.35  0000
   36  -0.868  2443 119987529  470.404  440.753  67.986 -165.611  -7.45  -7.45  0000
   37  -0.834  2907 119987530  470.971  440.856  68.122 -165.694  -7.63  -7.63  0000
   38  -0.801  2927 119987531  471.709  440.450  68.177 -165.884  -7.80  -7.80  0000
   39  -0.767  3011 119987532  472.555  440.489  68.356 -166.025  -7.74  -7.74  0000
   40  -0.734  3431 119987533  473.762  440.880  68.688 -166.172  -7.94  -7.94  0000
   41  -0.701  3286 119987534  475.222  440.779  68.960 -166.437  -8.03  -8.03  0000
   42  -0.667  4282 119987535  475.813  440.785  69.082 -166.536  -8.44  -8.44  0000
   43  -0.634  4384 119987536  476.460  440.708  69.196 -166.657  -8.66  -8.66  0000
   44  -0.601  5324 119987537  477.774  440.829  69.492 -166.860  -8.75  -8.75  0000
   45  -0.567  5473 119987538  478.784  441.086  69.758 -166.989  -8.90  -8.90  0000
   46  -0.534  5984 119987539  479.600  440.943  69.895 -167.147  -9.11  -9.11  0000
   47  -0.501  5952 119987540  480.074  440.616  69.919 -167.275  -9.16  -9.16  0000
   48  -0.467  6829 119987541  481.697  440.929  70.327 -167.495  -9.17  -9.17  0000
   49  -0.434  6530 119987542  482.612  440.795  70.489 -167.665  -9.23  -9.23  0000
   50  -0.400  5965 119987543  483.063  440.594  70.538 -167.769  -9.11  -9.11  0000
   51  -0.367  6680 119987544  483.925  440.187  70.629 -167.972  -9.33  -9.33  0000
   52  -0.334  6539 119987545  485.521  440.877  71.120 -168.122  -9.13  -9.13  0000
   53  -0.300  6309 119987546  486.354  440.634  71.243 -168.293  -9.08  -9.08  0000
   54  -0.267  6130 119987547  486.874  440.218  71.262 -168.441  -9.18  -9.18  0000
   55  -0.234  6666 119987548  487.841  440.134  71.450 -168.607  -9.26  -9.26  0000
   56  -0.200  6535 119987549  489.298  440.640  71.875 -168.759  -9.14  -9.14  0000
   57  -0.167  6374 119987550  489.825  440.426  71.941 -168.874  -9.13  -9.13  0000
   58  -0.133  6812 119987551  490.301  440.116  71.976 -168.997  -9.39  -9.39  0000
   59  -0.100  6858 119987552  492.078  439.880  72.310 -169.310  -9.27  -9.27  0000
   60  -0.067  6078 119987553  492.632  439.683  72.388 -169.426  -9.19  -9.19  0000
   61  -0.033  6126 119987554  493.082  439.439  72.433 -169.533  -9.36  -9.36  0000
   62   0.000  7966 119987555  494.508  439.832  72.831 -169.690  -9.47  -9.47  0000
   63   0.033  6994 119987556  495.825  439.804  73.116 -169.895  -9.28  -9.28  0000
   64   0.067  6187 119987557  496.491  439.659  73.232 -170.018  -9.22  -9.22  0000
   65   0.100  7049 119987558  496.777  439.301  73.218 -170.117  -9.47  -9.47  0000
   66   0.133  7486 119987559  497.962  439.571  73.540 -170.252  -9.39  -9.39  0000
   67   0.167  6661 119987560  499.312  439.488  73.824 -170.467  -9.19  -9.19  0000
   68   0.200  6306 119987561  499.701  439.394  73.891 -170.539  -9.25  -9.25  0000
   69   0.234  6844 119987562  500.183  439.006  73.916 -170.670  -9.45  -9.45  0000
   70   0.267  7534 119987563  501.544  439.189  74.262 -170.842  -9.34  -9.34  0000
   71   0.300  6765 119987564  502.696  439.521  74.595 -170.959  -9.20  -9.20  0000
   72   0.334  6653 119987565  503.295  438.756  74.566 -171.165  -9.27  -9.27  0000
   73   0.367  7073 119987566  503.649  438.521  74.597 -171.253  -9.40  -9.40  0000
   74   0.400  7223 119987567  504.025  438.108  74.594 -171.372  -9.51  -9.51  0000
   75   0.434  7364 119987568  505.833  438.788  75.154 -171.525  -9.20  -9.20  0000
   76   0.467  6777 119987569  506.313  438.744  75.255 -171.601  -9.18  -9.18  0000
   77   0.501  7225 119987570  506.804  438.553  75.327 -171.701  -9.35  -9.35  0000
   78   0.534  6855 119987571  507.010  438.394  75.341 -171.755  -9.38  -9.38  0000
   79   0.567  6569 119987572  507.777  438.026  75.440 -171.921  -9.24  -9.24  0000
   80   0.601  6032 119987573  509.062  438.243  75.785 -172.068  -8.94  -8.94  0000
   81   0.634  5564 119987574  509.386  438.271  75.866 -172.109  -8.81  -8.81  0000
   82   0.667  5043 119987575  509.759  438.015  75.899 -172.201  -8.80  -8.80  0000
   83   0.701  5623 119987576  510.264  437.773  75.966 -172.309  -8.96  -8.96  0000
   84   0.734  5413 119987577  510.670  437.663  76.037 -172.383  -8.93  -8.93  0000
   85   0.767  4516 119987578  511.124  437.277  76.062 -172.507  -8.70  -8.70  0000
   86   0.801  2312 119987579  511.535  437.549  76.216 -172.521  -7.37  -7.37  0000
