#
#   version : 20090611
#    num_fr : 18
#      time : 20120822 05:54:10.199 UTC
#      unix : 1345614850.199291
#       ntp : LOCK 203 642769 706
#       seq : 28759424
#       mul : 0 [A]
#      site : 01
#    latlon : 45.5749 -94.3965 370.0
#      text : Collegeville
#     label : 
#     plate : metal_20100816_20100506-404-gd3
#      geom : 640 480
#    reject : 0
#
#  fr    time   sum     seq       cx       cy      th      phi    lsp    mag  flag
   29  -0.367  1520 28759413  333.405  314.913  17.749 -144.864  -6.05   0.77  0000
   31  -0.300  1783 28759415  336.093  314.607  17.919 -147.102  -6.16   0.66  0000
   32  -0.267  2071 28759416  337.906  312.888  17.685 -149.079  -6.73   0.09  0000
   33  -0.234  2165 28759417  338.309  313.074  17.773 -149.334  -6.78   0.04  0000
   34  -0.200  2702 28759418  341.192  312.044  17.849 -151.928  -7.32  -0.50  0000
   35  -0.167  2374 28759419  341.339  311.637  17.771 -152.190  -7.12  -0.30  0000
   36  -0.133  2969 28759420  344.466  311.097  18.032 -154.749  -7.44  -0.62  0000
   37  -0.100  3025 28759421  345.806  309.929  17.943 -156.210  -7.52  -0.70  0000
   38  -0.067  2648 28759422  346.957  309.086  17.912 -157.407  -7.66  -0.84  0000
   39  -0.033  3045 28759423  347.696  308.338  17.851 -158.268  -7.47  -0.65  0000
   40   0.000  3077 28759424  350.324  307.991  18.162 -160.274  -7.62  -0.80  0000
   41   0.033  2717 28759425  351.290  307.011  18.099 -161.398  -7.56  -0.74  0000
   42   0.067  2986 28759426  353.488  305.928  18.222 -163.402  -7.24  -0.42  0000
   43   0.100  2624 28759427  354.243  305.577  18.273 -164.073  -7.44  -0.62  0000
   44   0.133  2524 28759428  356.408  304.229  18.367 -166.154  -7.13  -0.31  0000
   45   0.167  2460 28759429  358.781  303.472  18.636 -168.017  -6.94  -0.12  0000
   46   0.200  1880 28759430  359.708  303.304  18.772 -168.662  -6.71   0.11  0000
   47   0.234  1785 28759431  361.020  302.001  18.766 -170.141  -6.04   0.78  0000
