#
#   version : 20090611
#    num_fr : 13
#      time : 20120822 08:14:30.291 UTC
#      unix : 1345623270.291496
#       ntp : LOCK -632 763626 554
#       seq : 29011774
#       mul : 0 [A]
#      site : 01
#    latlon : 45.5749 -94.3965 370.0
#      text : Collegeville
#     label : 
#     plate : metal_20100816_20100506-404-gd3
#      geom : 640 480
#    reject : 0
#
#  fr    time   sum     seq       cx       cy      th      phi    lsp    mag  flag
   30  -0.367  1812 29011763  506.359  320.913  56.570  164.139  -6.16   0.66  0000
   31  -0.334  1912 29011764  508.117  322.308  57.189  164.340  -6.40   0.42  0000
   32  -0.300  1982 29011765  508.323  324.226  57.434  164.808  -6.53   0.29  0000
   33  -0.267  2102 29011766  510.511  325.791  58.193  165.004  -6.42   0.40  0000
   34  -0.234  2048 29011767  510.472  327.424  58.348  165.414  -6.80   0.02  0000
   35  -0.200  2388 29011768  511.650  329.096  58.844  165.719  -7.22  -0.40  0000
   36  -0.167  2782 29011769  512.042  330.908  59.142  166.126  -7.30  -0.48  0000
   37  -0.133  2689 29011770  514.117  332.653  59.899  166.356  -7.58  -0.76  0000
   38  -0.100  2478 29011771  514.627  334.680  60.258  166.794  -7.42  -0.60  0000
   39  -0.067  2647 29011772  515.621  336.699  60.754  167.180  -7.50  -0.68  0000
   40  -0.033  2772 29011773  516.900  338.542  61.312  167.492  -7.58  -0.76  0000
   41   0.000  4396 29011774  517.941  340.417  61.811  167.829  -8.42  -1.60  0000
   42   0.033  1652 29011775  517.301  341.998  61.818  168.258  -6.22   0.60  0000
