#
#   version : 20090611
#    num_fr : 13
#      time : 20131002 02:06:18.271 UTC
#      unix : 1380679578.271986
#       ntp : LOCK -21 249569 444
#       seq : 93087177
#       mul : 0 [A]
#      site : 01
#    latlon : 45.5749 -94.3965 370.0
#      text : Collegeville
#     label : 
#     plate : metal_20100816_20100506-404-gd3
#      geom : 640 480
#    reject : 0
#
#  fr    time   sum     seq       cx       cy      th      phi    lsp    mag  flag
   29  -0.033  2152 93087176  130.065  165.041  55.114  -12.458  -6.41   0.41  0000
   30   0.000  2577 93087177  128.195  167.212  55.367  -13.228  -6.80   0.02  0000
   32   0.067  2326 93087179  125.473  168.563  55.954  -13.884  -6.51   0.31  0000
   33   0.100  2285 93087180  123.540  170.630  56.255  -14.618  -6.62   0.20  0000
   34   0.133  2171 93087181  122.744  172.030  56.324  -15.056  -6.19   0.63  0000
   35   0.167  2450 93087182  121.207  172.950  56.651  -15.451  -6.54   0.28  0000
   36   0.200  2437 93087183  120.947  174.328  56.579  -15.823  -6.94  -0.12  0000
   37   0.234  2298 93087184  119.741  176.451  56.699  -16.481  -6.67   0.15  0000
   38   0.267  2369 93087185  118.521  178.037  56.883  -17.002  -6.36   0.46  0000
   39   0.300  2248 93087186  116.352  179.823  57.319  -17.661  -6.00   0.82  0000
   40   0.334  2429 93087187  114.930  181.044  57.606  -18.100  -6.57   0.25  0000
   41   0.367  2186 93087188  113.776  182.283  57.819  -18.516  -6.38   0.44  0000
   42   0.400  1743 93087189  111.954  183.877  58.193  -19.076  -5.93   0.89  0000
