#
#   version : 20090611
#    num_fr : 18
#      time : 20131002 03:28:24.399 UTC
#      unix : 1380684504.399821
#       ntp : LOCK 205 664155 348
#       seq : 93234811
#       mul : 0 [A]
#      site : 01
#    latlon : 45.5749 -94.3965 370.0
#      text : Collegeville
#     label : 
#     plate : metal_20100816_20100506-404-gd3
#      geom : 640 480
#    reject : 0
#
#  fr    time   sum     seq       cx       cy      th      phi    lsp    mag  flag
   30  -0.467  1596 93234797  233.953  313.711  26.727  -74.717  -5.91   0.91  0000
   31  -0.434  1661 93234798  233.585  314.376  26.916  -74.874  -5.75   1.07  0000
   33  -0.367  1504 93234800  228.084  318.351  28.761  -74.650  -5.90   0.92  0000
   34  -0.334  1524 93234801  225.473  319.065  29.445  -74.088  -5.84   0.98  0000
   35  -0.300  1642 93234802  223.341  321.183  30.258  -74.248  -6.04   0.78  0000
   36  -0.267  1819 93234803  222.063  321.951  30.663  -74.149  -6.33   0.49  0000
   37  -0.234  1789 93234804  220.635  323.509  31.232  -74.304  -6.06   0.76  0000
   38  -0.200  1994 93234805  217.855  325.353  32.145  -74.159  -6.19   0.63  0000
   39  -0.167  1665 93234806  216.630  326.044  32.528  -74.054  -6.28   0.54  0000
   41  -0.100  1704 93234808  211.441  329.000  34.158  -73.643  -6.44   0.38  0000
   42  -0.067  1748 93234809  210.008  330.264  34.684  -73.689  -6.58   0.24  0000
   43  -0.033  1865 93234810  207.603  331.962  35.497  -73.624  -6.54   0.28  0000
   44   0.000  2119 93234811  205.918  333.660  36.151  -73.746  -6.55   0.27  0000
   45   0.033  1670 93234812  202.825  334.857  37.038  -73.348  -6.12   0.70  0000
   46   0.067  1718 93234813  201.244  336.017  37.583  -73.325  -6.36   0.46  0000
   47   0.100  1923 93234814  198.860  337.164  38.307  -73.105  -6.41   0.41  0000
   48   0.133  1400 93234815  197.386  338.919  38.927  -73.295  -6.27   0.55  0000
   49   0.167  1769 93234816  195.789  339.928  39.453  -73.226  -6.23   0.59  0000
