#
#   version : 20090611
#    num_fr : 12
#      time : 20131002 10:11:33.732 UTC
#      unix : 1380708693.732224
#       ntp : LOCK 312 1056142 1313
#       seq : 93959750
#       mul : 0 [A]
#      site : 01
#    latlon : 45.5749 -94.3965 370.0
#      text : Collegeville
#     label : 
#     plate : metal_20100816_20100506-404-gd3
#      geom : 640 480
#    reject : 0
#
#  fr    time   sum     seq       cx       cy      th      phi    lsp    mag  flag
   30  -0.234  1958 93959743   78.146  234.835  65.568  -33.268  -6.11   0.71  0000
   32  -0.167  2173 93959745   77.183  231.522  65.932  -32.514  -6.06   0.76  0000
   33  -0.133  1964 93959746   77.130  229.815  65.988  -32.118  -6.10   0.72  0000
   34  -0.100  2556 93959747   77.104  228.358  66.033  -31.779  -6.53   0.29  0000
   36  -0.033  2659 93959749   76.980  225.177  66.161  -31.045  -6.89  -0.07  0000
   37   0.000  2864 93959750   76.735  223.619  66.285  -30.691  -7.04  -0.22  0000
   38   0.033  2720 93959751   76.867  221.767  66.306  -30.259  -6.94  -0.12  0000
   39   0.067  2583 93959752   75.894  219.700  66.678  -29.816  -7.01  -0.19  0000
   40   0.100  2759 93959753   75.417  217.667  66.902  -29.367  -6.78   0.04  0000
   42   0.167  2054 93959755   75.295  215.194  67.040  -28.808  -6.22   0.60  0000
   43   0.200  2191 93959756   76.491  213.180  66.760  -28.302  -5.90   0.92  0000
   45   0.267  2156 93959758   74.689  208.968  67.511  -27.422  -5.99   0.83  0000
