#
#   version : 20090611
#    num_fr : 17
#      time : 20110421 08:18:14.370 UTC
#      unix : 1303373894.370612
#       ntp : LOCK 830 1018015 475
#       seq : 254998721
#       mul : 0 [A]
#      site : 01
#    latlon : 45.5749 -94.3965 370.0
#      text : Collegeville
#     label : 
#     plate : metal_20100816_20100506-404-gd3
#      geom : 640 480
#    reject : 0
#
#  fr    time   sum     seq       cx       cy      th      phi    lsp    mag  flag
   30  -0.267  2994 254998713  158.087   71.978  64.572   11.279  -6.29  -6.29  0000
   31  -0.234  4907 254998714  158.047   71.808  64.617   11.298  -6.74  -6.74  0000
   32  -0.200  3263 254998715  157.731   71.470  64.757   11.291  -6.98  -6.98  0000
   33  -0.167  3061 254998716  156.028   70.921  65.226   11.056  -6.96  -6.96  0000
   34  -0.133  3821 254998717  155.976   69.963  65.449   11.195  -7.40  -7.40  0000
   35  -0.100  4429 254998718  154.292   68.932  66.023   11.041  -7.45  -7.45  0000
   36  -0.067  4271 254998719  154.047   68.699  66.125   11.031  -7.42  -7.42  0000
   37  -0.033  4674 254998720  153.748   68.695  66.187   10.977  -7.65  -7.65  0000
   38   0.000  6849 254998721  152.361   67.226  66.800   10.946  -8.24  -8.24  0000
   39   0.033  4628 254998722  151.605   67.406  66.917   10.781  -8.41  -8.41  0000
   40   0.067  4987 254998723  151.334   66.002  67.284   10.945  -8.40  -8.40  0000
   41   0.100  4671 254998724  150.920   65.752  67.426   10.907  -8.32  -8.32  0000
   42   0.133  6778 254998725  149.274   64.866  67.966   10.743  -8.23  -8.23  0000
   43   0.167  3966 254998726  149.204   64.702  68.017   10.756  -8.08  -8.08  0000
   44   0.200  4394 254998727  149.654   63.922  68.097   10.953  -7.79  -7.79  0000
   45   0.234  4553 254998728  147.151   62.987  68.829   10.645  -7.97  -7.97  0000
   46   0.267  5846 254998729  146.985   62.740  68.919   10.652  -8.37  -8.37  0000
