#
#   version : 20090611
#    num_fr : 17
#      time : 20121223 01:13:10.132 UTC
#      unix : 1356225190.132048
#       ntp : LOCK -784 716448 533
#       seq : 24514977
#       mul : 0 [A]
#      site : 01
#    latlon : 45.5749 -94.3965 370.0
#      text : Collegeville
#     label : 
#     plate : metal_20100816_20100506-404-gd3
#      geom : 640 480
#    reject : 0
#
#  fr    time   sum     seq       cx       cy      th      phi    lsp    mag  flag
   29  -0.434  3060 24514964  237.075  453.251  58.471 -105.036  -7.01  -0.19  0000
   30  -0.400  3581 24514965  236.468  454.173  58.786 -104.967  -7.02  -0.20  0000
   31  -0.367  3310 24514966  235.256  455.097  59.168 -104.749  -7.20  -0.38  0000
   32  -0.334  3923 24514967  234.364  456.123  59.544 -104.621  -7.34  -0.52  0000
   33  -0.300  3233 24514968  234.840  457.322  59.819 -104.845  -7.50  -0.68  0000
   34  -0.267  4226 24514969  234.151  457.794  60.022 -104.718  -7.35  -0.53  0000
   35  -0.234  3907 24514970  233.829  458.478  60.244 -104.700  -7.68  -0.86  0000
   36  -0.200  4274 24514971  232.825  459.376  60.599 -104.536  -7.66  -0.84  0000
   37  -0.167  2915 24514972  231.896  460.047  60.885 -104.372  -7.65  -0.83  0000
   38  -0.133  4973 24514973  231.912  461.112  61.174 -104.470  -7.67  -0.85  0000
   39  -0.100  3790 24514974  230.610  462.001  61.563 -104.237  -7.35  -0.53  0000
   40  -0.067  4628 24514975  228.260  463.207  62.159 -103.789  -7.35  -0.53  0000
   41  -0.033  3920 24514976  228.096  463.057  62.137 -103.737  -7.00  -0.18  0000
   42   0.000  5500 24514977  227.207  464.137  62.534 -103.626  -6.79   0.03  0000
   43   0.033  4560 24514978  227.031  464.378  62.620 -103.606  -7.12  -0.30  0000
   44   0.067  2553 24514979  226.004  466.316  63.270 -103.541  -6.42   0.40  0000
   45   0.100  3084 24514980  225.962  465.851  63.147 -103.490  -6.00   0.82  0000
