#
#   version : 20090611
#    num_fr : 12
#      time : 20121001 10:23:02.044 UTC
#      unix : 1349086982.044872
#       ntp : LOCK 2683 286364 5122
#       seq : 96758650
#       mul : 0 [A]
#      site : 01
#    latlon : 45.5749 -94.3965 370.0
#      text : Collegeville
#     label : 
#     plate : metal_20100816_20100506-404-gd3
#      geom : 640 480
#    reject : 0
#
#  fr    time   sum     seq       cx       cy      th      phi    lsp    mag  flag
   29  -0.133  3243 96758646  485.416  220.640  47.765  134.936  -8.21  -1.39  0000
   30  -0.100  5612 96758647  486.824  221.824  48.109  135.384  -8.75  -1.93  0000
   31  -0.067  3655 96758648  487.390  222.202  48.252  135.532  -8.67  -1.85  0000
   32  -0.033  6096 96758649  487.563  223.955  48.228  136.089  -9.01  -2.19  0000
   33   0.000  8399 96758650  487.700  224.213  48.257  136.177  -8.92  -2.10  0000
   34   0.033  5716 96758651  488.891  226.258  48.516  136.871  -8.99  -2.17  0000
   35   0.067  6463 96758652  490.337  227.904  48.868  137.445  -8.94  -2.12  0000
   36   0.100  5339 96758653  490.519  228.504  48.900  137.639  -8.91  -2.09  0000
   37   0.133  3374 96758654  491.652  230.394  49.163  138.267  -8.54  -1.72  0000
   38   0.167  4032 96758655  492.515  231.971  49.364  138.784  -8.39  -1.57  0000
   39   0.200  4166 96758656  494.060  233.985  49.753  139.451  -8.51  -1.69  0000
   40   0.234  2774 96758657  494.416  234.355  49.846  139.575  -8.07  -1.25  0000
