#
#   version : 20090611
#    num_fr : 22
#      time : 20130809 03:45:39.571 UTC
#      unix : 1376019939.571255
#       ntp : LOCK -978 625717 1104
#       seq : 58253601
#       mul : 0 [A]
#      site : 01
#    latlon : 45.5749 -94.3965 370.0
#      text : Collegeville
#     label : 
#     plate : metal_20100816_20100506-404-gd3
#      geom : 640 480
#    reject : 0
#
#  fr    time   sum     seq       cx       cy      th      phi    lsp    mag  flag
   30  -0.534  1540 58253585  531.190  292.993  61.550  155.417  -5.33   1.49  0000
   35  -0.367  1874 58253590  533.442  303.158  62.826  157.797  -6.15   0.67  0000
   36  -0.334  2022 58253591  533.861  305.752  63.125  158.398  -6.12   0.70  0000
   37  -0.300  2074 58253592  534.154  307.939  63.365  158.905  -6.53   0.29  0000
   38  -0.267  2341 58253593  533.935  308.729  63.359  159.106  -6.59   0.23  0000
   39  -0.234  2084 58253594  534.164  312.011  63.672  159.872  -6.20   0.62  0000
   40  -0.200  1939 58253595  533.815  313.980  63.725  160.359  -6.81   0.01  0000
   41  -0.167  2447 58253596  534.695  316.812  64.210  160.967  -6.75   0.07  0000
   42  -0.133  2077 58253597  534.196  318.640  64.219  161.427  -6.82   0.00  0000
   43  -0.100  2149 58253598  534.237  320.629  64.402  161.886  -6.83  -0.01  0000
   44  -0.067  2356 58253599  533.136  322.506  64.251  162.399  -6.69   0.13  0000
   45  -0.033  2360 58253600  534.281  324.583  64.768  162.796  -7.01  -0.19  0000
   46   0.000  2692 58253601  534.256  326.553  64.944  163.249  -7.26  -0.44  0000
   47   0.033  2500 58253602  534.460  328.860  65.222  163.760  -7.00  -0.18  0000
   48   0.067  2436 58253603  534.082  330.670  65.290  164.199  -6.99  -0.17  0000
   49   0.100  2432 58253604  534.137  332.732  65.512  164.660  -7.04  -0.22  0000
   50   0.133  2426 58253605  533.407  335.009  65.538  165.229  -7.01  -0.19  0000
   51   0.167  2590 58253606  533.946  336.986  65.898  165.627  -7.28  -0.46  0000
   52   0.200  2252 58253607  534.111  338.401  66.095  165.927  -6.59   0.23  0000
   53   0.234  2138 58253608  533.777  341.752  66.367  166.694  -6.42   0.40  0000
   54   0.267  2271 58253609  533.255  344.326  66.510  167.303  -6.67   0.15  0000
   55   0.300  1802 58253610  532.586  345.824  66.494  167.688  -6.15   0.67  0000
