#
#   version : 20090611
#    num_fr : 13
#      time : 20130809 09:00:49.994 UTC
#      unix : 1376038849.994625
#       ntp : LOCK -557 360293 665
#       seq : 58820334
#       mul : 0 [A]
#      site : 01
#    latlon : 45.5749 -94.3965 370.0
#      text : Collegeville
#     label : 
#     plate : metal_20100816_20100506-404-gd3
#      geom : 640 480
#    reject : 0
#
#  fr    time   sum     seq       cx       cy      th      phi    lsp    mag  flag
   29  -0.334  2177 58820324  576.453  189.994  76.167  132.064  -6.48   0.34  0000
   30  -0.300  2549 58820325  577.956  191.136  76.558  132.369  -6.86  -0.04  0000
   31  -0.267  2864 58820326  578.089  191.301  76.589  132.409  -7.25  -0.43  0000
   32  -0.234  3287 58820327  578.699  192.351  76.711  132.652  -7.76  -0.94  0000
   33  -0.200  4512 58820328  579.245  192.522  76.871  132.712  -8.30  -1.48  0000
   34  -0.167  5008 58820329  579.549  192.879  76.943  132.798  -8.50  -1.68  0000
   35  -0.133  5619 58820330  580.811  193.705  77.285  133.024  -8.86  -2.04  0000
   36  -0.100  6073 58820331  581.163  194.157  77.368  133.131  -9.19  -2.37  0000
   37  -0.067  7345 58820332  581.292  194.575  77.383  133.221  -9.53  -2.71  0000
   38  -0.033  7579 58820333  582.307  194.753  77.690  133.302  -9.74  -2.92  0000
   39   0.000  9154 58820334  582.914  195.002  77.865  133.379  -9.85  -3.03  0000
   40   0.033  7369 58820335  583.638  195.867  78.041  133.584  -9.38  -2.56  0000
   41   0.067  3119 58820336  583.626  196.438  78.004  133.699  -7.54  -0.72  0000
