#
#   version : 20090611
#    num_fr : 19
#      time : 20130809 07:37:03.965 UTC
#      unix : 1376033823.965326
#       ntp : LOCK -288 379265 704
#       seq : 58669706
#       mul : 0 [A]
#      site : 01
#    latlon : 45.5749 -94.3965 370.0
#      text : Collegeville
#     label : 
#     plate : metal_20100816_20100506-404-gd3
#      geom : 640 480
#    reject : 0
#
#  fr    time   sum     seq       cx       cy      th      phi    lsp    mag  flag
   29  -0.434  1740 58669693  158.170  299.244  43.917  -53.747  -5.89   0.93  0000
   30  -0.400  2203 58669694  158.960  297.841  43.587  -53.366  -6.75   0.07  0000
   31  -0.367  2179 58669695  159.603  297.129  43.355  -53.195  -6.69   0.13  0000
   32  -0.334  2804 58669696  158.450  295.598  43.550  -52.571  -7.31  -0.49  0000
   33  -0.300  3301 58669697  158.869  295.081  43.396  -52.440  -7.74  -0.92  0000
   34  -0.267  3588 58669698  159.090  293.715  43.233  -52.003  -8.07  -1.25  0000
   35  -0.234  4318 58669699  159.079  292.987  43.182  -51.757  -8.28  -1.46  0000
   36  -0.200  3606 58669700  159.437  292.051  43.016  -51.475  -8.22  -1.40  0000
   37  -0.167  3836 58669701  159.770  291.180  42.863  -51.210  -8.35  -1.53  0000
   38  -0.133  3949 58669702  160.428  289.812  42.586  -50.802  -8.34  -1.52  0000
   39  -0.100  4438 58669703  160.861  288.988  42.411  -50.556  -8.51  -1.69  0000
   40  -0.067  3794 58669704  160.808  287.698  42.340  -50.107  -8.25  -1.43  0000
   41  -0.033  4822 58669705  161.280  286.605  42.140  -49.767  -8.64  -1.82  0000
   42   0.000  4990 58669706  161.865  285.476  41.907  -49.421  -8.63  -1.81  0000
   43   0.033  4862 58669707  161.407  284.145  41.953  -48.918  -8.64  -1.82  0000
   44   0.067  4410 58669708  161.378  283.273  41.910  -48.610  -8.54  -1.72  0000
   45   0.100  4548 58669709  162.019  281.641  41.640  -48.082  -8.53  -1.71  0000
   46   0.133  3755 58669710  162.587  280.696  41.430  -47.787  -8.06  -1.24  0000
   47   0.167  2424 58669711  162.516  279.814  41.403  -47.468  -7.19  -0.37  0000
