#
#   version : 20090611
#    num_fr : 13
#      time : 20130809 05:21:36.332 UTC
#      unix : 1376025696.332367
#       ntp : LOCK -62 432056 884
#       seq : 58426126
#       mul : 0 [A]
#      site : 01
#    latlon : 45.5749 -94.3965 370.0
#      text : Collegeville
#     label : 
#     plate : metal_20100816_20100506-404-gd3
#      geom : 640 480
#    reject : 0
#
#  fr    time   sum     seq       cx       cy      th      phi    lsp    mag  flag
   29  -0.234  2193 58426119  415.068  196.662  30.963  117.363  -6.56   0.26  0000
   30  -0.200  2059 58426120  417.170  198.479  31.266  118.611  -6.60   0.22  0000
   31  -0.167  2251 58426121  418.370  202.310  31.140  120.535  -7.16  -0.34  0000
   32  -0.133  2412 58426122  420.517  204.330  31.471  121.842  -7.02  -0.20  0000
   33  -0.100  2361 58426123  421.377  207.922  31.341  123.597  -7.12  -0.30  0000
   34  -0.067  2548 58426124  423.253  211.386  31.515  125.466  -7.13  -0.31  0000
   35  -0.033  2558 58426125  424.818  214.405  31.675  127.068  -7.43  -0.61  0000
   36   0.000  2951 58426126  425.169  216.570  31.602  128.102  -7.55  -0.73  0000
   37   0.033  2751 58426127  427.730  220.578  32.004  130.254  -7.71  -0.89  0000
   38   0.067  2736 58426128  429.329  223.865  32.232  131.927  -7.66  -0.84  0000
   39   0.100  2727 58426129  430.133  226.657  32.298  133.279  -7.58  -0.76  0000
   40   0.133  2298 58426130  432.410  230.265  32.746  135.111  -7.29  -0.47  0000
   41   0.167  1658 58426131  432.557  231.958  32.717  135.889  -6.14   0.68  0000
