#
#   version : 20090611
#    num_fr : 13
#      time : 20120815 05:14:35.181 UTC
#      unix : 1345007675.181434
#       ntp : LOCK 443 920820 317
#       seq : 10562570
#       mul : 0 [A]
#      site : 01
#    latlon : 45.5749 -94.3965 370.0
#      text : Collegeville
#     label : 
#     plate : metal_20100816_20100506-404-gd3
#      geom : 640 480
#    reject : 0
#
#  fr    time   sum     seq       cx       cy      th      phi    lsp    mag  flag
   29  -0.300  2064 10562561  484.579  288.513  48.007  156.683  -6.66   0.16  0000
   30  -0.267  2082 10562562  484.441  290.421  48.084  157.285  -6.80   0.02  0000
   31  -0.234  2388 10562563  485.705  292.905  48.592  157.960  -6.88  -0.06  0000
   32  -0.200  2335 10562564  486.084  296.274  48.924  158.957  -6.75   0.07  0000
   33  -0.167  2313 10562565  486.103  298.750  49.106  159.702  -6.91  -0.09  0000
   34  -0.133  2331 10562566  487.051  302.478  49.650  160.736  -7.00  -0.18  0000
   35  -0.100  2854 10562567  488.146  304.527  50.113  161.246  -7.49  -0.67  0000
   36  -0.067  2962 10562568  488.130  307.157  50.325  162.014  -7.64  -0.82  0000
   37  -0.033  2960 10562569  489.507  310.075  50.953  162.729  -7.71  -0.89  0000
   38   0.000  3285 10562570  490.538  312.612  51.460  163.354  -7.79  -0.97  0000
   39   0.033  2428 10562571  491.173  314.772  51.832  163.900  -7.19  -0.37  0000
   40   0.067  2264 10562572  491.377  318.646  52.258  164.955  -7.07  -0.25  0000
   41   0.100  1892 10562573  491.686  320.652  52.542  165.474  -6.38   0.44  0000
