#
#   version : 20090611
#    num_fr : 23
#      time : 20110506 03:38:41.369 UTC
#      unix : 1304653121.369590
#       ntp : LOCK -227 459649 649
#       seq : 7892871
#       mul : 0 [A]
#      site : 01
#    latlon : 45.5749 -94.3965 370.0
#      text : Collegeville
#     label : 
#     plate : metal_20100816_20100506-404-gd3
#      geom : 640 480
#    reject : 0
#
#  fr    time   sum     seq       cx       cy      th      phi    lsp    mag  flag
   30  -0.634  1351 7892852  377.819  140.450  33.694   85.582  -6.12   0.70  0000
   31  -0.601  1664 7892853  377.733  140.614  33.644   85.587  -6.84  -0.02  0000
   32  -0.567  1946 7892854  376.713  141.601  33.272   85.420  -7.00  -0.18  0000
   33  -0.534  2094 7892855  376.330  142.078  33.108   85.383  -7.32  -0.50  0000
   34  -0.500  2300 7892856  375.837  143.180  32.785   85.451  -7.45  -0.63  0000
   35  -0.467  2555 7892857  375.066  144.038  32.479   85.349  -7.57  -0.75  0000
   36  -0.434  2825 7892858  373.801  145.070  32.063   85.084  -7.75  -0.93  0000
   37  -0.400  3231 7892859  373.587  146.073  31.803   85.243  -7.95  -1.13  0000
   38  -0.367  3339 7892860  372.171  146.668  31.467   84.798  -8.11  -1.29  0000
   39  -0.334  3515 7892861  371.914  147.935  31.140   85.006  -8.16  -1.34  0000
   40  -0.300  3399 7892862  370.395  148.500  30.798   84.498  -8.18  -1.36  0000
   41  -0.267  3773 7892863  369.950  149.867  30.422   84.651  -8.42  -1.60  0000
   42  -0.234  4152 7892864  369.117  150.296  30.208   84.395  -8.47  -1.65  0000
   43  -0.200  3886 7892865  368.282  151.814  29.744   84.415  -8.61  -1.79  0000
   44  -0.167  4099 7892866  367.667  152.576  29.484   84.337  -8.50  -1.68  0000
   45  -0.133  4118 7892867  366.702  153.648  29.105   84.179  -8.60  -1.78  0000
   46  -0.100  4474 7892868  365.937  154.784  28.739   84.126  -8.66  -1.84  0000
   47  -0.067  4569 7892869  365.205  155.663  28.437   84.019  -8.66  -1.84  0000
   48  -0.033  5003 7892870  364.108  156.940  27.994   83.844  -8.80  -1.98  0000
   49   0.000  5201 7892871  362.823  158.068  27.561   83.531  -8.92  -2.10  0000
   50   0.033  4528 7892872  362.121  159.121  27.224   83.475  -8.66  -1.84  0000
   51   0.067  2801 7892873  360.932  159.961  26.871   83.116  -7.59  -0.77  0000
   52   0.100  1839 7892874  360.548  161.289  26.513   83.291  -6.57   0.25  0000
