#
#   version : 20090611
#    num_fr : 16
#      time : 20110506 08:56:43.953 UTC
#      unix : 1304672203.953319
#       ntp : LOCK -1025 104328 765
#       seq : 8464774
#       mul : 0 [A]
#      site : 01
#    latlon : 45.5749 -94.3965 370.0
#      text : Collegeville
#     label : 
#     plate : metal_20100816_20100506-404-gd3
#      geom : 640 480
#    reject : 0
#
#  fr    time   sum     seq       cx       cy      th      phi    lsp    mag  flag
   29  -0.367  1840 8464763   48.876  326.163  77.998  -52.448  -6.25   0.57  0000
   30  -0.334  1803 8464764   49.544  328.098  77.957  -52.857  -6.25   0.57  0000
   31  -0.300  1794 8464765   49.150  329.007  78.162  -53.011  -6.23   0.59  0000
   33  -0.234  1828 8464767   50.654  332.481  78.008  -53.763  -6.28   0.54  0000
   34  -0.200  2172 8464768   50.128  333.838  78.301  -53.992  -6.48   0.34  0000
   35  -0.167  1815 8464769   50.319  334.797  78.332  -54.186  -6.23   0.59  0000
   36  -0.133  1761 8464770   51.625  336.472  78.086  -54.584  -6.40   0.42  0000
   37  -0.100  1719 8464771   51.609  338.273  78.270  -54.926  -6.57   0.25  0000
   38  -0.067  2188 8464772   52.366  339.814  78.189  -55.266  -6.57   0.25  0000
   39  -0.033  2219 8464773   52.296  341.152  78.348  -55.515  -7.07  -0.25  0000
   40   0.000  2285 8464774   52.188  342.238  78.495  -55.713  -7.23  -0.41  0000
   41   0.033  2202 8464775   53.231  344.751  78.437  -56.255  -6.85  -0.03  0000
   42   0.067  1924 8464776   53.158  346.148  78.610  -56.513  -6.65   0.17  0000
   43   0.100  2114 8464777   53.173  346.755  78.672  -56.627  -6.72   0.10  0000
   44   0.133  2120 8464778   54.758  348.397  78.364  -57.043  -6.45   0.37  0000
   45   0.167  1763 8464779   54.981  349.686  78.439  -57.300  -6.51   0.31  0000
