#
#   version : 20090611
#    num_fr : 16
#      time : 20130925 06:17:29.432 UTC
#      unix : 1380089849.432798
#       ntp : LOCK -2094 460405 862
#       seq : 75413389
#       mul : 0 [A]
#      site : 01
#    latlon : 45.5749 -94.3965 370.0
#      text : Collegeville
#     label : 
#     plate : metal_20100816_20100506-404-gd3
#      geom : 640 480
#    reject : 0
#
#  fr    time   sum     seq       cx       cy      th      phi    lsp    mag  flag
   30  -0.467  2387 75413375  320.230  434.703  49.111 -128.273  -6.66   0.16  0000
   31  -0.434  2939 75413376  322.403  436.335  49.599 -128.923  -7.50  -0.68  0000
   32  -0.400  3273 75413377  324.604  437.453  49.950 -129.582  -7.75  -0.93  0000
   33  -0.367  3422 75413378  324.489  438.562  50.259 -129.519  -8.02  -1.20  0000
   34  -0.334  3925 75413379  326.076  440.477  50.828 -129.956  -7.94  -1.12  0000
   35  -0.300  3683 75413380  327.474  440.635  50.903 -130.377  -7.99  -1.17  0000
   36  -0.267  3668 75413381  328.609  443.035  51.605 -130.650  -8.03  -1.21  0000
   37  -0.234  4468 75413382  330.816  443.638  51.832 -131.291  -8.35  -1.53  0000
   38  -0.200  4435 75413383  331.091  444.752  52.153 -131.336  -8.40  -1.58  0000
   39  -0.167  5346 75413384  333.306  446.318  52.660 -131.935  -8.69  -1.87  0000
   40  -0.133  6507 75413385  334.266  447.487  53.020 -132.173  -9.13  -2.31  0000
   41  -0.100  6317 75413386  335.801  449.244  53.567 -132.551  -8.97  -2.15  0000
   42  -0.067  5565 75413387  336.951  449.556  53.695 -132.870  -8.96  -2.14  0000
   43  -0.033  5637 75413388  338.619  451.244  54.234 -133.278  -8.91  -2.09  0000
   44   0.000  6918 75413389  340.485  453.179  54.854 -133.722  -9.11  -2.29  0000
   45   0.033  4570 75413390  341.351  453.022  54.846 -133.973  -8.49  -1.67  0000
