#
#   version : 20090611
#    num_fr : 12
#      time : 20100731 07:29:37.666 UTC
#      unix : 1280561377.666884
#       ntp : LOCK 1566 1120057 485
#       seq : 6739467
#       mul : 0 [A]
#      site : 01
#    latlon : 45.5749 -94.3965 370.0
#      text : Collegeville
#     label : 
#     plate : metal 20090611
#      geom : 640 480
#    reject : 0
#
#  fr    time   sum     seq       cx       cy      th      phi    lsp    mag  flag
   29  -0.334  2611 6739457  490.793  382.092  62.585 -176.328  -6.88  -6.88  0000
   30  -0.300  2959 6739458  492.471  385.161  63.519 -176.030  -7.24  -7.24  0000
   31  -0.267  3164 6739459  492.850  386.361  63.822 -175.871  -7.40  -7.40  0000
   32  -0.234  3531 6739460  493.866  388.779  64.493 -175.595  -7.54  -7.54  0000
   33  -0.200  3958 6739461  494.946  390.914  65.131 -175.387  -7.92  -7.92  0000
   34  -0.167  3945 6739462  495.551  392.806  65.616 -175.148  -7.98  -7.98  0000
   35  -0.133  3709 6739463  496.444  395.998  66.411 -174.734  -7.78  -7.78  0000
   36  -0.100  4253 6739464  497.427  398.047  67.020 -174.539  -8.01  -8.01  0000
   37  -0.067  4557 6739465  498.531  399.567  67.559 -174.457  -8.27  -8.27  0000
   38  -0.033  5296 6739466  499.425  402.528  68.323 -174.101  -8.54  -8.54  0000
   39   0.000  7322 6739467  499.654  404.173  68.689 -173.864  -9.25  -9.25  0000
   40   0.033  3982 6739468  500.617  406.390  69.334 -173.652  -7.85  -7.85  0000
