#
#   version : 20090611
#    num_fr : 19
#      time : 20100731 07:47:13.154 UTC
#      unix : 1280562433.154530
#       ntp : LOCK 1270 101096 447
#       seq : 6771100
#       mul : 0 [A]
#      site : 01
#    latlon : 45.5749 -94.3965 370.0
#      text : Collegeville
#     label : 
#     plate : metal 20090611
#      geom : 640 480
#    reject : 0
#
#  fr    time   sum     seq       cx       cy      th      phi    lsp    mag  flag
   30  -0.367  2853 6771089  300.813  230.911   3.139   -8.490  -6.34  -6.34  0000
   31  -0.334  2609 6771090  299.654  231.856   3.333  -14.472  -6.76  -6.76  0000
   32  -0.300  2892 6771091  297.020  230.997   4.059  -14.657  -6.76  -6.76  0000
   34  -0.234  3285 6771093  294.731  230.316   4.685  -14.961  -6.94  -6.94  0000
   35  -0.200  3130 6771094  292.486  229.406   5.319  -14.549  -6.71  -6.71  0000
   36  -0.167  3354 6771095  291.987  229.852   5.408  -16.137  -6.59  -6.59  0000
   37  -0.133  3276 6771096  289.556  228.969   6.086  -15.847  -6.67  -6.67  0000
   38  -0.100  3622 6771097  289.105  228.881   6.206  -15.970  -7.04  -7.04  0000
   39  -0.067  4217 6771098  286.275  228.628   6.939  -17.255  -7.45  -7.45  0000
   40  -0.033  4452 6771099  285.398  228.156   7.194  -16.823  -7.97  -7.97  0000
   41   0.000  4914 6771100  283.030  227.473   7.842  -16.856  -8.22  -8.22  0000
   42   0.033  4877 6771101  282.234  227.360   8.052  -17.070  -8.17  -8.17  0000
   43   0.067  4771 6771102  279.720  227.078   8.710  -17.797  -8.05  -8.05  0000
   44   0.100  3819 6771103  278.908  226.764   8.938  -17.655  -7.96  -7.96  0000
   45   0.133  4080 6771104  277.127  226.141   9.433  -17.464  -7.84  -7.84  0000
   46   0.167  4112 6771105  276.423  226.004   9.622  -17.554  -7.57  -7.57  0000
   47   0.200  3827 6771106  273.209  226.027  10.440  -18.806  -7.22  -7.22  0000
   48   0.234  3154 6771107  271.290  225.058  10.994  -18.184  -6.67  -6.67  0000
   50   0.300  3011 6771109  267.985  224.201  11.895  -18.211  -5.79  -5.79  0000
