#
#   version : 20090611
#    num_fr : 24
#      time : 20140316 10:26:38.031 UTC
#      unix : 1394965598.031719
#       ntp : LOCK -701 569628 546
#       seq : 29774128
#       mul : 0 [A]
#      site : 01
#    latlon : 45.5749 -94.3965 370.0
#      text : Collegeville
#     label : 
#     plate : metal_20100816_20100506-404-gd3
#      geom : 640 480
#    reject : 0
#
#  fr    time   sum     seq       cx       cy      th      phi    lsp    mag  flag
   29  -0.601  3644 29774110  457.976  151.303  47.493  110.729  -6.73   0.09  0000
   30  -0.567  3195 29774111  457.402  151.709  47.294  110.733  -6.94  -0.12  0000
   31  -0.534  4020 29774112  461.091  149.824  48.458  110.896  -6.62   0.20  0000
   32  -0.501  4212 29774113  464.861  149.070  49.475  111.359  -7.18  -0.36  0000
   33  -0.467  3749 29774114  464.617  149.584  49.339  111.451  -7.21  -0.39  0000
   34  -0.434  3697 29774115  467.719  148.797  50.205  111.776  -7.40  -0.58  0000
   35  -0.400  4557 29774116  469.157  147.951  50.679  111.800  -7.45  -0.63  0000
   36  -0.367  3678 29774117  472.248  147.230  51.538  112.126  -7.77  -0.95  0000
   37  -0.334  5515 29774118  473.172  147.026  51.794  112.224  -8.06  -1.24  0000
   38  -0.300  5772 29774119  474.743  145.893  52.346  112.193  -7.95  -1.13  0000
   39  -0.267  4092 29774120  477.289  145.907  52.968  112.601  -8.18  -1.36  0000
   40  -0.234  6326 29774121  478.575  144.973  53.423  112.571  -8.26  -1.44  0000
   41  -0.200  4416 29774122  481.162  144.704  54.102  112.904  -8.35  -1.53  0000
   42  -0.167  6010 29774123  481.774  144.181  54.330  112.870  -8.60  -1.78  0000
   43  -0.133  5809 29774124  484.228  143.332  55.064  113.035  -8.47  -1.65  0000
   44  -0.100  5755 29774125  485.122  143.736  55.228  113.265  -8.62  -1.80  0000
   45  -0.067  6434 29774126  487.391  143.475  55.834  113.536  -8.40  -1.58  0000
   46  -0.033  4962 29774127  489.326  142.123  56.516  113.496  -8.33  -1.51  0000
   47   0.000  6555 29774128  489.695  141.946  56.634  113.508  -8.39  -1.57  0000
   48   0.033  4047 29774129  492.710  141.723  57.427  113.884  -8.19  -1.37  0000
   49   0.067  4604 29774130  493.592  140.896  57.770  113.816  -8.19  -1.37  0000
   50   0.100  3598 29774131  495.983  140.779  58.393  114.121  -7.80  -0.98  0000
   51   0.133  2746 29774132  497.245  140.031  58.822  114.122  -7.54  -0.72  0000
   53   0.200  5896 29774134  499.994  139.789  59.560  114.439  -6.59   0.23  0000
