#
#   version : 20090611
#    num_fr : 12
#      time : 20130723 08:17:18.158 UTC
#      unix : 1374567438.158469
#       ntp : LOCK 117 518245 583
#       seq : 14723300
#       mul : 0 [A]
#      site : 01
#    latlon : 45.5749 -94.3965 370.0
#      text : Collegeville
#     label : 
#     plate : metal_20100816_20100506-404-gd3
#      geom : 640 480
#    reject : 0
#
#  fr    time   sum     seq       cx       cy      th      phi    lsp    mag  flag
   29  -0.234  3235 14723293  212.011  231.900  27.252  -26.468  -6.62   0.20  0000
   30  -0.200  4193 14723294  208.441  233.092  28.168  -27.439  -6.86  -0.04  0000
   31  -0.167  3774 14723295  207.349  234.132  28.423  -28.074  -6.33   0.49  0000
   32  -0.133  2525 14723296  205.350  235.329  28.923  -28.847  -6.92  -0.10  0000
   33  -0.100  3638 14723297  203.571  236.717  29.364  -29.676  -6.89  -0.07  0000
   34  -0.067  4103 14723298  203.215  236.770  29.459  -29.725  -7.26  -0.44  0000
   35  -0.033  3861 14723299  201.901  237.942  29.785  -30.393  -7.30  -0.48  0000
   36   0.000  4396 14723300  198.801  238.924  30.611  -31.044  -7.22  -0.40  0000
   37   0.033  3161 14723301  198.507  240.495  30.654  -31.822  -7.61  -0.79  0000
   38   0.067  4086 14723302  196.818  240.281  31.125  -31.792  -7.66  -0.84  0000
   39   0.100  4092 14723303  194.476  241.986  31.738  -32.692  -7.32  -0.50  0000
   40   0.133  3298 14723304  193.149  242.848  32.091  -33.139  -7.02  -0.20  0000
