#
#   version : 20090611
#    num_fr : 13
#      time : 20110104 09:27:26.641 UTC
#      unix : 1294133246.641266
#       ntp : LOCK 34 269023 279
#       seq : 89613977
#       mul : 0 [A]
#      site : 01
#    latlon : 45.5749 -94.3965 370.0
#      text : Collegeville
#     label : 
#     plate : metal_20100816_20100506-404-gd3
#      geom : 640 480
#    reject : 0
#
#  fr    time   sum     seq       cx       cy      th      phi    lsp    mag  flag
   29  -0.200  1589 89613971  278.247  326.571  21.832 -101.806  -6.24  -6.24  0000
   30  -0.167  2042 89613972  279.033  330.176  22.617 -103.253  -6.76  -6.76  0000
   31  -0.133  2162 89613973  279.110  332.395  23.150 -103.845  -7.20  -7.20  0000
   32  -0.100  2664 89613974  279.945  334.879  23.676 -104.927  -7.44  -7.44  0000
   33  -0.067  2897 89613975  281.020  338.452  24.458 -106.325  -7.72  -7.72  0000
   34  -0.033  2771 89613976  281.770  340.859  24.992 -107.233  -7.69  -7.69  0000
   35   0.000  3205 89613977  281.719  343.078  25.554 -107.614  -7.94  -7.94  0000
   36   0.033  2913 89613978  282.476  346.500  26.354 -108.630  -7.89  -7.89  0000
   37   0.067  2898 89613979  282.456  349.018  26.995 -109.027  -7.74  -7.74  0000
   38   0.100  3084 89613980  283.514  351.823  27.627 -110.020  -7.69  -7.69  0000
   39   0.133  2575 89613981  284.702  354.217  28.154 -110.982  -7.32  -7.32  0000
   40   0.167  1641 89613982  285.004  356.869  28.816 -111.484  -6.43  -6.43  0000
   41   0.200  1325 89613983  284.988  360.042  29.638 -111.865  -5.47  -5.47  0000
