#
#   version : 20090611
#    num_fr : 14
#      time : 20130614 05:58:01.054 UTC
#      unix : 1371189481.054588
#       ntp : LOCK -311 550116 179
#       seq : 15839301
#       mul : 0 [A]
#      site : 01
#    latlon : 45.5749 -94.3965 370.0
#      text : Collegeville
#     label : 
#     plate : metal_20100816_20100506-404-gd3
#      geom : 640 480
#    reject : 0
#
#  fr    time   sum     seq       cx       cy      th      phi    lsp    mag  flag
   30  -0.234  1677 15839294  343.353  200.389  15.330   87.112  -6.27   0.55  0000
   31  -0.200  2625 15839295  346.421  202.052  15.443   90.530  -7.14  -0.32  0000
   32  -0.167  2700 15839296  348.492  204.570  15.269   93.657  -7.47  -0.65  0000
   33  -0.133  3463 15839297  352.467  207.743  15.369   98.660  -7.97  -1.15  0000
   34  -0.100  3491 15839298  354.887  210.429  15.355  102.200  -8.17  -1.35  0000
   35  -0.067  4296 15839299  358.031  212.963  15.577  106.055  -8.52  -1.70  0000
   36  -0.033  3885 15839300  361.071  215.842  15.793  109.997  -8.43  -1.61  0000
   37   0.000  4485 15839301  364.041  218.858  16.049  113.891  -8.56  -1.74  0000
   38   0.033  3844 15839302  366.965  221.287  16.434  117.151  -8.45  -1.63  0000
   39   0.067  3205 15839303  370.312  224.477  16.895  121.021  -7.91  -1.09  0000
   40   0.100  2557 15839304  373.156  227.039  17.357  124.017  -7.32  -0.50  0000
   41   0.133  2455 15839305  376.011  230.267  17.818  127.385  -7.27  -0.45  0000
   42   0.167  2385 15839306  379.016  232.951  18.410  130.176  -6.90  -0.08  0000
   43   0.200  1921 15839307  382.934  236.321  19.250  133.453  -6.63   0.19  0000
