#
#   version : 20090611
#    num_fr : 15
#      time : 20140909 07:17:33.927 UTC
#      unix : 1410247053.927773
#       ntp : LOCK 137 527798 2490
#       seq : 55956950
#       mul : 0 [A]
#      site : 01
#    latlon : 45.5749 -94.3965 370.0
#      text : Collegeville
#     label : 
#     plate : metal_20100816_20100506-404-gd3
#      geom : 640 480
#    reject : 0
#
#  fr    time   sum     seq       cx       cy      th      phi    lsp    mag  flag
   30  -0.267  3070 55956942  341.058  104.296  39.107   65.253  -6.17   0.65  0000
   32  -0.200  3941 55956944  338.089  102.908  39.322   63.987  -7.00  -0.18  0000
   33  -0.167  2433 55956945  337.279  101.708  39.604   63.587  -6.37   0.45  0000
   34  -0.133  2715 55956946  336.233  100.158  39.971   63.078  -7.25  -0.43  0000
   35  -0.100  3268 55956947  335.688   99.761  40.053   62.842  -7.18  -0.36  0000
   36  -0.067  3326 55956948  333.662   98.756  40.238   62.002  -7.16  -0.34  0000
   37  -0.033  3353 55956949  333.831   97.690  40.533   62.005  -7.16  -0.34  0000
   38   0.000  4192 55956950  331.548   96.803  40.686   61.086  -7.33  -0.51  0000
   39   0.033  2814 55956951  331.118   95.144  41.120   60.838  -7.50  -0.68  0000
   40   0.067  2903 55956952  331.021   94.628  41.256   60.776  -7.10  -0.28  0000
   41   0.100  3347 55956953  330.066   93.098  41.640   60.345  -7.24  -0.42  0000
   42   0.133  4184 55956954  327.327   92.162  41.813   59.284  -7.05  -0.23  0000
   43   0.167  2945 55956955  327.359   91.958  41.869   59.288  -6.79   0.03  0000
   45   0.234  2615 55956957  325.085   89.595  42.456   58.361  -6.77   0.05  0000
   46   0.267  2943 55956958  324.923   88.861  42.654   58.277  -6.99  -0.17  0000
