#
#   version : 20090611
#    num_fr : 13
#      time : 20110721 08:05:38.935 UTC
#      unix : 1311235538.935116
#       ntp : LOCK -2392 431640 820
#       seq : 7111036
#       mul : 0 [A]
#      site : 01
#    latlon : 45.5749 -94.3965 370.0
#      text : Collegeville
#     label : 
#     plate : metal_20100816_20100506-404-gd3
#      geom : 640 480
#    reject : 0
#
#  fr    time   sum     seq       cx       cy      th      phi    lsp    mag  flag
   30  -0.334  1312 7111026  362.764  408.662  44.096 -143.835  -6.02   0.80  0000
   31  -0.300  2197 7111027  363.851  411.205  44.858 -143.912  -6.83  -0.01  0000
   32  -0.267  2349 7111028  364.711  414.726  45.860 -143.808  -7.00  -0.18  0000
   33  -0.234  2731 7111029  365.181  417.227  46.561 -143.692  -7.53  -0.71  0000
   34  -0.200  3060 7111030  365.871  420.601  47.514 -143.557  -7.89  -1.07  0000
   35  -0.167  3341 7111031  365.940  422.967  48.149 -143.339  -8.03  -1.21  0000
   36  -0.133  3713 7111032  366.837  426.569  49.186 -143.254  -8.09  -1.27  0000
   37  -0.100  4042 7111033  367.683  429.515  50.046 -143.219  -8.35  -1.53  0000
   38  -0.067  3974 7111034  368.423  432.084  50.799 -143.190  -8.34  -1.52  0000
   39  -0.033  4336 7111035  368.956  435.034  51.638 -143.067  -8.51  -1.69  0000
   40   0.000  4780 7111036  369.461  438.137  52.518 -142.925  -8.64  -1.82  0000
   41   0.033  4779 7111037  370.528  440.854  53.345 -142.978  -8.60  -1.78  0000
   42   0.067  4463 7111038  371.022  443.579  54.127 -142.871  -8.45  -1.63  0000
