#
#   version : 20090611
#    num_fr : 25
#      time : 20110721 05:23:18.378 UTC
#      unix : 1311225798.378357
#       ntp : LOCK 2073 160976 692
#       seq : 6819111
#       mul : 0 [A]
#      site : 01
#    latlon : 45.5749 -94.3965 370.0
#      text : Collegeville
#     label : 
#     plate : metal_20100816_20100506-404-gd3
#      geom : 640 480
#    reject : 0
#
#  fr    time   sum     seq       cx       cy      th      phi    lsp    mag  flag
   30  -0.534  1430 6819095  315.629  332.628  21.464 -128.679  -6.17   0.65  0000
   31  -0.500  1457 6819096  317.675  333.119  21.625 -130.100  -6.36   0.46  0000
   32  -0.467  1621 6819097  319.177  334.537  22.028 -131.062  -6.57   0.25  0000
   33  -0.434  1827 6819098  320.995  334.339  22.024 -132.327  -6.86  -0.04  0000
   34  -0.400  1716 6819099  322.290  335.379  22.337 -133.123  -6.89  -0.07  0000
   35  -0.367  2041 6819100  325.000  336.048  22.612 -134.877  -7.05  -0.23  0000
   36  -0.334  2191 6819101  326.029  336.657  22.815 -135.491  -7.46  -0.64  0000
   37  -0.300  2784 6819102  328.728  337.290  23.109 -137.175  -7.78  -0.96  0000
   38  -0.267  2775 6819103  328.988  337.715  23.232 -137.287  -7.87  -1.05  0000
   39  -0.234  3146 6819104  331.815  338.199  23.518 -139.020  -7.92  -1.10  0000
   40  -0.200  2861 6819105  333.660  338.805  23.790 -140.082  -7.86  -1.04  0000
   41  -0.167  3089 6819106  335.010  339.372  24.026 -140.823  -7.81  -0.99  0000
   42  -0.133  3151 6819107  337.152  340.136  24.374 -141.993  -7.98  -1.16  0000
   43  -0.100  3318 6819108  339.208  340.704  24.677 -143.116  -8.04  -1.22  0000
   44  -0.067  3154 6819109  340.835  340.753  24.822 -144.060  -8.04  -1.22  0000
   45  -0.033  2997 6819110  342.391  341.343  25.104 -144.846  -8.05  -1.23  0000
   46   0.000  3544 6819111  345.013  342.183  25.551 -146.161  -8.11  -1.29  0000
   47   0.033  3179 6819112  345.511  342.561  25.692 -146.361  -7.99  -1.17  0000
   48   0.067  2962 6819113  348.500  342.992  26.091 -147.907  -7.81  -0.99  0000
   49   0.100  2881 6819114  349.292  343.653  26.334 -148.189  -7.52  -0.70  0000
   50   0.133  3053 6819115  351.747  344.315  26.755 -149.340  -7.66  -0.84  0000
   51   0.167  2685 6819116  353.771  345.091  27.165 -150.208  -7.56  -0.74  0000
   52   0.200  2335 6819117  356.507  345.213  27.509 -151.560  -7.24  -0.42  0000
   53   0.234  2603 6819118  357.234  345.856  27.749 -151.767  -7.60  -0.78  0000
   54   0.267  2980 6819119  359.793  346.393  28.187 -152.885  -7.81  -0.99  0000
