#
#   version : 20090611
#    num_fr : 26
#      time : 20110721 07:29:25.458 UTC
#      unix : 1311233365.458352
#       ntp : LOCK -1642 339144 824
#       seq : 7045897
#       mul : 0 [A]
#      site : 01
#    latlon : 45.5749 -94.3965 370.0
#      text : Collegeville
#     label : 
#     plate : metal_20100816_20100506-404-gd3
#      geom : 640 480
#    reject : 0
#
#  fr    time   sum     seq       cx       cy      th      phi    lsp    mag  flag
   30  -0.667  1364 7045877  322.061  446.477  52.450 -128.613  -5.69   1.13  0000
   31  -0.634  1695 7045878  322.294  446.583  52.484 -128.680  -6.31   0.51  0000
   32  -0.601  1932 7045879  324.203  446.844  52.588 -129.239  -6.55   0.27  0000
   33  -0.567  1787 7045880  324.661  446.931  52.621 -129.372  -6.43   0.39  0000
   34  -0.534  1700 7045881  326.529  447.108  52.707 -129.918  -6.68   0.14  0000
   35  -0.500  2027 7045882  327.292  447.294  52.776 -130.138  -6.85  -0.03  0000
   36  -0.467  2004 7045883  327.981  446.984  52.704 -130.349  -6.94  -0.12  0000
   37  -0.434  2583 7045884  330.070  447.507  52.903 -130.946  -7.39  -0.57  0000
   38  -0.400  2767 7045885  331.197  447.423  52.909 -131.279  -7.62  -0.80  0000
   39  -0.367  2914 7045886  331.490  447.595  52.966 -131.359  -7.47  -0.65  0000
   40  -0.334  2702 7045887  333.070  447.895  53.097 -131.810  -7.70  -0.88  0000
   41  -0.300  2935 7045888  333.907  448.089  53.178 -132.046  -7.85  -1.03  0000
   42  -0.267  2796 7045889  334.749  448.085  53.204 -132.291  -7.60  -0.78  0000
   43  -0.234  2849 7045890  336.876  448.581  53.418 -132.888  -7.77  -0.95  0000
   44  -0.200  3057 7045891  337.262  448.335  53.362 -133.010  -7.80  -0.98  0000
   45  -0.167  2873 7045892  339.037  448.802  53.561 -133.502  -7.66  -0.84  0000
   46  -0.133  2994 7045893  339.767  449.045  53.659 -133.701  -7.77  -0.95  0000
   47  -0.100  3028 7045894  341.015  449.047  53.711 -134.058  -7.83  -1.01  0000
   48  -0.067  3102 7045895  342.339  448.999  53.754 -134.440  -7.91  -1.09  0000
   49  -0.033  2918 7045896  342.889  449.278  53.857 -134.584  -7.69  -0.87  0000
   50   0.000  3347 7045897  345.218  449.331  53.980 -135.244  -8.08  -1.26  0000
   51   0.033  2870 7045898  345.984  449.298  54.008 -135.463  -7.66  -0.84  0000
   52   0.067  2543 7045899  347.691  449.810  54.238 -135.919  -7.01  -0.19  0000
   53   0.100  1976 7045900  348.281  449.706  54.240 -136.091  -6.79   0.03  0000
   54   0.133  2850 7045901  349.489  449.978  54.380 -136.416  -7.82  -1.00  0000
   56   0.200  2192 7045903  352.166  449.638  54.435 -137.187  -6.93  -0.11  0000
