#
#   version : 20090611
#    num_fr : 25
#      time : 20110721 04:13:41.876 UTC
#      unix : 1311221621.876550
#       ntp : LOCK 2501 99145 782
#       seq : 6693941
#       mul : 0 [A]
#      site : 01
#    latlon : 45.5749 -94.3965 370.0
#      text : Collegeville
#     label : 
#     plate : metal_20100816_20100506-404-gd3
#      geom : 640 480
#    reject : 0
#
#  fr    time   sum     seq       cx       cy      th      phi    lsp    mag  flag
   29  -0.267  1431 6693933  230.476   33.771  62.607   31.854  -5.50   1.32  0000
   30  -0.234  1596 6693934  231.039   33.053  62.741   32.050  -6.20   0.62  0000
   31  -0.200  1811 6693935  230.949   32.760  62.831   32.053  -6.25   0.57  0000
   32  -0.167  1900 6693936  232.175   32.062  62.889   32.406  -6.35   0.47  0000
   33  -0.133  1839 6693937  232.473   32.194  62.821   32.466  -6.31   0.51  0000
   34  -0.100  1708 6693938  233.652   32.226  62.686   32.748  -6.08   0.74  0000
   35  -0.067  1992 6693939  235.001   31.976  62.613   33.095  -6.61   0.21  0000
   36  -0.033  1877 6693940  235.388   31.263  62.770   33.246  -6.47   0.35  0000
   37   0.000  2284 6693941  235.787   31.084  62.778   33.356  -6.86  -0.04  0000
   38   0.033  1701 6693942  236.772   30.622  62.805   33.631  -6.33   0.49  0000
   39   0.067  1989 6693943  238.715   30.305  62.697   34.128  -6.45   0.37  0000
   40   0.100  1927 6693944  239.046   30.109  62.719   34.223  -6.53   0.29  0000
   41   0.133  1774 6693945  239.076   29.626  62.850   34.266  -6.53   0.29  0000
   42   0.167  1791 6693946  239.790   29.049  62.940   34.483  -6.28   0.54  0000
   43   0.200  2064 6693947  241.688   29.376  62.666   34.922  -6.58   0.24  0000
   44   0.234  2166 6693948  242.552   28.857  62.729   35.171  -6.71   0.11  0000
   45   0.267  1943 6693949  242.906   28.831  62.703   35.260  -6.49   0.33  0000
   46   0.300  1740 6693950  243.900   27.899  62.871   35.569  -6.37   0.45  0000
   47   0.334  2009 6693951  244.088   28.137  62.787   35.598  -6.39   0.43  0000
   48   0.367  1999 6693952  244.360   27.949  62.815   35.678  -6.29   0.53  0000
   49   0.400  2111 6693953  246.687   27.580  62.709   36.275  -6.50   0.32  0000
   50   0.434  2154 6693954  247.712   26.845  62.825   36.576  -6.72   0.10  0000
   51   0.467  1789 6693955  248.240   26.753  62.805   36.712  -6.36   0.46  0000
   52   0.500  2108 6693956  248.956   25.906  62.983   36.944  -6.33   0.49  0000
   53   0.534  1749 6693957  249.288   26.137  62.889   37.010  -6.09   0.73  0000
