#
#   version : 20090611
#    num_fr : 12
#      time : 20120619 04:21:36.056 UTC
#      unix : 1340079696.056893
#       ntp : LOCK 1980 251551 2032
#       seq : 1250993
#       mul : 0 [A]
#      site : 01
#    latlon : 45.5749 -94.3965 370.0
#      text : Collegeville
#     label : 
#     plate : metal_20100816_20100506-404-gd3
#      geom : 640 480
#    reject : 0
#
#  fr    time   sum     seq       cx       cy      th      phi    lsp    mag  flag
   29  -0.234  1782 1250986  321.557  156.601  24.440   59.839  -5.83   0.99  0000
   30  -0.200  3072 1250987  324.737  161.973  23.142   62.330  -7.33  -0.51  0000
   31  -0.167  3988 1250988  327.844  164.744  22.562   64.707  -7.91  -1.09  0000
   32  -0.133  4819 1250989  334.140  172.143  21.068   70.238  -8.27  -1.45  0000
   33  -0.100  4897 1250990  337.886  177.815  19.971   74.215  -8.22  -1.40  0000
   34  -0.067  4762 1250991  342.777  182.893  19.252   79.251  -8.16  -1.34  0000
   35  -0.033  4267 1250992  347.476  189.838  18.249   85.267  -8.05  -1.23  0000
   36   0.000  5206 1250993  351.020  193.958  17.875   89.654  -8.23  -1.41  0000
   37   0.033  4587 1250994  354.693  198.849  17.479   94.705  -8.13  -1.31  0000
   38   0.067  4193 1250995  359.668  205.945  17.088  102.131  -8.03  -1.21  0000
   39   0.100  3382 1250996  362.010  210.169  16.864  106.324  -7.41  -0.59  0000
   40   0.133  2090 1250997  367.481  216.056  17.212  113.329  -6.35   0.47  0000
