#
#   version : 20090611
#    num_fr : 12
#      time : 20120823 04:54:01.051 UTC
#      unix : 1345697641.051154
#       ntp : LOCK -326 352737 340
#       seq : 31240642
#       mul : 0 [A]
#      site : 01
#    latlon : 45.5749 -94.3965 370.0
#      text : Collegeville
#     label : 
#     plate : metal_20100816_20100506-404-gd3
#      geom : 640 480
#    reject : 0
#
#  fr    time   sum     seq       cx       cy      th      phi    lsp    mag  flag
   29  -0.200  2537 31240636  133.327  267.091  49.194  -41.918  -6.55   0.27  0000
   30  -0.167  2906 31240637  135.685  267.596  48.528  -42.138  -7.08  -0.26  0000
   31  -0.133  3047 31240638  135.834  267.715  48.488  -42.180  -7.33  -0.51  0000
   32  -0.100  2668 31240639  136.662  267.198  48.236  -42.042  -6.94  -0.12  0000
   33  -0.067  2992 31240640  137.426  267.398  48.021  -42.126  -6.87  -0.05  0000
   34  -0.033  3380 31240641  138.993  267.763  47.581  -42.287  -7.65  -0.83  0000
   35   0.000  3821 31240642  139.386  268.105  47.478  -42.407  -7.90  -1.08  0000
   36   0.033  3301 31240643  140.001  268.130  47.302  -42.434  -7.55  -0.73  0000
   37   0.067  3087 31240644  141.744  268.821  46.822  -42.710  -7.29  -0.47  0000
   38   0.100  3023 31240645  142.160  268.172  46.684  -42.515  -7.30  -0.48  0000
   39   0.133  2880 31240646  142.802  268.179  46.501  -42.538  -6.87  -0.05  0000
   40   0.167  1957 31240647  144.958  269.195  45.915  -42.940  -5.88   0.94  0000
