#
#   version : 20090611
#    num_fr : 16
#      time : 20140903 05:23:20.910 UTC
#      unix : 1409721800.910704
#       ntp : LOCK 683 729823 896
#       seq : 40215353
#       mul : 0 [A]
#      site : 01
#    latlon : 45.5749 -94.3965 370.0
#      text : Collegeville
#     label : 
#     plate : metal_20100816_20100506-404-gd3
#      geom : 640 480
#    reject : 0
#
#  fr    time   sum     seq       cx       cy      th      phi    lsp    mag  flag
   29  -0.400  1321 40215341  315.348  316.936  17.350 -129.136  -5.90   0.92  0000
   32  -0.300  1799 40215344  313.687  320.185  18.182 -127.590  -6.45   0.37  0000
   33  -0.267  2072 40215345  312.703  321.004  18.392 -126.754  -6.74   0.08  0000
   34  -0.234  2193 40215346  311.388  322.885  18.885 -125.667  -7.12  -0.30  0000
   35  -0.200  2338 40215347  311.068  323.882  19.147 -125.414  -7.21  -0.39  0000
   36  -0.167  3189 40215348  309.243  324.825  19.407 -123.986  -7.90  -1.08  0000
   37  -0.133  3761 40215349  309.402  326.602  19.872 -124.147  -8.17  -1.35  0000
   38  -0.100  3932 40215350  307.638  327.342  20.088 -122.825  -8.47  -1.65  0000
   39  -0.067  4152 40215351  307.883  328.822  20.473 -123.060  -8.44  -1.62  0000
   40  -0.033  4309 40215352  306.194  330.477  20.936 -121.887  -8.42  -1.60  0000
   41   0.000  4895 40215353  305.718  331.445  21.200 -121.590  -8.67  -1.85  0000
   42   0.033  3954 40215354  304.294  332.981  21.637 -120.664  -8.40  -1.58  0000
   43   0.067  4394 40215355  304.176  334.505  22.040 -120.673  -8.40  -1.58  0000
   44   0.100  4301 40215356  303.093  335.552  22.344 -119.997  -8.53  -1.71  0000
   45   0.133  2668 40215357  302.186  336.830  22.707 -119.474  -7.32  -0.50  0000
   46   0.167  1738 40215358  301.442  337.841  22.996 -119.054  -6.21   0.61  0000
