#
#   version : 20090611
#    num_fr : 26
#      time : 20140903 02:36:59.128 UTC
#      unix : 1409711819.128519
#       ntp : LOCK -354 328818 1289
#       seq : 39916208
#       mul : 0 [A]
#      site : 01
#    latlon : 45.5749 -94.3965 370.0
#      text : Collegeville
#     label : 
#     plate : metal_20100816_20100506-404-gd3
#      geom : 640 480
#    reject : 0
#
#  fr    time   sum     seq       cx       cy      th      phi    lsp    mag  flag
   30  -0.934  2818 39916180  291.317   78.579  45.724   46.352  -6.74   0.08  0000
   31  -0.901  2903 39916181  291.782   78.500  45.729   46.514  -6.59   0.23  0000
   34  -0.801  2743 39916184  290.539   75.577  46.577   46.200  -6.77   0.05  0000
   36  -0.734  2955 39916186  290.922   74.174  46.950   46.379  -7.04  -0.22  0000
   37  -0.701  3257 39916187  291.670   72.997  47.248   46.668  -7.16  -0.34  0000
   38  -0.667  2654 39916188  290.994   72.203  47.491   46.472  -7.25  -0.43  0000
   39  -0.634  3282 39916189  291.665   70.988  47.803   46.734  -7.29  -0.47  0000
   40  -0.601  3241 39916190  291.687   70.211  48.017   46.767  -7.29  -0.47  0000
   41  -0.567  3420 39916191  291.893   69.634  48.170   46.853  -7.14  -0.32  0000
   42  -0.534  3233 39916192  291.331   68.223  48.579   46.716  -6.96  -0.14  0000
   43  -0.501  3233 39916193  291.995   67.189  48.844   46.963  -6.73   0.09  0000
   44  -0.467  3164 39916194  292.046   67.114  48.863   46.982  -6.44   0.38  0000
   45  -0.434  3214 39916195  292.068   64.776  49.511   47.060  -6.74   0.08  0000
   46  -0.400  3591 39916196  292.156   64.300  49.640   47.102  -7.14  -0.32  0000
   47  -0.367  4069 39916197  292.463   63.646  49.813   47.218  -7.81  -0.99  0000
   48  -0.334  3651 39916198  293.023   62.511  50.111   47.427  -7.34  -0.52  0000
   49  -0.300  3296 39916199  293.643   61.600  50.346   47.645  -7.37  -0.55  0000
   50  -0.267  3712 39916200  292.621   60.901  50.572   47.346  -7.22  -0.40  0000
   51  -0.234  3010 39916201  293.536   59.774  50.859   47.660  -6.61   0.21  0000
   53  -0.167  2712 39916203  293.206   57.728  51.441   47.611  -6.23   0.59  0000
   54  -0.133  2955 39916204  292.863   56.780  51.717   47.531  -6.46   0.36  0000
   56  -0.067  2581 39916206  294.793   54.830  52.208   48.164  -5.25   1.57  0000
   57  -0.033  3574 39916207  294.154   53.575  52.578   48.000  -7.60  -0.78  0000
   58   0.000  4252 39916208  294.663   52.523  52.860   48.177  -7.92  -1.10  0000
   59   0.033  3878 39916209  293.684   51.841  53.079   47.900  -7.63  -0.81  0000
   60   0.067  2985 39916210  293.360   51.243  53.257   47.818  -6.43   0.39  0000
