#
#   version : 20090611
#    num_fr : 15
#      time : 20140903 09:07:36.441 UTC
#      unix : 1409735256.441152
#       ntp : LOCK -869 788464 719
#       seq : 40618608
#       mul : 0 [A]
#      site : 01
#    latlon : 45.5749 -94.3965 370.0
#      text : Collegeville
#     label : 
#     plate : metal_20100816_20100506-404-gd3
#      geom : 640 480
#    reject : 0
#
#  fr    time   sum     seq       cx       cy      th      phi    lsp    mag  flag
   30  -0.300  1570 40618599  458.225  401.420  57.019 -170.118  -5.87   0.95  0000
   31  -0.267  1764 40618600  457.625  402.130  57.040 -169.865  -6.18   0.64  0000
   32  -0.234  2138 40618601  457.667  403.410  57.311 -169.629  -6.82  -0.00  0000
   33  -0.200  2731 40618602  457.343  404.772  57.526 -169.308  -7.70  -0.88  0000
   34  -0.167  3046 40618603  456.420  405.219  57.431 -169.045  -7.72  -0.90  0000
   35  -0.133  3127 40618604  455.979  406.677  57.645 -168.687  -7.95  -1.13  0000
   36  -0.100  3321 40618605  455.579  407.441  57.725 -168.467  -7.85  -1.03  0000
   37  -0.067  3495 40618606  455.510  409.085  58.057 -168.150  -7.98  -1.16  0000
   38  -0.033  4351 40618607  454.683  410.311  58.152 -167.764  -8.47  -1.65  0000
   39   0.000  4699 40618608  454.385  411.328  58.310 -167.522  -8.69  -1.87  0000
   40   0.033  3460 40618609  454.785  412.547  58.650 -167.381  -7.88  -1.06  0000
   41   0.067  2532 40618610  454.756  413.443  58.837 -167.215  -7.26  -0.44  0000
   42   0.100  2149 40618611  453.950  414.233  58.849 -166.917  -6.54   0.28  0000
   43   0.133  3177 40618612  453.665  415.640  59.098 -166.613  -7.66  -0.84  0000
   44   0.167  1804 40618613  453.120  416.635  59.209 -166.332  -6.19   0.63  0000
