#
#   version : 20090611
#    num_fr : 13
#      time : 20131124 10:18:31.594 UTC
#      unix : 1385288311.594387
#       ntp : LOCK 839 574616 4528
#       seq : 231207794
#       mul : 0 [A]
#      site : 01
#    latlon : 45.5749 -94.3965 370.0
#      text : Collegeville
#     label : 
#     plate : metal_20100816_20100506-404-gd3
#      geom : 640 480
#    reject : 0
#
#  fr    time   sum     seq       cx       cy      th      phi    lsp    mag  flag
   29  -0.234  2384 231207787  456.206   88.089  58.750   96.356  -5.94   0.88  0000
   31  -0.167  2651 231207789  461.110   88.761  59.594   97.444  -6.57   0.25  0000
   32  -0.133  2889 231207790  464.261   89.215  60.144   98.133  -6.89  -0.07  0000
   33  -0.100  3270 231207791  464.529   89.725  60.095   98.276  -7.35  -0.53  0000
   34  -0.067  3158 231207792  467.598   89.936  60.690   98.893  -7.51  -0.69  0000
   35  -0.033  3457 231207793  471.133   90.682  61.284   99.681  -7.72  -0.90  0000
   36   0.000  4151 231207794  471.926   90.876  61.413   99.861  -7.78  -0.96  0000
   37   0.033  3626 231207795  474.895   91.492  61.927  100.508  -7.75  -0.93  0000
   38   0.067  3764 231207796  477.352   91.766  62.407  100.992  -7.80  -0.98  0000
   39   0.100  3845 231207797  480.068   92.544  62.849  101.607  -7.68  -0.86  0000
   40   0.133  4019 231207798  482.792   92.627  63.437  102.087  -8.03  -1.21  0000
   41   0.167  3433 231207799  485.518   93.039  63.968  102.621  -7.20  -0.38  0000
   42   0.200  2631 231207800  486.266   94.189  63.915  102.957  -6.56   0.26  0000
