#
#   version : 20090611
#    num_fr : 18
#      time : 20141112 01:48:55.059 UTC
#      unix : 1415756935.059329
#       ntp : LOCK -671 671288 1137
#       seq : 221084378
#       mul : 0 [A]
#      site : 01
#    latlon : 45.5749 -94.3965 370.0
#      text : Collegeville
#     label : 
#     plate : metal_20100816_20100506-404-gd3
#      geom : 640 480
#    reject : 0
#
#  fr    time   sum     seq       cx       cy      th      phi    lsp    mag  flag
   29  -9.543  2268 221084092  432.787  164.963  39.526  109.639  -6.28   0.54  0000
   30  -9.509  2642 221084093  431.415  164.382  39.302  109.146  -6.92  -0.10  0000
   57  -8.609  3503 221084120  434.698  164.460  40.043  109.903  -8.01  -1.19  0002
   62  -8.442  2687 221084125  436.289  164.998  40.330  110.416  -7.39  -0.57  0000
   89  -7.541  2985 221084152  439.533  165.662  40.988  111.306  -7.76  -0.94  0002
   95  -7.341  3177 221084158  441.286  166.966  41.212  112.070  -7.67  -0.85  0000
  121  -6.473  3846 221084184  443.593  165.801  41.927  112.169  -8.35  -1.53  0002
  128  -6.240  3123 221084191  444.913  167.094  42.057  112.825  -7.56  -0.74  0000
  153  -5.405  3162 221084216  448.324  166.860  42.910  113.401  -7.79  -0.97  0002
  161  -5.138  2841 221084224  449.345  166.517  43.204  113.486  -7.53  -0.71  0000
  292  -0.767  2729 221084355  464.794  169.209  46.663  116.902  -7.28  -0.46  0002
  315   0.000  4020 221084378  466.796  170.190  47.046  117.492  -8.44  -1.62  0002
  325   0.334  2831 221084388  468.146  169.616  47.459  117.529  -7.43  -0.61  0000
  347   1.068  3356 221084410  469.932  170.598  47.794  118.075  -7.95  -1.13  0002
  358   1.435  2702 221084421  471.859  171.423  48.187  118.588  -7.16  -0.34  0002
  380   2.169  3414 221084443  472.753  171.177  48.446  118.644  -8.11  -1.29  0002
  391   2.536  2648 221084454  475.532  171.324  49.145  119.072  -7.04  -0.22  0002
  412   3.237  3547 221084475  475.983  172.440  49.131  119.448  -8.17  -1.35  0002
