#
#   version : 20090611
#    num_fr : 15
#      time : 20130317 01:41:10.845 UTC
#      unix : 1363484470.845797
#       ntp : LOCK 630 471319 277
#       seq : 129766901
#       mul : 0 [A]
#      site : 01
#    latlon : 45.5749 -94.3965 370.0
#      text : Collegeville
#     label : 
#     plate : metal_20100816_20100506-404-gd3
#      geom : 640 480
#    reject : 0
#
#  fr    time   sum     seq       cx       cy      th      phi    lsp    mag  flag
   29  -0.167  2686 129766896  192.923  134.725  44.555    6.536  -5.46   1.36  0000
   30  -0.133  3104 129766897  193.458  135.044  44.383    6.589  -6.43   0.39  0000
   31  -0.100  3108 129766898  195.047  136.670  43.745    6.578  -6.59   0.23  0000
   32  -0.067  3827 129766899  196.119  135.939  43.663    7.027  -7.37  -0.55  0000
   33  -0.033  4617 129766900  197.706  136.658  43.199    7.249  -8.22  -1.40  0000
   34   0.000  4689 129766901  198.167  136.926  43.054    7.299  -7.97  -1.15  0000
   35   0.033  4290 129766902  200.530  137.816  42.401    7.685  -7.63  -0.81  0000
   36   0.067  4043 129766903  201.063  138.046  42.249    7.766  -7.84  -1.02  0000
   37   0.100  3603 129766904  201.241  138.352  42.154    7.736  -7.44  -0.62  0000
   38   0.133  3885 129766905  204.483  139.038  41.369    8.424  -7.21  -0.39  0000
   39   0.167  3462 129766906  204.196  139.983  41.243    8.105  -7.03  -0.21  0000
   40   0.200  3445 129766907  204.518  139.956  41.184    8.198  -6.81   0.01  0000
   41   0.234  3300 129766908  206.112  140.875  40.687    8.395  -6.85  -0.03  0000
   42   0.267  2897 129766909  209.631  141.148  39.937    9.305  -6.44   0.38  0000
   43   0.300  3098 129766910  208.867  141.909  39.938    8.891  -6.40   0.42  0000
