#
#   version : 20090611
#    num_fr : 23
#      time : 20140420 06:09:37.901 UTC
#      unix : 1397974177.901046
#       ntp : LOCK 843 400807 660
#       seq : 69108347
#       mul : 0 [A]
#      site : 01
#    latlon : 45.5749 -94.3965 370.0
#      text : Collegeville
#     label : 
#     plate : metal_20100816_20100506-404-gd3
#      geom : 640 480
#    reject : 0
#
#  fr    time   sum     seq       cx       cy      th      phi    lsp    mag  flag
   30  -0.434  2282 69108334  194.892  289.048  33.215  -54.360  -6.33   0.49  0000
   31  -0.400  2415 69108335  195.677  291.954  33.259  -55.714  -6.66   0.16  0000
   32  -0.367  3396 69108336  196.743  293.712  33.140  -56.625  -7.54  -0.72  0000
   33  -0.334  4078 69108337  197.162  296.089  33.259  -57.694  -8.17  -1.35  0000
   34  -0.300  4833 69108338  198.191  298.058  33.191  -58.693  -8.46  -1.64  0000
   35  -0.267  4959 69108339  198.071  299.874  33.411  -59.424  -8.54  -1.72  0000
   36  -0.234  5254 69108340  199.555  302.454  33.313  -60.755  -8.62  -1.80  0000
   37  -0.200  5692 69108341  200.093  304.375  33.395  -61.640  -8.64  -1.82  0000
   38  -0.167  5853 69108342  200.829  306.462  33.456  -62.627  -8.68  -1.86  0000
   39  -0.133  6136 69108343  201.897  308.763  33.471  -63.765  -9.05  -2.23  0000
   40  -0.100  7017 69108344  203.252  311.096  33.434  -64.976  -9.16  -2.34  0000
   41  -0.067  6356 69108345  204.220  314.283  33.622  -66.431  -9.05  -2.23  0000
   42  -0.033  5988 69108346  205.024  316.411  33.722  -67.429  -8.85  -2.03  0000
   43   0.000  7346 69108347  206.270  318.821  33.769  -68.635  -9.24  -2.42  0000
   44   0.033  6668 69108348  207.236  321.266  33.902  -69.778  -9.08  -2.26  0000
   45   0.067  6050 69108349  208.222  323.646  34.034  -70.894  -8.97  -2.15  0000
   46   0.100  6506 69108350  209.838  326.373  34.092  -72.291  -8.91  -2.09  0000
   47   0.133  6689 69108351  210.627  328.784  34.304  -73.347  -9.13  -2.31  0000
   48   0.167  5743 69108352  211.402  331.174  34.527  -74.379  -8.89  -2.07  0000
   49   0.200  4781 69108353  213.171  334.522  34.712  -75.995  -8.38  -1.56  0000
   50   0.234  5231 69108354  214.440  336.972  34.871  -77.158  -8.66  -1.84  0000
   51   0.267  4229 69108355  216.036  339.900  35.064  -78.558  -8.06  -1.24  0000
   52   0.300  2813 69108356  216.799  341.741  35.246  -79.358  -7.28  -0.46  0000
