#
#   version : 20090611
#    num_fr : 13
#      time : 20101219 23:41:00.357 UTC
#      unix : 1292802060.357051
#       ntp : LOCK 369 990130 411
#       seq : 49718378
#       mul : 0 [A]
#      site : 01
#    latlon : 45.5749 -94.3965 370.0
#      text : Collegeville
#     label : 
#     plate : metal_20100816_20100506-404-gd3
#      geom : 640 480
#    reject : 0
#
#  fr    time   sum     seq       cx       cy      th      phi    lsp    mag  flag
   30  -0.167  2295 49718373  113.368  376.386  65.344  -68.112  -7.30  -7.30  0000
   31  -0.133  4353 49718374  111.968  377.060  65.818  -68.070  -7.37  -7.37  0000
   32  -0.100  3659 49718375  111.149  378.217  66.217  -68.197  -7.61  -7.61  0000
   33  -0.067  2747 49718376  110.747  378.172  66.316  -68.138  -7.77  -7.77  0000
   34  -0.033  3615 49718377  111.604  378.352  66.119  -68.281  -7.51  -7.51  0000
   35   0.000  5347 49718378  109.230  379.277  66.891  -68.167  -7.62  -7.62  0000
   36   0.033  4371 49718379  108.540  380.141  67.211  -68.250  -7.66  -7.66  0000
   37   0.067  4577 49718380  108.115  380.288  67.347  -68.226  -7.55  -7.55  0000
   38   0.100  3241 49718381  107.261  381.259  67.728  -68.309  -7.58  -7.58  0000
   39   0.133  4618 49718382  106.790  382.128  67.992  -68.419  -8.59  -8.59  0000
   40   0.167  4720 49718383  106.141  382.377  68.204  -68.387  -8.10  -8.10  0000
   41   0.200  5097 49718384  105.980  383.066  68.358  -68.499  -7.78  -7.78  0000
   42   0.234  2765 49718385  105.247  383.780  68.667  -68.546  -7.35  -7.35  0000
