#
#   version : 20090611
#    num_fr : 35
#      time : 20131009 08:27:27.784 UTC
#      unix : 1381307247.784946
#       ntp : LOCK -596 135807 1583
#       seq : 111898028
#       mul : 0 [A]
#      site : 01
#    latlon : 45.5749 -94.3965 370.0
#      text : Collegeville
#     label : 
#     plate : metal_20100816_20100506-404-gd3
#      geom : 640 480
#    reject : 0
#
#  fr    time   sum     seq       cx       cy      th      phi    lsp    mag  flag
   30  -1.034  1677 111897997  387.570  266.156  20.590  155.816  -5.94   0.88  0000
   31  -1.001  1646 111897998  391.236  264.196  21.464  153.968  -6.10   0.72  0000
   32  -0.968  1634 111897999  394.417  262.850  22.253  152.717  -5.97   0.85  0000
   33  -0.934  1815 111898000  396.035  261.306  22.629  151.555  -6.06   0.76  0000
   34  -0.901  1828 111898001  398.256  259.415  23.166  150.166  -6.44   0.38  0000
   35  -0.868  1891 111898002  401.210  257.696  23.918  148.912  -6.56   0.26  0000
   36  -0.834  1818 111898003  402.799  255.575  24.307  147.536  -6.53   0.29  0000
   38  -0.767  1984 111898005  407.736  251.915  25.605  145.246  -6.81   0.01  0000
   39  -0.734  1991 111898006  410.095  250.094  26.240  144.190  -6.39   0.43  0000
   40  -0.701  1896 111898007  414.315  247.381  27.395  142.719  -6.31   0.51  0000
   41  -0.667  2311 111898008  414.587  246.340  27.477  142.157  -6.50   0.32  0000
   42  -0.634  2048 111898009  417.875  244.823  28.388  141.429  -6.59   0.23  0000
   43  -0.601  2445 111898010  419.654  243.214  28.895  140.646  -7.00  -0.18  0000
   44  -0.567  2310 111898011  424.024  241.254  30.120  139.821  -6.70   0.12  0000
   45  -0.534  2118 111898012  425.099  239.198  30.459  138.856  -7.01  -0.19  0000
   46  -0.501  2137 111898013  426.455  237.412  30.875  138.059  -6.70   0.12  0000
   47  -0.467  2090 111898014  430.944  235.157  32.165  137.252  -6.85  -0.03  0000
   48  -0.434  2389 111898015  431.232  233.504  32.300  136.506  -6.95  -0.13  0000
   49  -0.400  2183 111898016  433.096  231.672  32.874  135.798  -6.85  -0.03  0000
   50  -0.367  2000 111898017  437.401  229.747  34.122  135.252  -6.70   0.12  0000
   51  -0.334  2248 111898018  437.815  228.297  34.297  134.654  -6.83  -0.01  0000
   52  -0.300  2321 111898019  441.145  226.822  35.269  134.282  -7.11  -0.29  0000
   53  -0.267  2220 111898020  442.707  225.022  35.779  133.655  -7.09  -0.27  0000
   54  -0.234  2278 111898021  444.712  223.462  36.402  133.180  -7.19  -0.37  0000
   55  -0.200  2387 111898022  447.938  221.509  37.380  132.669  -7.27  -0.45  0000
   56  -0.167  2292 111898023  449.384  219.557  37.881  132.028  -7.35  -0.53  0000
   57  -0.133  2502 111898024  451.301  217.480  38.522  131.398  -7.28  -0.46  0000
   58  -0.100  2643 111898025  454.116  216.097  39.369  131.132  -7.36  -0.54  0000
   59  -0.067  2668 111898026  455.876  214.545  39.943  130.718  -7.20  -0.38  0000
   60  -0.033  2689 111898027  457.002  213.605  40.308  130.478  -7.12  -0.30  0000
   61   0.000  3498 111898028  460.748  210.971  41.497  129.885  -7.85  -1.03  0000
   62   0.033  3078 111898029  461.433  209.691  41.771  129.499  -7.93  -1.11  0000
   63   0.067  3137 111898030  462.725  208.170  42.227  129.094  -7.73  -0.91  0000
   64   0.100  2810 111898031  464.633  206.241  42.883  128.620  -7.27  -0.45  0000
   65   0.133  2073 111898032  467.316  205.227  43.684  128.543  -6.70   0.12  0000
