#
#   version : 20090611
#    num_fr : 12
#      time : 20131009 08:21:02.232 UTC
#      unix : 1381306862.232377
#       ntp : LOCK -709 497428 1690
#       seq : 111886473
#       mul : 0 [A]
#      site : 01
#    latlon : 45.5749 -94.3965 370.0
#      text : Collegeville
#     label : 
#     plate : metal_20100816_20100506-404-gd3
#      geom : 640 480
#    reject : 0
#
#  fr    time   sum     seq       cx       cy      th      phi    lsp    mag  flag
   30  -0.300  1972 111886464  454.660  102.779  55.402   98.810  -6.12   0.70  0000
   32  -0.234  2240 111886466  458.475  103.079  56.131   99.634  -6.53   0.29  0000
   33  -0.200  2229 111886467  461.503  102.861  56.810  100.184  -6.84  -0.02  0000
   34  -0.167  2524 111886468  464.896  102.632  57.576  100.788  -6.96  -0.14  0000
   35  -0.133  2752 111886469  467.238  102.430  58.118  101.189  -7.21  -0.39  0000
   36  -0.100  3047 111886470  468.359  101.978  58.448  101.308  -7.45  -0.63  0000
   37  -0.067  3200 111886471  471.367  101.908  59.115  101.845  -7.66  -0.84  0000
   38  -0.033  3210 111886472  474.431  102.052  59.761  102.423  -7.71  -0.89  0000
   39   0.000  3606 111886473  477.526  101.061  60.637  102.775  -7.71  -0.89  0000
   40   0.033  2908 111886474  478.413  101.181  60.812  102.952  -7.26  -0.44  0000
   41   0.067  2344 111886475  481.479  101.732  61.397  103.583  -6.35   0.47  0000
   42   0.100  1947 111886476  485.085  100.946  62.365  104.035  -6.10   0.72  0000
