#
#   version : 20090611
#    num_fr : 13
#      time : 20101213 09:13:29.798 UTC
#      unix : 1292231609.798371
#       ntp : LOCK 168 922606 642
#       seq : 32622019
#       mul : 0 [A]
#      site : 01
#    latlon : 45.5749 -94.3965 370.0
#      text : Collegeville
#     label : 
#     plate : metal_20100816_20100506-404-gd3
#      geom : 640 480
#    reject : 0
#
#  fr    time   sum     seq       cx       cy      th      phi    lsp    mag  flag
   29  -0.367  1338 32622008  225.732  208.948  25.476  -11.601  -5.80  -5.80  0000
   31  -0.300  1906 32622010  223.938  207.284  26.109  -11.190  -6.73  -6.73  0000
   32  -0.267  2145 32622011  222.788  205.540  26.594  -10.595  -6.91  -6.91  0000
   33  -0.234  2244 32622012  222.019  204.663  26.885  -10.351  -7.08  -7.08  0000
   34  -0.200  2329 32622013  221.404  203.392  27.187   -9.881  -7.16  -7.16  0000
   35  -0.167  2456 32622014  219.988  201.779  27.728   -9.463  -7.22  -7.22  0000
   36  -0.133  2666 32622015  218.119  200.838  28.300   -9.490  -7.33  -7.33  0000
   37  -0.100  2200 32622016  218.166  199.720  28.425   -8.956  -7.22  -7.22  0000
   38  -0.067  2758 32622017  216.653  197.946  29.015   -8.524  -7.48  -7.48  0000
   39  -0.033  3190 32622018  215.850  196.702  29.367   -8.167  -7.78  -7.78  0000
   40   0.000  3222 32622019  214.601  195.092  29.875   -7.769  -7.90  -7.90  0000
   41   0.033  3130 32622020  214.364  194.004  30.074   -7.355  -7.71  -7.71  0000
   42   0.067  2153 32622021  211.904  192.637  30.846   -7.386  -6.83  -6.83  0000
