#
#   version : 20090611
#    num_fr : 19
#      time : 20101213 09:34:07.306 UTC
#      unix : 1292232847.306354
#       ntp : LOCK -107 516027 610
#       seq : 32659107
#       mul : 0 [A]
#      site : 01
#    latlon : 45.5749 -94.3965 370.0
#      text : Collegeville
#     label : 
#     plate : metal_20100816_20100506-404-gd3
#      geom : 640 480
#    reject : 0
#
#  fr    time   sum     seq       cx       cy      th      phi    lsp    mag  flag
   30  -0.167  2214 32659102  280.835  110.849  37.534   40.541  -6.50  -6.50  0000
   31  -0.133  2784 32659103  279.440  108.621  38.213   40.174  -6.93  -6.93  0000
   32  -0.100  2991 32659104  279.480  106.656  38.730   40.359  -7.13  -7.13  0000
   33  -0.067  3018 32659105  279.916  105.507  39.007   40.626  -7.30  -7.30  0000
   34  -0.033  3106 32659106  279.169  103.347  39.627   40.513  -7.25  -7.25  0000
   35   0.000  3471 32659107  278.226  102.261  39.976   40.241  -7.31  -7.31  0000
   36   0.033  3083 32659108  277.742   99.912  40.632   40.251  -7.22  -7.22  0000
   37   0.067  3018 32659109  277.514   99.224  40.830   40.221  -7.07  -7.07  0000
   38   0.100  2719 32659110  278.112   97.734  41.188   40.562  -6.87  -6.87  0000
   39   0.133  2204 32659111  276.285   94.727  42.108   40.129  -6.62  -6.62  0000
   40   0.167  2400 32659112  276.468   93.354  42.463   40.302  -6.57  -6.57  0000
   41   0.200  2124 32659113  275.968   91.050  43.112   40.299  -6.75  -6.75  0000
   42   0.234  2320 32659114  275.105   88.794  43.772   40.167  -6.81  -6.81  0000
   43   0.267  2624 32659115  274.663   86.913  44.305   40.154  -7.18  -7.18  0000
   44   0.300  2813 32659116  275.163   85.492  44.655   40.431  -7.40  -7.40  0000
   45   0.334  2876 32659117  274.741   83.384  45.249   40.439  -7.38  -7.38  0000
   46   0.367  2594 32659118  273.252   81.519  45.849   40.071  -7.06  -7.06  0000
   47   0.400  2129 32659119  272.635   79.012  46.566   40.047  -6.25  -6.25  0000
   48   0.434  1865 32659120  272.262   77.051  47.121   40.064  -5.97  -5.97  0000
