#
#   version : 20090611
#    num_fr : 12
#      time : 20101213 06:46:36.725 UTC
#      unix : 1292222796.725462
#       ntp : LOCK -1060 624392 827
#       seq : 32357892
#       mul : 0 [A]
#      site : 01
#    latlon : 45.5749 -94.3965 370.0
#      text : Collegeville
#     label : 
#     plate : metal_20100816_20100506-404-gd3
#      geom : 640 480
#    reject : 0
#
#  fr    time   sum     seq       cx       cy      th      phi    lsp    mag  flag
   30  -0.167  1364 32357887  322.733  466.658  58.231 -128.433  -5.72  -5.72  0000
   31  -0.133  1504 32357888  322.649  466.917  58.305 -128.406  -6.06  -6.06  0000
   32  -0.100  1612 32357889  324.955  468.002  58.654 -129.002  -6.05  -6.05  0000
   33  -0.067  2401 32357890  325.347  469.280  59.031 -129.080  -7.35  -7.35  0000
   34  -0.033  2752 32357891  325.472  470.735  59.454 -129.083  -7.79  -7.79  0000
   35   0.000  3748 32357892  326.580  471.724  59.762 -129.353  -8.32  -8.32  0000
   36   0.033  3480 32357893  326.994  472.942  60.124 -129.435  -8.13  -8.13  0000
   37   0.067  3620 32357894  328.215  474.071  60.477 -129.726  -8.11  -8.11  0000
   38   0.100  3376 32357895  328.781  475.330  60.855 -129.843  -8.12  -8.12  0000
   39   0.133  3032 32357896  328.982  476.178  61.107 -129.874  -7.92  -7.92  0000
   40   0.167  2034 32357897  330.165  477.008  61.376 -130.156  -7.21  -7.21  0000
   41   0.200  1028 32357898  330.731  477.160  61.433 -130.297  -5.71  -5.71  0000
