#
#   version : 20090611
#    num_fr : 13
#      time : 20101213 11:49:02.191 UTC
#      unix : 1292240942.191734
#       ntp : LOCK -654 476703 449
#       seq : 32901710
#       mul : 0 [A]
#      site : 01
#    latlon : 45.5749 -94.3965 370.0
#      text : Collegeville
#     label : 
#     plate : metal_20100816_20100506-404-gd3
#      geom : 640 480
#    reject : 0
#
#  fr    time   sum     seq       cx       cy      th      phi    lsp    mag  flag
   29  -0.167  1420 32901705  352.251  292.986  15.445 -170.041  -6.07  -6.07  0000
   30  -0.133  1528 32901706  351.882  292.997  15.378 -169.772  -6.00  -6.00  0000
   31  -0.100  1737 32901707  350.325  292.236  14.949 -169.160  -6.48  -6.48  0000
   32  -0.067  1782 32901708  350.109  291.552  14.780 -169.469  -6.80  -6.80  0000
   33  -0.033  1859 32901709  348.155  290.991  14.318 -168.373  -6.85  -6.85  0000
   34   0.000  2063 32901710  348.263  290.147  14.176 -169.054  -6.98  -6.98  0000
   35   0.033  1919 32901711  347.302  289.965  13.968 -168.427  -6.87  -6.87  0000
   36   0.067  1838 32901712  346.139  289.079  13.589 -168.125  -6.98  -6.98  0000
   37   0.100  1931 32901713  345.139  288.192  13.239 -167.946  -6.79  -6.79  0000
   38   0.133  1599 32901714  343.565  287.230  12.775 -167.308  -6.64  -6.64  0000
   39   0.167  1744 32901715  342.380  286.870  12.498 -166.513  -6.60  -6.60  0000
   40   0.200  1757 32901716  341.530  286.720  12.322 -165.837  -6.21  -6.21  0000
   41   0.234  1582 32901717  340.257  286.181  11.999 -165.033  -6.13  -6.13  0000
