#
#   version : 20090611
#    num_fr : 23
#      time : 20101213 12:55:49.476 UTC
#      unix : 1292244949.476763
#       ntp : LOCK -1335 427356 427
#       seq : 33021808
#       mul : 0 [A]
#      site : 01
#    latlon : 45.5749 -94.3965 370.0
#      text : Collegeville
#     label : 
#     plate : metal_20100816_20100506-404-gd3
#      geom : 640 480
#    reject : 0
#
#  fr    time   sum     seq       cx       cy      th      phi    lsp    mag  flag
   30  -0.634  2308 33021789  259.183   48.725  55.795   38.105  -7.22  -7.22  0000
   31  -0.601  2273 33021790  257.932   47.899  56.120   37.817  -7.35  -7.35  0000
   32  -0.567  3873 33021791  256.054   46.827  56.566   37.378  -7.46  -7.46  0000
   33  -0.534  2479 33021792  255.476   46.377  56.738   37.253  -7.52  -7.52  0000
   34  -0.501  3083 33021793  253.135   45.485  57.179   36.685  -7.79  -7.79  0000
   35  -0.467  4056 33021794  251.183   44.785  57.539   36.214  -7.57  -7.57  0000
   36  -0.434  2565 33021795  251.366   43.444  57.892   36.362  -7.93  -7.93  0000
   37  -0.400  2628 33021796  248.957   42.694  58.311   35.782  -7.89  -7.89  0000
   38  -0.367  2856 33021797  247.674   41.700  58.700   35.521  -7.83  -7.83  0000
   39  -0.334  3869 33021798  246.060   40.864  59.078   35.166  -7.86  -7.86  0000
   40  -0.300  2253 33021799  245.386   40.441  59.258   35.024  -7.83  -7.83  0000
   41  -0.267  2518 33021800  243.022   39.620  59.708   34.482  -7.88  -7.88  0000
   42  -0.234  3745 33021801  241.183   38.775  60.119   34.082  -8.03  -8.03  0000
   43  -0.200  2281 33021802  240.608   37.641  60.487   34.027  -7.92  -7.92  0000
   44  -0.167  2042 33021803  238.645   36.864  60.896   33.598  -7.81  -7.81  0000
   45  -0.133  1569 33021804  237.742   35.998  61.226   33.443  -7.73  -7.73  0000
   46  -0.100  2917 33021805  236.026   34.966  61.685   33.103  -7.76  -7.76  0000
   47  -0.067  2545 33021806  234.756   35.307  61.725   32.764  -7.59  -7.59  0000
   48  -0.033  2142 33021807  232.942   33.656  62.370   32.459  -7.69  -7.69  0000
   49   0.000  4776 33021808  231.132   32.915  62.769   32.084  -7.60  -7.60  0000
   50   0.033  1941 33021809  230.534   32.547  62.935   31.972  -7.48  -7.48  0000
   51   0.067  2225 33021810  228.043   31.640  63.460   31.455  -7.49  -7.49  0000
   53   0.133  3027 33021812  226.013   30.807  63.918   31.048  -7.30  -7.30  0000
