#
#   version : 20090611
#    num_fr : 19
#      time : 20101213 12:10:44.964 UTC
#      unix : 1292242244.964831
#       ntp : LOCK -500 594858 424
#       seq : 32940754
#       mul : 0 [A]
#      site : 01
#    latlon : 45.5749 -94.3965 370.0
#      text : Collegeville
#     label : 
#     plate : metal_20100816_20100506-404-gd3
#      geom : 640 480
#    reject : 0
#
#  fr    time   sum     seq       cx       cy      th      phi    lsp    mag  flag
   29  -0.567  1781 32940737  501.571  425.521  71.400 -173.048  -6.08  -6.08  0000
   31  -0.501  2046 32940739  503.439  424.453  71.617 -173.498  -6.51  -6.51  0000
   32  -0.467  2080 32940740  503.770  424.126  71.628 -173.600  -6.69  -6.69  0000
   33  -0.434  2262 32940741  504.058  424.123  71.694 -173.642  -6.76  -6.76  0000
   34  -0.400  2359 32940742  505.952  423.577  72.028 -174.004  -6.74  -6.74  0000
   35  -0.367  2508 32940743  507.170  423.018  72.203 -174.269  -7.04  -7.04  0000
   36  -0.334  2539 32940744  508.224  422.164  72.283 -174.561  -7.07  -7.07  0000
   37  -0.300  2496 32940745  508.515  422.105  72.340 -174.612  -7.20  -7.20  0000
   38  -0.267  2563 32940746  509.600  421.337  72.447 -174.892  -7.10  -7.10  0000
   39  -0.234  2674 32940747  510.280  421.042  72.551 -175.036  -7.04  -7.04  0000
   40  -0.200  2562 32940748  511.656  420.584  72.792 -175.302  -7.28  -7.28  0000
   41  -0.167  2451 32940749  512.548  419.882  72.869 -175.542  -7.12  -7.12  0000
   42  -0.133  2891 32940750  512.879  419.077  72.793 -175.724  -7.24  -7.24  0000
   43  -0.100  2622 32940751  513.826  418.810  72.970 -175.897  -7.05  -7.05  0000
   44  -0.067  2922 32940752  515.624  418.496  73.348 -176.191  -7.46  -7.46  0000
   45  -0.033  3588 32940753  516.510  417.671  73.406 -176.449  -7.81  -7.81  0000
   46   0.000  3628 32940754  517.231  417.415  73.534 -176.588  -7.95  -7.95  0000
   47   0.033  2354 32940755  518.361  416.668  73.670 -176.863  -6.87  -6.87  0000
   48   0.067  1795 32940756  519.276  416.142  73.797 -177.072  -6.14  -6.14  0000
