#
#   version : 20090611
#    num_fr : 12
#      time : 20101213 04:55:42.717 UTC
#      unix : 1292216142.717289
#       ntp : LOCK 1160 879483 689
#       seq : 32158472
#       mul : 0 [A]
#      site : 01
#    latlon : 45.5749 -94.3965 370.0
#      text : Collegeville
#     label : 
#     plate : metal_20100816_20100506-404-gd3
#      geom : 640 480
#    reject : 0
#
#  fr    time   sum     seq       cx       cy      th      phi    lsp    mag  flag
   29  -0.267  2108 32158464  168.232  234.015  39.233  -30.407  -6.33  -6.33  0000
   30  -0.234  2183 32158465  168.759  234.688  39.066  -30.640  -6.72  -6.72  0000
   31  -0.200  2221 32158466  168.803  235.123  39.041  -30.805  -6.74  -6.74  0000
   32  -0.167  2340 32158467  168.233  236.169  39.174  -31.229  -7.06  -7.06  0000
   33  -0.133  2441 32158468  167.799  236.618  39.284  -31.417  -7.16  -7.16  0000
   34  -0.100  3121 32158469  168.458  238.158  39.064  -31.981  -7.65  -7.65  0000
   35  -0.067  3336 32158470  168.143  238.619  39.142  -32.169  -7.73  -7.73  0000
   36  -0.033  3521 32158471  167.986  239.714  39.165  -32.593  -7.90  -7.90  0000
   37   0.000  3607 32158472  167.834  240.282  39.197  -32.815  -7.97  -7.97  0000
   38   0.033  3484 32158473  167.866  241.473  39.168  -33.270  -7.86  -7.86  0000
   39   0.067  3029 32158474  167.901  242.182  39.148  -33.541  -7.70  -7.70  0000
   40   0.100  2395 32158475  166.777  243.242  39.450  -33.971  -6.97  -6.97  0000
