#
#   version : 20090611
#    num_fr : 19
#      time : 20101213 07:39:54.532 UTC
#      unix : 1292225994.532654
#       ntp : LOCK 175 670871 770
#       seq : 32453730
#       mul : 0 [A]
#      site : 01
#    latlon : 45.5749 -94.3965 370.0
#      text : Collegeville
#     label : 
#     plate : metal_20100816_20100506-404-gd3
#      geom : 640 480
#    reject : 0
#
#  fr    time   sum     seq       cx       cy      th      phi    lsp    mag  flag
   30  -0.467  1594 32453716  465.091  181.872  45.243  120.744  -6.05  -6.05  0000
   31  -0.434  2070 32453717  465.857  181.017  45.536  120.587  -6.63  -6.63  0000
   32  -0.400  2177 32453718  468.981  180.728  46.378  120.926  -7.00  -7.00  0000
   33  -0.367  2419 32453719  468.893  179.690  46.470  120.601  -7.11  -7.11  0000
   34  -0.334  2974 32453720  471.866  178.951  47.324  120.780  -7.70  -7.70  0000
   35  -0.300  3117 32453721  472.764  178.826  47.572  120.862  -7.84  -7.84  0000
   36  -0.267  3256 32453722  474.162  178.011  48.027  120.807  -7.94  -7.94  0000
   37  -0.234  3814 32453723  476.385  177.480  48.666  120.942  -8.19  -8.19  0000
   38  -0.200  3711 32453724  477.431  176.973  48.996  120.930  -8.32  -8.32  0000
   39  -0.167  4451 32453725  479.150  176.221  49.530  120.935  -8.48  -8.48  0000
   40  -0.133  4582 32453726  481.038  175.525  50.102  120.976  -8.60  -8.60  0000
   41  -0.100  4758 32453727  482.231  174.548  50.524  120.852  -8.64  -8.64  0000
   42  -0.067  6549 32453728  484.266  174.115  51.108  120.984  -9.15  -9.15  0000
   43  -0.033  5335 32453729  485.627  173.324  51.555  120.934  -8.89  -8.89  0000
   44   0.000  6661 32453730  486.854  172.816  51.936  120.945  -9.27  -9.27  0000
   45   0.033  5773 32453731  488.671  172.117  52.494  120.975  -9.11  -9.11  0000
   46   0.067  4526 32453732  490.759  171.367  53.131  121.024  -8.48  -8.48  0000
   47   0.100  3405 32453733  491.364  171.521  53.275  121.136  -7.92  -7.92  0000
   48   0.133  1970 32453734  493.261  171.562  53.776  121.368  -6.35  -6.35  0000
