#
#   version : 20090611
#    num_fr : 14
#      time : 20101213 08:26:39.045 UTC
#      unix : 1292228799.045643
#       ntp : LOCK 129 1055701 721
#       seq : 32537781
#       mul : 0 [A]
#      site : 01
#    latlon : 45.5749 -94.3965 370.0
#      text : Collegeville
#     label : 
#     plate : metal_20100816_20100506-404-gd3
#      geom : 640 480
#    reject : 0
#
#  fr    time   sum     seq       cx       cy      th      phi    lsp    mag  flag
   30  -0.300  1814 32537772  335.223   90.849  42.439   62.132  -6.18  -6.18  0000
   31  -0.267  2396 32537773  335.308   88.825  42.991   62.049  -6.66  -6.66  0000
   32  -0.234  2503 32537774  336.183   87.590  43.363   62.294  -6.78  -6.78  0000
   33  -0.200  2586 32537775  335.630   85.333  43.953   61.973  -6.63  -6.63  0000
   34  -0.167  2987 32537776  337.503   84.043  44.383   62.558  -6.85  -6.85  0000
   35  -0.133  2872 32537777  338.020   83.124  44.655   62.686  -6.95  -6.95  0000
   36  -0.100  2826 32537778  337.498   80.554  45.333   62.361  -7.07  -7.07  0000
   37  -0.067  3170 32537779  339.008   78.880  45.855   62.782  -7.32  -7.32  0000
   38  -0.033  3268 32537780  339.128   77.126  46.340   62.724  -7.19  -7.19  0000
   39   0.000  3470 32537781  340.100   75.780  46.752   62.972  -7.66  -7.66  0000
   40   0.033  3373 32537782  339.482   73.574  47.328   62.645  -7.25  -7.25  0000
   41   0.067  3050 32537783  340.576   72.043  47.796   62.918  -7.03  -7.03  0000
   42   0.100  2721 32537784  341.605   70.798  48.186   63.181  -6.56  -6.56  0000
   43   0.133  2672 32537785  340.819   68.964  48.653   62.828  -6.49  -6.49  0000
