#
#   version : 20090611
#    num_fr : 20
#      time : 20121120 08:06:30.762 UTC
#      unix : 1353398790.762143
#       ntp : LOCK 2308 514313 914
#       seq : 26932491
#       mul : 0 [A]
#      site : 01
#    latlon : 45.5749 -94.3965 370.0
#      text : Collegeville
#     label : 
#     plate : metal_20100816_20100506-404-gd3
#      geom : 640 480
#    reject : 0
#
#  fr    time   sum     seq       cx       cy      th      phi    lsp    mag  flag
   30  -0.267  1312 26932483  430.688  304.554  34.964  168.375  -5.68   1.14  0000
   31  -0.234  1867 26932484  431.931  306.243  35.463  168.814  -6.26   0.56  0000
   32  -0.200  2402 26932485  435.840  308.446  36.693  168.971  -7.48  -0.66  0000
   33  -0.167  3162 26932486  437.987  310.201  37.432  169.253  -7.95  -1.13  0000
   34  -0.133  3944 26932487  440.826  311.983  38.350  169.419  -8.41  -1.59  0000
   35  -0.100  4538 26932488  442.224  313.706  38.901  169.796  -8.57  -1.75  0000
   36  -0.067  4864 26932489  444.909  315.250  39.756  169.888  -8.80  -1.98  0000
   37  -0.033  4545 26932490  446.986  316.932  40.476  170.122  -8.76  -1.94  0000
   38   0.000  5220 26932491  450.259  319.112  41.559  170.321  -8.79  -1.97  0000
   39   0.033  4117 26932492  451.693  320.757  42.118  170.629  -8.50  -1.68  0000
   40   0.067  4341 26932493  453.895  322.601  42.896  170.872  -8.56  -1.74  0000
   41   0.100  4491 26932494  457.249  324.602  43.985  170.977  -8.54  -1.72  0000
   42   0.133  4125 26932495  458.830  326.199  44.581  171.225  -8.46  -1.64  0000
   43   0.167  4614 26932496  461.219  328.192  45.431  171.462  -8.53  -1.71  0000
   44   0.200  4028 26932497  463.936  329.803  46.319  171.531  -8.37  -1.55  0000
   45   0.234  3382 26932498  464.892  331.043  46.717  171.751  -8.00  -1.18  0000
   46   0.267  2817 26932499  467.612  332.770  47.624  171.846  -7.54  -0.72  0000
   47   0.300  2284 26932500  469.567  334.426  48.330  172.029  -7.11  -0.29  0000
   48   0.334  1741 26932501  471.630  336.009  49.057  172.173  -6.39   0.43  0000
   49   0.367  1715 26932502  474.002  338.435  49.973  172.497  -6.11   0.71  0000
