#
#   version : 20090611
#    num_fr : 12
#      time : 20121120 06:48:36.852 UTC
#      unix : 1353394116.852400
#       ntp : LOCK -104 1510085 860
#       seq : 26792414
#       mul : 0 [A]
#      site : 01
#    latlon : 45.5749 -94.3965 370.0
#      text : Collegeville
#     label : 
#     plate : metal_20100816_20100506-404-gd3
#      geom : 640 480
#    reject : 0
#
#  fr    time   sum     seq       cx       cy      th      phi    lsp    mag  flag
   29  -0.267  1767 26792406  200.577  344.180  39.109  -75.661  -6.34   0.48  0000
   30  -0.234  2174 26792407  202.326  346.628  39.162  -76.820  -6.78   0.04  0000
   31  -0.200  2541 26792408  204.472  350.141  39.342  -78.382  -7.20  -0.38  0000
   32  -0.167  2803 26792409  206.716  352.903  39.391  -79.748  -7.47  -0.65  0000
   33  -0.133  2810 26792410  208.952  356.654  39.657  -81.373  -7.57  -0.75  0000
   34  -0.100  2741 26792411  211.556  360.083  39.821  -82.995  -7.55  -0.73  0000
   35  -0.067  3016 26792412  213.271  363.005  40.083  -84.222  -7.62  -0.80  0000
   36  -0.033  3162 26792413  215.075  366.447  40.455  -85.583  -7.71  -0.89  0000
   37   0.000  3561 26792414  218.028  370.004  40.671  -87.284  -7.94  -1.12  0000
   38   0.033  3298 26792415  220.666  371.940  40.626  -88.511  -7.70  -0.88  0000
   39   0.067  2298 26792416  221.472  374.725  41.097  -89.368  -6.78   0.04  0000
   40   0.100  1502 26792417  224.473  378.553  41.450  -91.088  -5.53   1.29  0000
