#
#   version : 20090611
#    num_fr : 22
#      time : 20121120 07:08:05.188 UTC
#      unix : 1353395285.188128
#       ntp : LOCK 518 586275 862
#       seq : 26827429
#       mul : 0 [A]
#      site : 01
#    latlon : 45.5749 -94.3965 370.0
#      text : Collegeville
#     label : 
#     plate : metal_20100816_20100506-404-gd3
#      geom : 640 480
#    reject : 0
#
#  fr    time   sum     seq       cx       cy      th      phi    lsp    mag  flag
   29  -0.467  2234 26827415  503.362  363.500  60.931  174.701  -6.86  -0.04  0000
   30  -0.434  2606 26827416  504.481  364.818  61.412  174.852  -7.28  -0.46  0000
   33  -0.334  3091 26827419  505.706  368.593  62.286  175.521  -7.60  -0.78  0000
   34  -0.300  3445 26827420  506.418  369.312  62.577  175.586  -7.74  -0.92  0000
   35  -0.267  3573 26827421  507.642  370.879  63.128  175.768  -7.92  -1.10  0000
   36  -0.234  3713 26827422  508.122  371.268  63.311  175.790  -8.11  -1.29  0000
   37  -0.200  3871 26827423  508.535  372.913  63.667  176.086  -8.08  -1.26  0000
   38  -0.167  4520 26827424  508.953  373.370  63.844  176.130  -8.46  -1.64  0000
   39  -0.133  4608 26827425  509.869  374.915  64.318  176.338  -8.47  -1.65  0000
   40  -0.100  4738 26827426  510.146  376.025  64.561  176.534  -8.60  -1.78  0000
   42  -0.033  4771 26827428  511.375  377.933  65.174  176.773  -8.64  -1.82  0000
   43   0.000  5082 26827429  511.677  378.610  65.358  176.874  -8.66  -1.84  0000
   44   0.033  4948 26827430  512.321  379.562  65.673  176.987  -8.66  -1.84  0000
   45   0.067  4991 26827431  513.306  380.904  66.139  177.136  -8.57  -1.75  0000
   46   0.100  4347 26827432  513.536  381.846  66.348  177.296  -8.51  -1.69  0000
   47   0.133  4327 26827433  514.505  382.964  66.776  177.399  -8.33  -1.51  0000
   48   0.167  4259 26827434  514.973  383.689  67.013  177.485  -8.36  -1.54  0000
   49   0.200  3710 26827435  514.873  384.660  67.144  177.690  -8.17  -1.35  0000
   50   0.234  3828 26827436  515.495  385.318  67.410  177.742  -8.00  -1.18  0000
   51   0.267  3158 26827437  516.178  386.523  67.782  177.894  -7.72  -0.90  0000
   52   0.300  3937 26827438  516.594  387.239  68.006  177.982  -8.14  -1.32  0000
   53   0.334  1528 26827439  516.147  388.002  68.017  178.186  -5.46   1.36  0000
