#
#   version : 20090611
#    num_fr : 44
#      time : 20121102 03:00:22.567 UTC
#      unix : 1351825222.567604
#       ntp : LOCK 18 164994 749
#       seq : 178822965
#       mul : 0 [A]
#      site : 01
#    latlon : 45.5749 -94.3965 370.0
#      text : Collegeville
#     label : 
#     plate : metal_20100816_20100506-404-gd3
#      geom : 640 480
#    reject : 0
#
#  fr    time   sum     seq       cx       cy      th      phi    lsp    mag  flag
   30  -0.934  4243 178822937  237.964  130.783  37.200   20.861  -7.24  -0.42  0000
   33  -0.834  2263 178822940  241.225  130.339  36.818   22.126  -7.16  -0.34  0000
   34  -0.801  4687 178822941  244.559  130.531  36.297   23.313  -6.90  -0.08  0000
   35  -0.767  5198 178822942  244.679  130.795  36.218   23.303  -7.46  -0.64  0000
   36  -0.734  4321 178822943  246.007  130.033  36.213   23.956  -7.12  -0.30  0000
   37  -0.701  3461 178822944  247.303  130.550  35.913   24.342  -7.43  -0.61  0000
   38  -0.667  6004 178822945  248.104  130.749  35.758   24.608  -7.54  -0.72  0000
   39  -0.634  4880 178822946  249.188  129.874  35.821   25.197  -7.82  -1.00  0000
   40  -0.601  3831 178822947  251.474  130.567  35.356   25.949  -7.86  -1.04  0000
   41  -0.567  7276 178822948  252.187  129.872  35.432   26.362  -7.84  -1.02  0000
   42  -0.534  3923 178822949  254.685  130.304  35.014   27.270  -7.97  -1.15  0000
   43  -0.500  5150 178822950  255.705  129.785  35.016   27.775  -8.07  -1.25  0000
   44  -0.467  6260 178822951  255.959  129.885  34.961   27.859  -8.52  -1.70  0000
   45  -0.434  4133 178822952  258.438  130.172  34.597   28.814  -8.48  -1.66  0000
   46  -0.400  8813 178822953  259.440  129.812  34.570   29.289  -8.59  -1.77  0000
   47  -0.367  6189 178822954  261.436  130.284  34.228   30.035  -8.77  -1.95  0000
   48  -0.334  9174 178822955  262.433  129.917  34.210   30.515  -8.75  -1.93  0000
   49  -0.300  8198 178822956  264.417  130.432  33.869   31.267  -8.73  -1.91  0000
   50  -0.267  6560 178822957  265.915  129.589  33.924   32.043  -8.63  -1.81  0000
   51  -0.234  6568 178822958  268.225  130.218  33.536   32.940  -8.88  -2.06  0000
   52  -0.200  7342 178822959  269.561  129.892  33.489   33.572  -8.78  -1.96  0000
   53  -0.167  8298 178822960  271.366  130.477  33.172   34.280  -8.75  -1.93  0000
   54  -0.133  7826 178822961  272.624  129.807  33.229   34.934  -8.80  -1.98  0000
   55  -0.100  6585 178822962  274.586  130.331  32.925   35.738  -8.66  -1.84  0000
   56  -0.067  7317 178822963  275.942  129.719  32.968   36.431  -8.82  -2.00  0000
   57  -0.033  6387 178822964  278.454  130.253  32.631   37.505  -8.95  -2.13  0000
   58   0.000  9179 178822965  279.588  129.789  32.665   38.081  -8.87  -2.05  0000
   59   0.033  7807 178822966  282.379  129.863  32.447   39.361  -8.94  -2.12  0000
   60   0.067  9012 178822967  282.988  129.799  32.423   39.650  -9.03  -2.21  0000
   61   0.100  7056 178822968  285.640  129.794  32.254   40.891  -8.73  -1.91  0000
   62   0.133  6385 178822969  288.096  129.802  32.108   42.050  -8.82  -2.00  0000
   63   0.167  8822 178822970  289.471  129.911  32.005   42.694  -8.73  -1.91  0000
   64   0.200  6760 178822971  291.459  130.555  31.735   43.594  -8.63  -1.81  0000
   65   0.234  8414 178822972  292.683  130.024  31.818   44.224  -8.54  -1.72  0000
   66   0.267  6355 178822973  295.468  130.025  31.700   45.569  -8.65  -1.83  0000
   67   0.300  4581 178822974  298.053  130.587  31.457   46.797  -8.35  -1.53  0000
   68   0.334  5009 178822975  300.703  130.581  31.379   48.098  -8.04  -1.22  0000
   69   0.367  5704 178822976  301.280  130.733  31.323   48.375  -7.73  -0.91  0000
   70   0.400  3697 178822977  304.993  130.804  31.224   50.209  -7.58  -0.76  0000
   71   0.434  3774 178822978  307.591  130.859  31.173   51.498  -7.44  -0.62  0000
   72   0.467  5129 178822979  307.658  131.347  31.042   51.524  -8.43  -1.61  0000
   73   0.500  4571 178822980  310.925  131.514  30.975   53.155  -8.16  -1.34  0000
   74   0.534  5186 178822981  311.478  131.842  30.886   53.433  -7.40  -0.58  0000
   75   0.567  4438 178822982  313.872  131.824  30.893   54.633  -7.18  -0.36  0000
