#
#   version : 20090611
#    num_fr : 14
#      time : 20121102 06:38:17.095 UTC
#      unix : 1351838297.095364
#       ntp : LOCK 147 546689 548
#       seq : 179214806
#       mul : 0 [A]
#      site : 01
#    latlon : 45.5749 -94.3965 370.0
#      text : Collegeville
#     label : 
#     plate : metal_20100816_20100506-404-gd3
#      geom : 640 480
#    reject : 0
#
#  fr    time   sum     seq       cx       cy      th      phi    lsp    mag  flag
   29  -0.300  4038 179214797  333.319  441.035  51.175 -132.134  -6.34   0.48  0000
   30  -0.267  3243 179214798  334.063  443.851  51.990 -132.250  -6.53   0.29  0000
   31  -0.234  4369 179214799  335.867  446.745  52.864 -132.669  -6.85  -0.03  0000
   32  -0.200  4404 179214800  336.305  447.111  52.983 -132.782  -6.94  -0.12  0000
   33  -0.167  3259 179214801  338.155  449.303  53.669 -133.227  -6.89  -0.07  0000
   34  -0.133  2828 179214802  336.998  450.231  53.888 -132.856  -7.22  -0.40  0000
   35  -0.100  3906 179214803  337.424  452.393  54.514 -132.891  -7.30  -0.48  0000
   36  -0.067  4413 179214804  339.356  454.293  55.125 -133.358  -7.56  -0.74  0000
   37  -0.033  3831 179214805  340.968  456.235  55.740 -133.724  -7.58  -0.76  0000
   38   0.000  4895 179214806  341.113  458.358  56.349 -133.672  -7.49  -0.67  0000
   39   0.033  3598 179214807  342.109  460.708  57.059 -133.843  -7.26  -0.44  0000
   40   0.067  4186 179214808  341.604  461.079  57.143 -133.690  -6.88  -0.06  0000
   42   0.133  4270 179214810  344.110  464.292  58.167 -134.223  -6.66   0.16  0000
   43   0.167  2478 179214811  344.818  466.798  58.916 -134.298  -6.39   0.43  0000
