#
#   version : 20090611
#    num_fr : 21
#      time : 20140228 09:10:39.900 UTC
#      unix : 1393578639.900749
#       ntp : LOCK 742 354953 1323
#       seq : 479662930
#       mul : 0 [A]
#      site : 01
#    latlon : 45.5749 -94.3965 370.0
#      text : Collegeville
#     label : 
#     plate : metal_20100816_20100506-404-gd3
#      geom : 640 480
#    reject : 0
#
#  fr    time   sum     seq       cx       cy      th      phi    lsp    mag  flag
   29  -0.534  3044 479662914  449.965  189.163  40.555  120.917  -6.64   0.18  0000
   30  -0.501  3615 479662915  452.967  188.775  41.368  121.236  -7.08  -0.26  0000
   31  -0.467  3818 479662916  454.683  187.936  41.899  121.206  -7.53  -0.71  0000
   32  -0.434  4341 479662917  458.472  187.076  42.969  121.468  -8.09  -1.27  0000
   33  -0.400  5186 479662918  461.522  186.659  43.805  121.758  -8.48  -1.66  0000
   34  -0.367  5562 479662919  464.374  185.941  44.622  121.916  -8.59  -1.77  0000
   35  -0.334  5999 479662920  467.338  185.612  45.431  122.205  -8.63  -1.81  0000
   36  -0.300  7018 479662921  469.701  184.612  46.154  122.202  -8.95  -2.13  0000
   37  -0.267  7828 479662922  472.135  184.658  46.790  122.525  -9.14  -2.32  0000
   38  -0.234  9038 479662923  475.012  184.297  47.586  122.771  -9.35  -2.53  0000
   39  -0.200  8288 479662924  476.924  183.494  48.173  122.765  -9.55  -2.73  0000
   40  -0.167  7871 479662925  480.678  182.842  49.236  123.020  -9.53  -2.71  0000
   41  -0.133  8820 479662926  481.939  181.963  49.661  122.914  -9.62  -2.80  0000
   42  -0.100  8459 479662927  485.191  181.702  50.555  123.213  -9.74  -2.92  0000
   43  -0.067  8617 479662928  488.802  180.754  51.618  123.351  -9.68  -2.86  0000
   44  -0.033  8886 479662929  491.212  180.288  52.314  123.486  -9.41  -2.59  0000
   45   0.000  9428 479662930  493.840  180.058  53.046  123.705  -9.39  -2.57  0000
   46   0.033  7882 479662931  495.758  179.802  53.591  123.838  -9.36  -2.54  0000
   47   0.067  7939 479662932  498.214  179.518  54.286  124.016  -9.12  -2.30  0000
   48   0.100  3926 479662933  501.064  179.354  55.079  124.261  -7.14  -0.32  0000
   49   0.133  3568 479662934  502.436  177.825  55.603  123.999  -6.91  -0.09  0000
