#
#   version : 20090611
#    num_fr : 17
#      time : 20100928 02:16:22.748 UTC
#      unix : 1285640182.748235
#       ntp : LOCK -18383 844279 14280
#       seq : 49118938
#       mul : 0 [A]
#      site : 01
#    latlon : 45.5749 -94.3965 370.0
#      text : Collegeville
#     label : 
#     plate : metal 20090611
#      geom : 640 480
#    reject : 0
#
#  fr    time   sum     seq       cx       cy      th      phi    lsp    mag  flag
   30  -0.501  2115 49118923  276.153  130.070  29.126   38.179  -6.56  -6.56  0000
   31  -0.467  2137 49118924  275.929  130.190  29.115   38.049  -6.85  -6.85  0000
   32  -0.434  1989 49118925  275.082  131.406  28.887   37.423  -6.53  -6.53  0000
   33  -0.400  2254 49118926  274.667  131.345  28.940   37.229  -6.41  -6.41  0000
   34  -0.367  1980 49118927  273.167  132.862  28.704   36.216  -6.26  -6.26  0000
   35  -0.334  2278 49118928  271.903  133.975  28.552   35.381  -6.45  -6.45  0000
   36  -0.300  2205 49118929  271.846  135.204  28.256   35.110  -6.75  -6.75  0000
   37  -0.267  2845 49118930  271.877  136.961  27.821   34.769  -7.32  -7.32  0000
   38  -0.234  4433 49118931  269.903  137.984  27.779   33.566  -8.44  -8.44  0000
   39  -0.200  5271 49118932  269.534  138.723  27.640   33.220  -8.59  -8.59  0000
   40  -0.167  5923 49118933  268.207  140.007  27.478   32.269  -8.98  -8.98  0000
   41  -0.133  5901 49118934  267.850  140.981  27.286   31.865  -8.74  -8.74  0000
   42  -0.100  4811 49118935  266.903  142.152  27.117   31.111  -8.45  -8.45  0000
   43  -0.067  4512 49118936  266.392  143.181  26.933   30.602  -8.32  -8.32  0000
   44  -0.033  4127 49118937  265.814  144.855  26.609   29.887  -8.14  -8.14  0000
   45   0.000  8032 49118938  264.150  146.231  26.497   28.689  -9.32  -9.32  0000
   46   0.033  4779 49118939  263.436  147.493  26.297   27.986  -8.36  -8.36  0000
