#
#   version : 20090611
#    num_fr : 12
#      time : 20120818 03:49:30.805 UTC
#      unix : 1345261770.805967
#       ntp : LOCK -100 421139 1380
#       seq : 18177738
#       mul : 0 [A]
#      site : 01
#    latlon : 45.5749 -94.3965 370.0
#      text : Collegeville
#     label : 
#     plate : metal_20100816_20100506-404-gd3
#      geom : 640 480
#    reject : 0
#
#  fr    time   sum     seq       cx       cy      th      phi    lsp    mag  flag
   30  -0.334  1829 18177728  122.994  381.068  63.614  -70.317  -6.13   0.69  0000
   31  -0.300  2050 18177729  122.589  382.495  63.955  -70.545  -6.63   0.19  0000
   32  -0.267  2198 18177730  123.639  384.399  64.010  -71.067  -6.59   0.23  0000
   33  -0.234  2361 18177731  123.037  386.827  64.576  -71.457  -6.94  -0.12  0000
   34  -0.200  3116 18177732  122.834  388.719  64.953  -71.794  -7.37  -0.55  0000
   35  -0.167  3296 18177733  123.513  390.684  65.126  -72.266  -7.73  -0.91  0000
   36  -0.133  3337 18177734  123.068  393.121  65.667  -72.665  -8.00  -1.18  0000
   37  -0.100  3530 18177735  123.282  394.964  65.943  -73.040  -7.90  -1.08  0000
   38  -0.067  3856 18177736  123.637  396.879  66.201  -73.447  -8.13  -1.31  0000
   39  -0.033  3341 18177737  123.824  398.849  66.514  -73.836  -8.04  -1.22  0000
   40   0.000  3874 18177738  123.251  401.020  67.055  -74.148  -8.05  -1.23  0000
   41   0.033  2910 18177739  124.049  402.589  67.151  -74.546  -7.48  -0.66  0000
