#
#   version : 20090611
#    num_fr : 36
#      time : 20120215 12:15:47.729 UTC
#      unix : 1329308147.729522
#       ntp : LOCK -226 929594 718
#       seq : 59346053
#       mul : 0 [A]
#      site : 01
#    latlon : 45.5749 -94.3965 370.0
#      text : Collegeville
#     label : 
#     plate : metal_20100816_20100506-404-gd3
#      geom : 640 480
#    reject : 0
#
#  fr    time   sum     seq       cx       cy      th      phi    lsp    mag  flag
   30  -0.834  3832 59346028  398.184  424.945  52.175 -152.312  -6.58   0.24  0000
   31  -0.801  2485 59346029  399.567  423.329  51.950 -152.900  -6.44   0.38  0000
   32  -0.767  3486 59346030  399.810  422.913  51.879 -153.022  -6.58   0.24  0000
   33  -0.734  3700 59346031  400.722  422.036  51.782 -153.386  -6.85  -0.03  0000
   34  -0.701  3888 59346032  400.979  420.373  51.403 -153.691  -7.20  -0.38  0000
   35  -0.667  3737 59346033  400.970  420.067  51.325 -153.733  -7.13  -0.31  0000
   36  -0.634  4130 59346034  402.349  418.348  51.090 -154.350  -7.30  -0.48  0000
   37  -0.601  3490 59346035  403.194  417.111  50.903 -154.758  -7.17  -0.35  0000
   38  -0.567  3801 59346036  404.128  416.604  50.911 -155.081  -7.30  -0.48  0000
   39  -0.534  3301 59346037  404.593  415.978  50.824 -155.299  -7.32  -0.50  0000
   40  -0.501  4071 59346038  405.378  414.980  50.694 -155.659  -7.02  -0.20  0000
   41  -0.467  4103 59346039  406.967  414.113  50.715 -156.211  -7.19  -0.37  0000
   42  -0.434  3982 59346040  407.982  412.653  50.513 -156.708  -7.30  -0.48  0000
   43  -0.400  3841 59346041  409.710  411.323  50.454 -157.373  -7.18  -0.36  0000
   44  -0.367  3630 59346042  408.669  409.452  49.850 -157.408  -7.28  -0.46  0000
   45  -0.334  3772 59346043  410.938  409.655  50.245 -157.966  -7.26  -0.44  0000
   46  -0.300  4030 59346044  411.184  407.909  49.871 -158.323  -7.40  -0.58  0000
   47  -0.267  4184 59346045  412.116  406.308  49.641 -158.838  -7.32  -0.50  0000
   48  -0.234  3944 59346046  413.164  405.303  49.572 -159.283  -7.39  -0.57  0000
   49  -0.200  3980 59346047  414.031  404.077  49.426 -159.722  -7.20  -0.38  0000
   50  -0.167  3869 59346048  414.825  403.043  49.316 -160.110  -7.26  -0.44  0000
   51  -0.133  3222 59346049  415.148  401.406  48.992 -160.488  -7.30  -0.48  0000
   52  -0.100  3799 59346050  416.032  400.243  48.873 -160.927  -7.12  -0.30  0000
   53  -0.067  3746 59346051  417.075  398.978  48.759 -161.429  -7.40  -0.58  0000
   54  -0.033  4640 59346052  417.604  398.124  48.655 -161.724  -7.93  -1.11  0000
   55   0.000  5412 59346053  418.839  395.726  48.328 -162.495  -8.13  -1.31  0000
   56   0.033  5238 59346054  420.708  395.506  48.602 -163.009  -8.26  -1.44  0000
   57   0.067  5119 59346055  420.492  393.323  48.083 -163.382  -8.01  -1.19  0000
   58   0.100  4740 59346056  421.507  392.272  48.031 -163.846  -7.92  -1.10  0000
   59   0.133  4630 59346057  423.846  390.420  48.047 -164.802  -7.74  -0.92  0000
   60   0.167  4209 59346058  424.315  389.828  48.004 -165.039  -7.81  -0.99  0000
   61   0.200  4277 59346059  425.943  387.926  47.896 -165.832  -7.68  -0.86  0000
   62   0.234  4112 59346060  426.652  386.241  47.671 -166.359  -7.17  -0.35  0000
   63   0.267  3326 59346061  427.118  384.331  47.358 -166.879  -7.15  -0.33  0000
   64   0.300  3406 59346062  428.074  382.982  47.258 -167.403  -6.58   0.24  0000
   66   0.367  3274 59346064  431.035  379.951  47.207 -168.780  -6.31   0.51  0000
