#
#   version : 20090611
#    num_fr : 17
#      time : 20121031 11:29:42.073 UTC
#      unix : 1351682982.073549
#       ntp : LOCK 52 760459 653
#       seq : 174560057
#       mul : 0 [A]
#      site : 01
#    latlon : 45.5749 -94.3965 370.0
#      text : Collegeville
#     label : 
#     plate : metal_20100816_20100506-404-gd3
#      geom : 640 480
#    reject : 0
#
#  fr    time   sum     seq       cx       cy      th      phi    lsp    mag  flag
   30  -0.334  2959 174560047  389.199  244.154  20.655  139.870  -6.45   0.37  0000
   31  -0.300  4178 174560048  390.734  245.977  21.037  141.240  -6.86  -0.04  0000
   33  -0.234  3856 174560050  389.424  248.880  20.660  143.275  -7.39  -0.57  0000
   34  -0.200  3007 174560051  388.076  250.846  20.297  144.696  -7.57  -0.75  0000
   35  -0.167  2602 174560052  387.537  252.209  20.158  145.704  -7.25  -0.43  0000
   36  -0.133  4047 174560053  386.348  254.686  19.868  147.577  -7.52  -0.70  0000
   37  -0.100  3037 174560054  386.056  255.806  19.809  148.428  -7.74  -0.92  0000
   38  -0.067  4356 174560055  385.254  257.179  19.625  149.508  -7.25  -0.43  0000
   39  -0.033  5212 174560056  385.107  258.930  19.634  150.838  -7.50  -0.68  0000
   40   0.000  5515 174560057  383.304  260.871  19.221  152.489  -7.56  -0.74  0000
   41   0.033  4895 174560058  382.728  262.155  19.120  153.541  -7.18  -0.36  0000
   42   0.067  4522 174560059  383.786  264.034  19.485  154.820  -7.34  -0.52  0000
   43   0.100  3310 174560060  382.982  266.655  19.413  156.906  -7.26  -0.44  0000
   44   0.133  4419 174560061  381.749  268.009  19.173  158.142  -6.99  -0.17  0000
   45   0.167  4236 174560062  381.984  268.329  19.255  158.336  -7.19  -0.37  0000
   46   0.200  4564 174560063  380.818  270.105  19.073  159.901  -6.93  -0.11  0000
   47   0.234  2871 174560064  381.039  272.051  19.274  161.297  -6.81   0.01  0000
