#
#   version : 20090611
#    num_fr : 14
#      time : 20121031 04:57:36.246 UTC
#      unix : 1351659456.246120
#       ntp : LOCK 145 766874 647
#       seq : 173854995
#       mul : 0 [A]
#      site : 01
#    latlon : 45.5749 -94.3965 370.0
#      text : Collegeville
#     label : 
#     plate : metal_20100816_20100506-404-gd3
#      geom : 640 480
#    reject : 0
#
#  fr    time   sum     seq       cx       cy      th      phi    lsp    mag  flag
   30  -0.267  2085 173854987  383.860  120.494  39.177   83.525  -6.55   0.27  0000
   31  -0.234  4882 173854988  384.078  122.154  38.817   83.926  -6.89  -0.07  0000
   32  -0.200  4436 173854989  385.024  124.178  38.477   84.660  -6.80   0.02  0000
   33  -0.167  3971 173854990  387.851  126.695  38.306   86.161  -7.27  -0.45  0000
   34  -0.133  5009 173854991  387.418  128.027  37.937   86.298  -7.27  -0.45  0000
   35  -0.100  5198 173854992  389.119  130.090  37.725   87.337  -7.44  -0.62  0000
   36  -0.067  3956 173854993  390.974  132.719  37.424   88.571  -8.00  -1.18  0000
   37  -0.033  5636 173854994  391.014  134.111  37.122   88.910  -8.24  -1.42  0000
   38   0.000  6483 173854995  392.574  135.814  36.998   89.848  -8.32  -1.50  0000
   39   0.033  6056 173854996  394.220  138.262  36.737   91.007  -8.28  -1.46  0000
   40   0.067  6016 173854997  396.061  140.888  36.488   92.292  -8.33  -1.51  0000
   41   0.100  4953 173854998  397.807  143.048  36.339   93.438  -8.13  -1.31  0000
   42   0.133  5589 173854999  397.442  144.545  35.964   93.719  -7.80  -0.98  0000
   43   0.167  4810 173855000  399.283  148.000  35.587   95.278  -7.35  -0.53  0000
