#
#   version : 20090611
#    num_fr : 12
#      time : 20091214 10:45:40.589 UTC
#      unix : 1260787540.589127
#       ntp : LOCK -1082 877706 3030
#       seq : 107723987
#       mul : 0 [A]
#      site : 01
#    latlon : 45.5749 -94.3965 370.0
#      text : Collegeville
#     label : 
#     plate : 
#      geom : 640 480
#    reject : 0
#
#  fr    time   sum     seq       cx       cy      th      phi    lsp    mag  flag
   30  -0.200  2867 107723981  450.344  285.046  39.351  164.730  -6.62  -6.62  0000
   31  -0.167  3581 107723982  450.744  284.592  39.417  164.515  -6.84  -6.84  0000
   32  -0.133  3084 107723983  451.071  283.711  39.429  164.157  -6.90  -6.90  0000
   33  -0.100  2575 107723984  451.461  283.492  39.514  164.028  -7.09  -7.09  0000
   34  -0.067  3242 107723985  452.369  282.848  39.700  163.682  -7.46  -7.46  0000
   35  -0.033  3991 107723986  452.374  282.827  39.700  163.674  -7.24  -7.24  0000
   36   0.000  4240 107723987  454.226  282.079  40.130  163.179  -7.18  -7.18  0000
   37   0.033  4042 107723988  454.752  282.112  40.272  163.127  -7.21  -7.21  0000
   38   0.067  3358 107723989  455.546  281.157  40.409  162.696  -7.33  -7.33  0000
   39   0.100  3768 107723990  455.339  280.621  40.313  162.531  -7.32  -7.32  0000
   40   0.133  3926 107723991  456.200  279.818  40.482  162.147  -7.05  -7.05  0000
   41   0.167  2966 107723992  456.994  279.355  40.659  161.894  -6.71  -6.71  0000
