#
#   version : 20090611
#    num_fr : 21
#      time : 20091214 09:32:41.394 UTC
#      unix : 1260783161.394592
#       ntp : LOCK -2289 240838 3449
#       seq : 107592743
#       mul : 0 [A]
#      site : 01
#    latlon : 45.5749 -94.3965 370.0
#      text : Collegeville
#     label : 
#     plate : 
#      geom : 640 480
#    reject : 0
#
#  fr    time   sum     seq       cx       cy      th      phi    lsp    mag  flag
   30  -0.667  3204 107592723  243.970  452.732  60.089 -105.461  -6.46  -6.46  0000
   32  -0.601  3039 107592725  243.203  454.013  60.501 -105.369  -6.23  -6.23  0000
   33  -0.567  2707 107592726  242.245  454.954  60.839 -105.204  -6.58  -6.58  0000
   34  -0.534  2652 107592727  241.584  456.026  61.187 -105.124  -6.84  -6.84  0000
   35  -0.501  3311 107592728  241.888  457.080  61.443 -105.282  -6.76  -6.76  0000
   36  -0.467  3438 107592729  240.774  458.699  61.979 -105.134  -6.85  -6.85  0000
   37  -0.434  3173 107592730  240.637  458.734  62.001 -105.103  -6.98  -6.98  0000
   38  -0.400  3596 107592731  239.821  459.649  62.322 -104.975  -6.73  -6.73  0000
   39  -0.367  3531 107592732  238.869  460.559  62.654 -104.815  -6.79  -6.79  0000
   40  -0.334  3886 107592733  238.038  461.778  63.060 -104.710  -7.04  -7.04  0000
   41  -0.300  3466 107592734  237.753  462.232  63.209 -104.677  -6.50  -6.50  0000
   42  -0.267  2741 107592735  236.308  463.110  63.581 -104.400  -6.80  -6.80  0000
   43  -0.234  3574 107592736  235.871  463.581  63.750 -104.333  -6.82  -6.82  0000
   44  -0.200  2692 107592737  234.691  464.875  64.211 -104.156  -6.96  -6.96  0000
   45  -0.167  3953 107592738  233.717  465.931  64.590 -104.010  -6.91  -6.91  0000
   46  -0.133  3038 107592739  233.203  466.790  64.872 -103.958  -6.96  -6.96  0000
   47  -0.100  3773 107592740  232.566  467.421  65.105 -103.859  -7.00  -7.00  0000
   48  -0.067  3845 107592741  232.204  469.024  65.574 -103.902  -7.00  -7.00  0000
   49  -0.033  3928 107592742  232.097  469.284  65.655 -103.898  -7.49  -7.49  0000
   50   0.000  5393 107592743  231.057  470.976  66.216 -103.791  -8.02  -8.02  0000
   51   0.033  3489 107592744  230.874  470.423  66.084 -103.705  -7.23  -7.23  0000
