#
#   version : 20090611
#    num_fr : 37
#      time : 20091214 12:39:20.031 UTC
#      unix : 1260794360.031477
#       ntp : LOCK 1185 194176 2197
#       seq : 107928365
#       mul : 0 [A]
#      site : 01
#    latlon : 45.5749 -94.3965 370.0
#      text : Collegeville
#     label : 
#     plate : 
#      geom : 640 480
#    reject : 0
#
#  fr    time   sum     seq       cx       cy      th      phi    lsp    mag  flag
   30  -1.168  1979 107928330  353.970  381.221  39.358 -140.470  -5.97  -5.97  0000
   32  -1.101  2492 107928332  350.840  382.028  39.324 -139.198  -6.62  -6.62  0000
   33  -1.068  2805 107928333  349.551  382.434  39.335 -138.667  -6.97  -6.97  0000
   34  -1.034  2808 107928334  348.940  382.796  39.385 -138.399  -6.89  -6.89  0000
   35  -1.001  3101 107928335  346.871  383.273  39.367 -137.564  -7.25  -7.25  0000
   36  -0.968  3594 107928336  345.978  383.376  39.335 -137.212  -7.57  -7.57  0000
   37  -0.934  3867 107928337  344.589  384.049  39.422 -136.622  -7.77  -7.77  0000
   38  -0.901  4583 107928338  342.846  384.682  39.481 -135.901  -8.15  -8.15  0000
   39  -0.868  5082 107928339  341.623  384.683  39.411 -135.430  -8.45  -8.45  0000
   40  -0.834  5208 107928340  339.942  385.453  39.520 -134.725  -8.45  -8.45  0000
   41  -0.801  5304 107928341  338.278  386.276  39.650 -134.027  -8.58  -8.58  0000
   42  -0.767  5880 107928342  337.354  386.586  39.686 -133.651  -8.68  -8.68  0000
   43  -0.734  6511 107928343  335.330  386.916  39.679 -132.850  -8.92  -8.92  0000
   44  -0.701  6524 107928344  334.073  387.478  39.772 -132.332  -8.89  -8.89  0000
   45  -0.667  6954 107928345  332.009  387.552  39.709 -131.530  -9.16  -9.16  0000
   46  -0.634  7433 107928346  330.503  388.505  39.906 -130.902  -9.17  -9.17  0000
   47  -0.601  7054 107928347  329.541  388.851  39.964 -130.516  -8.95  -8.95  0000
   48  -0.567  6802 107928348  326.968  389.098  39.949 -129.511  -9.08  -9.08  0000
   49  -0.534  7486 107928349  325.929  389.563  40.044 -129.094  -9.12  -9.12  0000
   50  -0.501  7843 107928350  323.633  389.690  40.021 -128.202  -9.27  -9.27  0000
   51  -0.467  8099 107928351  322.256  390.609  40.236 -127.646  -9.27  -9.27  0000
   52  -0.434  7592 107928352  320.458  391.016  40.312 -126.945  -9.18  -9.18  0000
   53  -0.400  7543 107928353  318.391  391.873  40.510 -126.137  -9.21  -9.21  0000
   54  -0.367  7870 107928354  316.628  391.652  40.431 -125.463  -9.25  -9.25  0000
   55  -0.334  7911 107928355  315.014  392.688  40.694 -124.837  -9.21  -9.21  0000
   56  -0.300  7850 107928356  313.023  392.363  40.598 -124.076  -9.35  -9.35  0000
   57  -0.267  7759 107928357  311.105  393.459  40.888 -123.346  -9.19  -9.19  0000
   58  -0.234  7645 107928358  308.818  393.696  40.957 -122.478  -9.28  -9.28  0000
   59  -0.200  7370 107928359  306.877  394.559  41.200 -121.753  -9.21  -9.21  0000
   60  -0.167  7126 107928360  305.636  394.879  41.297 -121.291  -9.01  -9.01  0000
   61  -0.133  6728 107928361  303.280  395.400  41.465 -120.416  -8.95  -8.95  0000
   62  -0.100  8545 107928362  301.527  395.729  41.581 -119.768  -9.31  -9.31  0000
   63  -0.067  7319 107928363  299.233  396.137  41.734 -118.925  -9.11  -9.11  0000
   64  -0.033  7210 107928364  297.185  396.765  41.950 -118.187  -9.04  -9.04  0000
   65   0.000  9207 107928365  295.575  396.807  42.003 -117.594  -9.45  -9.45  0000
   66   0.033  5788 107928366  294.261  397.444  42.211 -117.136  -8.57  -8.57  0000
   67   0.067  2638 107928367  291.354  397.964  42.444 -116.098  -6.67  -6.67  0000
