#
#   version : 20090611
#    num_fr : 13
#      time : 20110810 06:19:05.499 UTC
#      unix : 1312957145.499100
#       ntp : LOCK 1839 225538 5893
#       seq : 17244213
#       mul : 0 [A]
#      site : 01
#    latlon : 45.5749 -94.3965 370.0
#      text : Collegeville
#     label : 
#     plate : metal_20100816_20100506-404-gd3
#      geom : 640 480
#    reject : 0
#
#  fr    time   sum     seq       cx       cy      th      phi    lsp    mag  flag
   30  -0.200  3086 17244207  573.393  225.747  73.534  139.438  -6.64   0.18  0000
   31  -0.167  3831 17244208  574.853  227.522  73.944  139.851  -7.05  -0.23  0000
   32  -0.133  3761 17244209  575.158  227.907  74.030  139.940  -7.37  -0.55  0000
   33  -0.100  3250 17244210  575.348  228.498  74.075  140.070  -7.19  -0.37  0000
   34  -0.067  3490 17244211  575.654  229.713  74.142  140.335  -7.11  -0.29  0000
   35  -0.033  3902 17244212  577.074  231.063  74.558  140.650  -7.26  -0.44  0000
   36   0.000  4315 17244213  576.794  232.003  74.451  140.844  -7.65  -0.83  0000
   37   0.033  3838 17244214  578.120  233.508  74.840  141.187  -7.34  -0.52  0000
   38   0.067  3655 17244215  578.170  234.050  74.845  141.302  -7.30  -0.48  0000
   39   0.100  3334 17244216  578.672  235.759  74.975  141.672  -6.82  -0.00  0000
   40   0.133  3439 17244217  578.621  236.310  74.951  141.787  -6.96  -0.14  0000
   41   0.167  3108 17244218  580.136  237.193  75.416  141.995  -6.70   0.12  0000
   42   0.200  3578 17244219  580.365  238.224  75.475  142.215  -6.74   0.08  0000
