#
#   version : 20090611
#    num_fr : 17
#      time : 20110810 05:54:15.504 UTC
#      unix : 1312955655.504263
#       ntp : LOCK 3053 967006 6273
#       seq : 17199558
#       mul : 0 [A]
#      site : 01
#    latlon : 45.5749 -94.3965 370.0
#      text : Collegeville
#     label : 
#     plate : metal_20100816_20100506-404-gd3
#      geom : 640 480
#    reject : 0
#
#  fr    time   sum     seq       cx       cy      th      phi    lsp    mag  flag
   30  -0.367  1909 17199547  499.254  204.720  52.525  131.055  -5.83   0.99  0000
   32  -0.300  2248 17199549  500.884  207.286  52.823  131.896  -6.28   0.54  0000
   33  -0.267  2777 17199550  502.057  209.027  53.051  132.465  -7.19  -0.37  0000
   34  -0.234  3788 17199551  501.936  210.307  52.944  132.821  -8.08  -1.26  0000
   35  -0.200  4714 17199552  502.661  211.885  53.063  133.313  -8.48  -1.66  0000
   36  -0.167  5444 17199553  503.820  213.620  53.301  133.872  -8.83  -2.01  0000
   37  -0.133  5977 17199554  504.379  214.701  53.406  134.209  -8.98  -2.16  0000
   38  -0.100  5597 17199555  505.523  216.823  53.630  134.870  -8.80  -1.98  0000
   39  -0.067  6256 17199556  506.008  218.637  53.687  135.406  -9.05  -2.23  0000
   40  -0.033  5839 17199557  506.551  220.686  53.755  136.011  -8.77  -1.95  0000
   41   0.000  7024 17199558  507.329  222.494  53.907  136.556  -9.15  -2.33  0000
   42   0.033  5876 17199559  508.340  224.366  54.128  137.126  -8.91  -2.09  0000
   43   0.067  5821 17199560  508.563  225.882  54.140  137.561  -8.99  -2.17  0000
   44   0.100  5488 17199561  509.449  228.039  54.327  138.201  -8.84  -2.02  0000
   45   0.133  5310 17199562  509.805  229.864  54.376  138.726  -8.75  -1.93  0000
   46   0.167  4840 17199563  510.958  232.102  54.651  139.389  -8.51  -1.69  0000
   47   0.200  3057 17199564  511.792  233.896  54.850  139.913  -7.60  -0.78  0000
