#
#   version : 20090611
#    num_fr : 12
#      time : 20110201 08:50:24.824 UTC
#      unix : 1296550224.824510
#       ntp : LOCK 5267 590391 955
#       seq : 50493343
#       mul : 0 [A]
#      site : 01
#    latlon : 45.5749 -94.3965 370.0
#      text : Collegeville
#     label : 
#     plate : metal_20100816_20100506-404-gd3
#      geom : 640 480
#    reject : 0
#
#  fr    time   sum     seq       cx       cy      th      phi    lsp    mag  flag
   30  -0.300  3039 50493334  252.145   65.076  51.951   34.835  -6.04  -6.04  0000
   31  -0.267  2662 50493335  253.690   63.825  52.146   35.393  -6.70  -6.70  0000
   32  -0.234  3654 50493336  257.114   62.594  52.178   36.492  -7.11  -7.11  0000
   33  -0.200  3972 50493337  258.778   60.942  52.486   37.107  -7.45  -7.45  0000
   34  -0.167  4005 50493338  261.948   58.943  52.779   38.178  -7.42  -7.42  0000
   35  -0.133  3835 50493339  263.382   57.400  53.093   38.702  -7.43  -7.43  0000
   36  -0.100  2984 50493340  265.314   55.587  53.450   39.382  -7.68  -7.68  0000
   37  -0.067  4379 50493341  268.787   53.241  53.860   40.529  -7.78  -7.78  0000
   38  -0.033  5126 50493342  270.299   52.179  54.057   41.026  -7.91  -7.91  0000
   39   0.000  5232 50493343  273.168   51.417  54.094   41.893  -8.07  -8.07  0000
   40   0.033  3890 50493344  275.440   49.123  54.605   42.661  -8.36  -8.36  0000
   41   0.067  4488 50493345  278.138   47.584  54.893   43.503  -7.89  -7.89  0000
