#
#   version : 20090611
#    num_fr : 15
#      time : 20110201 11:54:41.155 UTC
#      unix : 1296561281.155021
#       ntp : LOCK 33 2612984 516
#       seq : 50824700
#       mul : 0 [A]
#      site : 01
#    latlon : 45.5749 -94.3965 370.0
#      text : Collegeville
#     label : 
#     plate : metal_20100816_20100506-404-gd3
#      geom : 640 480
#    reject : 0
#
#  fr    time   sum     seq       cx       cy      th      phi    lsp    mag  flag
   29  -0.334  1838 50824690  430.470  248.433  31.796  143.452  -6.04  -6.04  0000
   30  -0.300  2398 50824691  431.598  248.654  32.105  143.566  -6.69  -6.69  0000
   31  -0.267  2503 50824692  434.026  250.238  32.769  144.311  -7.22  -7.22  0000
   32  -0.234  2693 50824693  435.669  252.044  33.224  145.130  -7.44  -7.44  0000
   33  -0.200  2928 50824694  438.929  252.982  34.125  145.529  -7.68  -7.68  0000
   34  -0.167  2911 50824695  440.509  254.738  34.573  146.281  -7.70  -7.70  0000
   35  -0.133  3270 50824696  441.992  256.227  34.998  146.902  -7.78  -7.78  0000
   36  -0.100  3395 50824697  443.881  257.134  35.530  147.253  -7.65  -7.65  0000
   37  -0.067  3354 50824698  446.077  258.903  36.163  147.946  -7.99  -7.99  0000
   38  -0.033  3310 50824699  447.903  260.768  36.702  148.666  -7.96  -7.96  0000
   39   0.000  3673 50824700  450.166  262.024  37.354  149.107  -8.04  -8.04  0000
   40   0.033  3319 50824701  451.683  263.662  37.813  149.711  -8.06  -8.06  0000
   41   0.067  3596 50824702  454.306  265.512  38.587  150.340  -7.83  -7.83  0000
   42   0.100  3052 50824703  455.770  266.588  39.023  150.698  -7.88  -7.88  0000
   43   0.133  2784 50824704  457.755  268.127  39.620  151.201  -7.75  -7.75  0000
