#
#   version : 20090611
#    num_fr : 23
#      time : 20110201 12:41:23.766 UTC
#      unix : 1296564083.766142
#       ntp : LOCK 8 4012984 516
#       seq : 50908694
#       mul : 0 [A]
#      site : 01
#    latlon : 45.5749 -94.3965 370.0
#      text : Collegeville
#     label : 
#     plate : metal_20100816_20100506-404-gd3
#      geom : 640 480
#    reject : 0
#
#  fr    time   sum     seq       cx       cy      th      phi    lsp    mag  flag
   29  -0.601  3619 50908676  237.329  471.222  63.395 -106.587  -6.56  -6.56  0000
   31  -0.534  2898 50908678  238.035  470.085  63.005 -106.666  -6.97  -6.97  0000
   32  -0.500  2391 50908679  238.759  469.628  62.805 -106.803  -7.04  -7.04  0000
   33  -0.467  3513 50908680  238.867  469.254  62.690 -106.800  -6.91  -6.91  0000
   34  -0.434  4314 50908681  239.060  469.154  62.643 -106.839  -7.07  -7.07  0000
   36  -0.367  3806 50908683  241.819  468.140  62.089 -107.423  -7.41  -7.41  0000
   37  -0.334  2872 50908684  241.868  467.444  61.890 -107.383  -7.29  -7.29  0000
   38  -0.300  4207 50908685  242.001  467.324  61.844 -107.406  -7.10  -7.10  0000
   39  -0.267  3977 50908686  242.087  467.185  61.797 -107.416  -6.92  -6.92  0000
   40  -0.234  3303 50908687  243.169  466.228  61.426 -107.607  -7.12  -7.12  0000
   41  -0.200  3900 50908688  243.260  466.228  61.417 -107.630  -7.61  -7.61  0000
   42  -0.167  3995 50908689  244.145  465.261  61.064 -107.774  -7.61  -7.61  0000
   43  -0.133  4355 50908690  245.040  464.385  60.735 -107.929  -7.37  -7.37  0000
   44  -0.100  4142 50908691  245.329  464.264  60.675 -107.991  -7.72  -7.72  0000
   45  -0.067  4179 50908692  247.534  464.198  60.454 -108.533  -7.40  -7.40  0000
   46  -0.033  3185 50908693  248.073  463.813  60.298 -108.639  -7.76  -7.76  0000
   47   0.000  5376 50908694  248.858  463.189  60.054 -108.791  -7.96  -7.96  0000
   48   0.033  3402 50908695  248.301  462.242  59.840 -108.584  -7.70  -7.70  0000
   49   0.067  4337 50908696  248.475  462.085  59.780 -108.616  -7.81  -7.81  0000
   50   0.100  3242 50908697  251.335  461.180  59.276 -109.274  -7.62  -7.62  0000
   51   0.133  3286 50908698  251.727  461.256  59.264 -109.379  -7.23  -7.23  0000
   52   0.167  2879 50908699  252.971  459.936  58.790 -109.605  -7.15  -7.15  0000
   53   0.200  3769 50908700  252.895  460.303  58.899 -109.611  -7.13  -7.13  0000
