#
#   version : 20090611
#    num_fr : 51
#      time : 20130105 11:13:56.246 UTC
#      unix : 1357384436.246427
#       ntp : LOCK 444 459699 391
#       seq : 59257170
#       mul : 0 [A]
#      site : 01
#    latlon : 45.5749 -94.3965 370.0
#      text : Collegeville
#     label : 
#     plate : metal_20100816_20100506-404-gd3
#      geom : 640 480
#    reject : 0
#
#  fr    time   sum     seq       cx       cy      th      phi    lsp    mag  flag
   30  -1.635  3683 59257121  135.223  454.940  75.655  -84.480  -6.26   0.56  0000
   31  -1.602  3973 59257122  135.203  454.680  75.598  -84.442  -6.43   0.39  0000
   32  -1.568  3288 59257123  133.333  453.275  75.675  -83.956  -6.80   0.02  0000
   33  -1.535  2450 59257124  133.072  453.624  75.813  -83.963  -6.70   0.12  0000
   34  -1.502  3109 59257125  132.904  453.051  75.717  -83.858  -6.91  -0.09  0000
   35  -1.468  3476 59257126  131.284  452.209  75.876  -83.490  -7.17  -0.35  0000
   36  -1.435  4284 59257127  131.014  451.971  75.881  -83.415  -7.45  -0.63  0000
   37  -1.401  4514 59257128  130.645  451.818  75.927  -83.337  -7.34  -0.52  0000
   38  -1.368  4162 59257129  128.442  450.923  76.210  -82.874  -7.60  -0.78  0000
   39  -1.335  3460 59257130  127.142  450.375  76.375  -82.600  -7.80  -0.98  0000
   40  -1.301  5033 59257131  126.833  450.044  76.369  -82.507  -7.71  -0.89  0000
   41  -1.268  5233 59257132  125.191  449.141  76.534  -82.132  -7.72  -0.90  0000
   42  -1.235  4578 59257133  125.094  448.719  76.460  -82.058  -7.78  -0.96  0000
   43  -1.201  5580 59257134  123.475  447.462  76.545  -81.639  -7.94  -1.12  0000
   44  -1.168  4547 59257135  122.961  447.189  76.601  -81.523  -7.84  -1.02  0000
   45  -1.134  3823 59257136  122.792  446.794  76.551  -81.442  -8.11  -1.29  0000
   46  -1.101  4605 59257137  121.398  446.200  76.739  -81.152  -8.13  -1.31  0000
   47  -1.068  4079 59257138  120.973  445.994  76.791  -81.059  -8.07  -1.25  0000
   48  -1.034  4246 59257139  120.520  444.591  76.584  -80.792  -8.12  -1.30  0000
   49  -1.001  5746 59257140  118.407  443.570  76.852  -80.336  -8.18  -1.36  0000
   50  -0.968  4598 59257141  117.360  443.940  77.179  -80.238  -8.12  -1.30  0000
   51  -0.934  6182 59257142  117.719  443.094  76.908  -80.168  -8.34  -1.52  0000
   52  -0.901  4789 59257143  116.117  442.175  77.085  -79.804  -8.34  -1.52  0000
   53  -0.868  4846 59257144  115.200  441.859  77.234  -79.627  -8.27  -1.45  0000
   54  -0.834  4957 59257145  113.574  441.037  77.443  -79.276  -8.16  -1.34  0000
   55  -0.801  5889 59257146  113.692  440.267  77.248  -79.180  -8.31  -1.49  0000
   56  -0.767  5712 59257147  112.126  439.538  77.467  -78.853  -8.27  -1.45  0000
   57  -0.734  4055 59257148  110.996  438.564  77.531  -78.551  -8.26  -1.44  0000
   58  -0.701  4168 59257149  110.638  438.258  77.553  -78.456  -8.28  -1.46  0000
   59  -0.667  5789 59257150  108.537  437.393  77.881  -78.038  -8.22  -1.40  0000
   60  -0.634  5664 59257151  108.176  436.873  77.859  -77.912  -8.22  -1.40  0000
   61  -0.601  5618 59257152  107.266  435.462  77.785  -77.577  -8.29  -1.47  0000
   62  -0.567  4303 59257153  106.359  435.353  77.987  -77.437  -8.09  -1.27  0000
   63  -0.534  5536 59257154  106.395  434.185  77.733  -77.267  -8.06  -1.24  0000
   64  -0.501  4831 59257155  104.327  434.254  78.261  -76.999  -8.22  -1.40  0000
   65  -0.467  3911 59257156  104.444  433.258  78.025  -76.865  -8.05  -1.23  0000
   66  -0.434  6138 59257157  103.545  432.187  78.029  -76.583  -8.10  -1.28  0000
   67  -0.400  4092 59257158  101.421  431.586  78.440  -76.212  -8.04  -1.22  0000
   68  -0.367  4443 59257159  101.619  431.073  78.285  -76.159  -8.12  -1.30  0000
   69  -0.334  4658 59257160   99.275  430.369  78.736  -75.747  -8.13  -1.31  0000
   70  -0.300  4390 59257161   98.954  429.793  78.701  -75.618  -8.07  -1.25  0000
   71  -0.267  5423 59257162   97.339  428.512  78.855  -75.214  -7.99  -1.17  0000
   72  -0.234  3857 59257163   97.265  427.979  78.767  -75.123  -8.03  -1.21  0000
   73  -0.200  5997 59257164   95.455  427.055  79.050  -74.751  -7.88  -1.06  0000
   74  -0.167  3241 59257165   95.234  425.929  78.883  -74.549  -7.78  -0.96  0000
   75  -0.133  4382 59257166   94.073  425.926  79.184  -74.404  -7.84  -1.02  0000
   76  -0.100  4407 59257167   92.659  424.538  79.280  -74.013  -7.72  -0.90  0000
   77  -0.067  4558 59257168   91.990  424.149  79.379  -73.870  -7.95  -1.13  0000
   78  -0.033  4922 59257169   91.819  423.570  79.311  -73.759  -7.49  -0.67  0000
   79   0.000  8657 59257170   88.861  421.771  79.744  -73.118  -9.18  -2.36  0000
   80   0.033  5176 59257171   89.788  422.034  79.549  -73.271  -8.67  -1.85  0000
