#
#   version : 20090611
#    num_fr : 43
#      time : 20100408 04:53:16.737 UTC
#      unix : 1270702396.737773
#       ntp : LOCK 4866 1081857 1979
#       seq : 49966896
#       mul : 0 [A]
#      site : 01
#    latlon : 45.5749 -94.3965 370.0
#      text : Collegeville
#     label : 
#     plate : metal 20090611
#      geom : 640 480
#    reject : 0
#
#  fr    time   sum     seq       cx       cy      th      phi    lsp    mag  flag
   29  -1.335  1556 49966856  438.499  425.681  61.043 -158.985  -5.89  -5.89  0000
   31  -1.268  1533 49966858  441.729  425.021  61.435 -159.777  -6.00  -6.00  0000
   33  -1.201  2048 49966860  443.337  424.522  61.596 -160.192  -6.22  -6.22  0000
   34  -1.168  1888 49966861  445.096  424.761  61.956 -160.532  -6.55  -6.55  0000
   35  -1.134  1937 49966862  446.011  424.624  62.084 -160.745  -6.46  -6.46  0000
   37  -1.068  1933 49966864  448.595  424.784  62.576 -161.263  -6.36  -6.36  0000
   38  -1.034  2127 49966865  450.018  424.146  62.684 -161.649  -6.56  -6.56  0000
   39  -1.001  1965 49966866  450.537  424.090  62.764 -161.765  -6.42  -6.42  0000
   40  -0.968  2090 49966867  451.464  423.860  62.879 -161.988  -6.22  -6.22  0000
   41  -0.934  2078 49966868  453.897  423.389  63.215 -162.553  -6.57  -6.57  0000
   42  -0.901  1964 49966869  453.839  423.633  63.259 -162.506  -6.34  -6.34  0000
   44  -0.834  1740 49966871  457.144  422.797  63.682 -163.294  -6.38  -6.38  0000
   45  -0.801  1810 49966872  457.282  422.829  63.715 -163.317  -6.04  -6.04  0000
   47  -0.734  2114 49966874  460.505  422.709  64.294 -163.973  -6.68  -6.68  0000
   48  -0.701  2015 49966875  461.278  421.728  64.224 -164.269  -6.48  -6.48  0000
   49  -0.667  1865 49966876  461.866  422.066  64.410 -164.334  -6.02  -6.02  0000
   51  -0.601  2109 49966878  465.709  421.079  64.935 -165.225  -6.69  -6.69  0000
   52  -0.567  2014 49966879  465.933  420.872  64.933 -165.298  -6.52  -6.52  0000
   53  -0.534  1993 49966880  466.622  421.182  65.135 -165.383  -6.34  -6.34  0000
   54  -0.501  2057 49966881  468.289  420.351  65.282 -165.825  -6.51  -6.51  0000
   55  -0.467  2061 49966882  468.506  420.115  65.274 -165.901  -6.42  -6.42  0000
   56  -0.434  2112 49966883  469.086  420.297  65.428 -165.983  -6.35  -6.35  0000
   57  -0.400  2257 49966884  471.585  419.911  65.842 -166.509  -6.86  -6.86  0000
   58  -0.367  2083 49966885  472.657  419.844  66.043 -166.718  -6.56  -6.56  0000
   59  -0.334  2252 49966886  474.506  419.877  66.424 -167.054  -6.52  -6.52  0000
   60  -0.300  2129 49966887  475.855  419.166  66.547 -167.408  -6.62  -6.62  0000
   62  -0.234  2167 49966889  476.407  418.401  66.498 -167.626  -6.40  -6.40  0000
   63  -0.200  2433 49966890  478.898  418.961  67.129 -167.989  -6.85  -6.85  0000
   64  -0.167  2248 49966891  479.684  418.109  67.113 -168.260  -6.66  -6.66  0000
   65  -0.133  2280 49966892  480.552  417.745  67.217 -168.470  -6.78  -6.78  0000
   66  -0.100  2374 49966893  481.303  417.740  67.373 -168.604  -6.56  -6.56  0000
   67  -0.067  2502 49966894  483.131  417.843  67.779 -168.910  -6.88  -6.88  0000
   68  -0.033  2589 49966895  484.226  416.986  67.832 -169.234  -7.18  -7.18  0000
   69   0.000  2857 49966896  484.506  416.882  67.870 -169.299  -7.27  -7.27  0000
   70   0.033  2757 49966897  485.545  416.425  67.997 -169.550  -7.08  -7.08  0000
   71   0.067  2398 49966898  486.136  416.331  68.104 -169.667  -6.96  -6.96  0000
   72   0.100  2553 49966899  488.202  416.127  68.506 -170.053  -7.03  -7.03  0000
   73   0.133  2432 49966900  488.627  415.934  68.558 -170.155  -7.01  -7.01  0000
   74   0.167  2364 49966901  489.015  415.773  68.609 -170.246  -6.79  -6.79  0000
   75   0.200  2378 49966902  491.017  415.874  69.064 -170.569  -6.81  -6.81  0000
   76   0.234  2458 49966903  492.442  415.222  69.244 -170.909  -7.15  -7.15  0000
   77   0.267  2120 49966904  492.499  415.165  69.244 -170.927  -6.56  -6.56  0000
   79   0.334  1663 49966906  495.014  413.897  69.544 -171.543  -5.79  -5.79  0000
