#
#   version : 20090611
#    num_fr : 21
#      time : 20100805 04:36:31.229 UTC
#      unix : 1280982991.229125
#       ntp : LOCK -1779 209897 350
#       seq : 19375242
#       mul : 0 [A]
#      site : 01
#    latlon : 45.5749 -94.3965 370.0
#      text : Collegeville
#     label : 
#     plate : metal 20090611
#      geom : 640 480
#    reject : 0
#
#  fr    time   sum     seq       cx       cy      th      phi    lsp    mag  flag
   30  -0.601  1692 19375224  285.692   66.897  45.127   48.287  -5.91  -5.91  0000
   31  -0.567  1666 19375225  285.853   65.232  45.573   48.430  -6.26  -6.26  0000
   32  -0.534  1545 19375226  286.431   64.748  45.681   48.646  -6.00  -6.00  0000
   33  -0.500  1798 19375227  286.957   63.375  46.035   48.888  -6.49  -6.49  0000
   34  -0.467  2041 19375228  287.524   62.489  46.255   49.117  -6.79  -6.79  0000
   35  -0.434  2041 19375229  288.927   61.259  46.539   49.631  -6.95  -6.95  0000
   36  -0.400  2758 19375230  289.198   60.617  46.705   49.748  -7.19  -7.19  0000
   37  -0.367  2939 19375231  291.331   59.465  46.950   50.486  -7.49  -7.49  0000
   38  -0.334  2876 19375232  291.986   58.571  47.175   50.732  -7.40  -7.40  0000
   39  -0.300  2807 19375233  293.146   57.543  47.424   51.142  -7.33  -7.33  0000
   40  -0.267  2676 19375234  293.572   56.816  47.612   51.304  -7.36  -7.36  0000
   41  -0.234  2569 19375235  295.009   55.610  47.906   51.802  -7.28  -7.28  0000
   42  -0.200  2668 19375236  295.740   54.516  48.191   52.067  -7.38  -7.38  0000
   43  -0.167  2649 19375237  295.331   53.856  48.384   51.958  -7.22  -7.22  0000
   44  -0.133  2632 19375238  297.202   52.456  48.728   52.585  -7.01  -7.01  0000
   45  -0.100  2460 19375239  297.667   51.615  48.952   52.753  -6.98  -6.98  0000
   46  -0.067  2375 19375240  299.613   51.188  49.033   53.368  -6.83  -6.83  0000
   47  -0.033  3142 19375241  299.945   49.436  49.514   53.510  -7.57  -7.57  0000
   48   0.000  3477 19375242  301.582   48.981  49.615   54.023  -7.83  -7.83  0000
   49   0.033  2519 19375243  301.993   47.968  49.892   54.168  -7.07  -7.07  0000
   50   0.067  1822 19375244  302.139   47.625  49.986   54.219  -6.50  -6.50  0000
