#
#   version : 20090611
#    num_fr : 21
#      time : 20100805 06:49:13.174 UTC
#      unix : 1280990953.174798
#       ntp : LOCK 571 1599997 567
#       seq : 19613861
#       mul : 0 [A]
#      site : 01
#    latlon : 45.5749 -94.3965 370.0
#      text : Collegeville
#     label : 
#     plate : metal 20090611
#      geom : 640 480
#    reject : 0
#
#  fr    time   sum     seq       cx       cy      th      phi    lsp    mag  flag
   30  -0.467  3011 19613847   83.779  153.065  66.554  -12.069  -6.15  -6.15  0000
   32  -0.400  2956 19613849   84.891  151.877  66.360  -11.728  -6.30  -6.30  0000
   33  -0.367  2586 19613850   84.926  151.591  66.379  -11.663  -6.14  -6.14  0000
   34  -0.334  2338 19613851   85.562  150.938  66.267  -11.472  -6.65  -6.65  0000
   35  -0.300  3085 19613852   84.863  150.328  66.527  -11.390  -6.32  -6.32  0000
   36  -0.267  2905 19613853   85.960  149.147  66.341  -11.049  -6.75  -6.75  0000
   37  -0.234  3436 19613854   86.125  148.896  66.321  -10.982  -6.90  -6.90  0000
   38  -0.200  2961 19613855   86.979  147.778  66.201  -10.671  -6.94  -6.94  0000
   39  -0.167  2993 19613856   86.967  147.852  66.196  -10.689  -6.89  -6.89  0000
   40  -0.133  3339 19613857   87.243  147.014  66.209  -10.484  -6.94  -6.94  0000
   41  -0.100  3087 19613858   88.061  146.068  66.083  -10.213  -6.69  -6.69  0000
   42  -0.067  2920 19613859   88.308  145.995  66.022  -10.177  -7.03  -7.03  0000
   43  -0.033  3107 19613860   88.900  145.026  65.963   -9.918  -7.18  -7.18  0000
   44   0.000  3441 19613861   89.333  144.829  65.865   -9.840  -7.05  -7.05  0000
   45   0.033  2716 19613862   90.978  144.007  65.500   -9.526  -6.80  -6.80  0000
   46   0.067  3295 19613863   91.521  143.415  65.417   -9.351  -6.91  -6.91  0000
   47   0.100  3336 19613864   91.591  142.555  65.495   -9.156  -6.90  -6.90  0000
   48   0.133  3182 19613865   91.190  141.011  65.782   -8.852  -6.54  -6.54  0000
   49   0.167  3067 19613866   92.132  140.387  65.594   -8.636  -6.96  -6.96  0000
   50   0.200  3054 19613867   92.106  140.097  65.635   -8.575  -6.41  -6.41  0000
   51   0.234  3318 19613868   92.566  138.872  65.653   -8.269  -6.63  -6.63  0000
