#
#   version : 20090611
#    num_fr : 14
#      time : 20120824 10:06:33.581 UTC
#      unix : 1345802793.581290
#       ntp : LOCK -554 374074 151
#       seq : 34392030
#       mul : 0 [A]
#      site : 01
#    latlon : 45.5749 -94.3965 370.0
#      text : Collegeville
#     label : 
#     plate : metal_20100816_20100506-404-gd3
#      geom : 640 480
#    reject : 0
#
#  fr    time   sum     seq       cx       cy      th      phi    lsp    mag  flag
   30  -0.334  2268 34392020  406.691   38.850  62.559   78.344  -6.39   0.43  0000
   31  -0.300  2406 34392021  407.924   37.705  63.016   78.507  -6.08   0.74  0000
   32  -0.267  2436 34392022  409.015   37.113  63.311   78.695  -6.42   0.40  0000
   33  -0.234  2706 34392023  409.761   36.579  63.547   78.808  -6.42   0.40  0000
   34  -0.200  2897 34392024  411.248   35.965  63.900   79.081  -6.99  -0.17  0000
   35  -0.167  2933 34392025  411.428   36.023  63.908   79.128  -6.97  -0.15  0000
   36  -0.133  2845 34392026  412.476   34.997  64.315   79.254  -6.67   0.15  0000
   37  -0.100  2934 34392027  414.667   34.658  64.691   79.708  -6.87  -0.05  0000
   38  -0.067  3056 34392028  416.017   33.699  65.124   79.904  -7.10  -0.28  0000
   39  -0.033  2967 34392029  417.200   32.990  65.469   80.088  -7.04  -0.22  0000
   40   0.000  3248 34392030  417.820   32.016  65.810   80.117  -7.04  -0.22  0000
   41   0.033  2649 34392031  418.362   31.748  65.954   80.207  -6.49   0.33  0000
   42   0.067  2665 34392032  418.389   31.061  66.139   80.138  -6.40   0.42  0000
   43   0.100  2799 34392033  421.747   30.868  66.649   80.844  -6.50   0.32  0000
