#
#   version : 20090611
#    num_fr : 26
#      time : 20130516 08:10:02.199 UTC
#      unix : 1368691802.199346
#       ntp : LOCK -527 412571 176
#       seq : 285828866
#       mul : 0 [A]
#      site : 01
#    latlon : 45.5749 -94.3965 370.0
#      text : Collegeville
#     label : 
#     plate : metal_20100816_20100506-404-gd3
#      geom : 640 480
#    reject : 0
#
#  fr    time   sum     seq       cx       cy      th      phi    lsp    mag  flag
   29  -0.400  1809 285828854  234.732  164.601  30.515   10.575  -6.49   0.33  0000
   30  -0.367  1918 285828855  238.055  166.698  29.481   11.140  -6.30   0.52  0000
   31  -0.334  1705 285828856  241.260  167.873  28.658   12.015  -6.22   0.60  0000
   32  -0.300  1796 285828857  245.135  168.996  27.734   13.242  -6.17   0.65  0000
   33  -0.267  1924 285828858  247.711  170.339  27.005   13.894  -6.17   0.65  0000
   34  -0.234  1757 285828859  249.969  172.622  26.143   14.099  -6.34   0.48  0000
   35  -0.200  1888 285828860  254.361  174.355  25.032   15.546  -6.68   0.14  0000
   36  -0.167  2101 285828861  258.183  176.554  23.934   16.653  -6.94  -0.12  0000
   37  -0.133  2105 285828862  261.254  178.387  23.046   17.592  -6.83  -0.01  0000
   38  -0.100  2083 285828863  264.589  180.008  22.171   18.835  -6.90  -0.08  0000
   39  -0.067  2054 285828864  268.105  181.865  21.229   20.196  -6.95  -0.13  0000
   40  -0.033  2282 285828865  272.217  183.838  20.190   22.020  -6.65   0.17  0000
   41   0.000  2572 285828866  274.727  185.811  19.394   22.930  -6.84  -0.02  0000
   42   0.033  2165 285828867  279.685  188.183  18.191   25.551  -7.00  -0.18  0000
   43   0.067  2065 285828868  284.136  190.523  17.099   28.129  -7.30  -0.48  0000
   44   0.100  2007 285828869  287.769  192.376  16.252   30.501  -7.12  -0.30  0000
   45   0.133  2160 285828870  291.209  194.053  15.498   33.004  -6.86  -0.04  0000
   46   0.167  2126 285828871  294.740  196.494  14.579   35.607  -6.76   0.06  0000
   47   0.200  1868 285828872  297.740  198.064  13.952   38.225  -6.65   0.17  0000
   48   0.234  2175 285828873  302.678  201.169  12.860   42.944  -6.97  -0.15  0000
   49   0.267  2269 285828874  306.604  202.866  12.263   47.379  -6.77   0.05  0000
   50   0.300  1962 285828875  310.976  205.643  11.463   52.788  -6.30   0.52  0000
   51   0.334  1938 285828876  314.214  208.254  10.802   57.316  -6.52   0.30  0000
   52   0.367  1981 285828877  317.599  210.165  10.401   62.451  -6.67   0.15  0000
   53   0.400  2118 285828878  322.866  212.566  10.101   70.876  -6.95  -0.13  0000
   54   0.434  1683 285828879  326.458  214.500   9.956   76.990  -6.10   0.72  0000
