#
#   version : 20090611
#    num_fr : 42
#      time : 20101129 11:01:53.917 UTC
#      unix : 1291028513.917399
#       ntp : LOCK 6891 403683 2583
#       seq : 12059037
#       mul : 0 [A]
#      site : 01
#    latlon : 45.5749 -94.3965 370.0
#      text : Collegeville
#     label : 
#     plate : metal_20100816_20100506-404-gd3
#      geom : 640 480
#    reject : 0
#
#  fr    time   sum     seq       cx       cy      th      phi    lsp    mag  flag
   29  -1.068  2708 12059005  228.963  400.690  45.944  -96.464  -6.65  -6.65  0000
   30  -1.034  2530 12059006  226.509  399.895  46.106  -95.619  -6.32  -6.32  0000
   31  -1.001  3069 12059007  225.756  399.559  46.136  -95.345  -7.00  -7.00  0000
   32  -0.968  2915 12059008  223.248  399.837  46.575  -94.672  -6.84  -6.84  0000
   33  -0.934  3826 12059009  221.348  399.421  46.764  -94.064  -7.66  -7.66  0000
   34  -0.901  3481 12059010  220.870  399.109  46.763  -93.877  -7.75  -7.75  0000
   35  -0.868  4699 12059011  217.710  399.078  47.248  -92.993  -8.24  -8.24  0000
   36  -0.834  6378 12059012  216.767  398.851  47.344  -92.694  -8.94  -8.94  0000
   37  -0.801  5412 12059013  214.482  398.509  47.632  -92.013  -8.60  -8.60  0000
   38  -0.767  5803 12059014  212.657  397.641  47.729  -91.369  -8.69  -8.69  0000
   39  -0.734  5751 12059015  210.255  397.366  48.065  -90.681  -8.66  -8.66  0000
   40  -0.701  6642 12059016  208.537  396.904  48.251  -90.147  -8.84  -8.84  0000
   41  -0.667  6451 12059017  206.622  397.012  48.603  -89.671  -8.76  -8.76  0000
   42  -0.634  7322 12059018  204.877  396.352  48.757  -89.103  -9.06  -9.06  0000
   43  -0.601  6627 12059019  202.637  395.782  49.024  -88.430  -8.95  -8.95  0000
   44  -0.567  7578 12059020  200.182  395.352  49.368  -87.738  -8.99  -8.99  0000
   45  -0.534  6830 12059021  198.560  395.592  49.715  -87.385  -8.81  -8.81  0000
   46  -0.500  7491 12059022  196.610  394.383  49.809  -86.682  -8.89  -8.89  0000
   47  -0.467  7542 12059023  194.357  393.738  50.089  -86.018  -8.96  -8.96  0000
   48  -0.434  7013 12059024  192.761  393.971  50.440  -85.686  -8.72  -8.72  0000
   49  -0.400  5944 12059025  190.534  393.243  50.709  -85.026  -8.84  -8.84  0000
   50  -0.367  6923 12059026  187.537  393.023  51.242  -84.297  -8.68  -8.68  0000
   51  -0.334  7123 12059027  186.073  391.624  51.236  -83.692  -8.64  -8.64  0000
   52  -0.300  6261 12059028  184.700  391.856  51.556  -83.431  -8.51  -8.51  0000
   53  -0.267  5619 12059029  182.229  391.201  51.915  -82.757  -8.50  -8.50  0000
   54  -0.234  7509 12059030  179.559  390.854  52.385  -82.111  -8.62  -8.62  0000
   55  -0.200  5389 12059031  177.835  389.872  52.539  -81.548  -8.36  -8.36  0000
   56  -0.167  6524 12059032  175.416  389.832  53.033  -81.034  -8.69  -8.69  0000
   57  -0.133  4660 12059033  173.015  388.723  53.316  -80.316  -8.56  -8.56  0000
   58  -0.100  4648 12059034  172.414  387.969  53.294  -80.040  -7.91  -7.91  0000
   59  -0.067  6618 12059035  167.751  387.258  54.156  -78.966  -8.40  -8.40  0000
   60  -0.033  6772 12059036  166.874  387.173  54.330  -78.778  -8.90  -8.90  0000
   61   0.000  8309 12059037  164.335  386.721  54.798  -78.197  -8.77  -8.77  0000
   62   0.033  6800 12059038  162.531  385.388  54.943  -77.581  -8.83  -8.83  0000
   63   0.067  8289 12059039  159.646  385.043  55.523  -76.974  -8.81  -8.81  0000
   64   0.100  5663 12059040  157.860  384.245  55.778  -76.484  -8.64  -8.64  0000
   65   0.133  7858 12059041  156.032  383.238  56.008  -75.946  -8.64  -8.64  0000
   66   0.167  7579 12059042  152.682  382.959  56.728  -75.300  -8.64  -8.64  0000
   67   0.200  7235 12059043  151.144  381.548  56.830  -74.741  -8.40  -8.40  0000
   68   0.234  4276 12059044  149.791  381.815  57.194  -74.566  -7.72  -7.72  0000
   69   0.267  4304 12059045  147.824  380.245  57.378  -73.908  -7.99  -7.99  0000
   70   0.300  3666 12059046  145.453  380.154  57.926  -73.499  -7.39  -7.39  0000
