#
#   version : 20090611
#    num_fr : 24
#      time : 20101101 05:51:08.947 UTC
#      unix : 1288590668.947970
#       ntp : LOCK -4374 507778 1254
#       seq : 3241195
#       mul : 0 [A]
#      site : 01
#    latlon : 45.5749 -94.3965 370.0
#      text : Collegeville
#     label : 
#     plate : metal_20100816_20100506-404-gd3
#      geom : 640 480
#    reject : 0
#
#  fr    time   sum     seq       cx       cy      th      phi    lsp    mag  flag
   30  -0.634  6383 3241176  259.003   38.571  58.625   38.711  -9.07  -9.07  0000
   31  -0.601  6179 3241177  261.467   39.300  58.240   39.322  -9.02  -9.02  0000
   32  -0.567  5637 3241178  264.167   39.355  58.034   40.042  -8.83  -8.83  0000
   33  -0.534  6216 3241179  266.694   40.111  57.654   40.682  -8.95  -8.95  0000
   34  -0.500  6158 3241180  268.653   39.858  57.599   41.226  -9.07  -9.07  0000
   35  -0.467  5580 3241181  271.593   40.280  57.303   42.007  -8.81  -8.81  0000
   36  -0.434  6494 3241182  274.098   40.726  57.035   42.674  -8.98  -8.98  0000
   37  -0.400  6500 3241183  276.765   41.521  56.668   43.376  -9.19  -9.19  0000
   38  -0.367  5825 3241184  279.243   41.583  56.527   44.063  -8.85  -8.85  0000
   39  -0.334  5135 3241185  282.038   41.965  56.291   44.830  -8.71  -8.71  0000
   40  -0.300  5662 3241186  285.348   42.510  55.997   45.743  -8.79  -8.79  0000
   41  -0.267  6441 3241187  287.839   43.770  55.547   46.410  -9.00  -9.00  0000
   42  -0.234  6100 3241188  290.413   43.683  55.483   47.147  -8.95  -8.95  0000
   43  -0.200  5309 3241189  292.921   44.335  55.221   47.849  -8.77  -8.77  0000
   44  -0.167  6121 3241190  296.166   44.799  55.003   48.773  -8.92  -8.92  0000
   45  -0.133  5701 3241191  298.627   45.767  54.673   49.469  -8.91  -8.91  0000
   46  -0.100  5776 3241192  301.751   46.315  54.460   50.371  -8.89  -8.89  0000
   47  -0.067  6165 3241193  304.768   46.848  54.267   51.248  -8.96  -8.96  0000
   48  -0.033  6668 3241194  307.127   47.889  53.948   51.935  -9.22  -9.22  0000
   49   0.000  7057 3241195  310.535   48.604  53.726   52.939  -9.23  -9.23  0000
   50   0.033  5123 3241196  313.222   49.590  53.444   53.739  -8.82  -8.82  0000
   51   0.067  3744 3241197  316.019   50.198  53.280   54.575  -7.95  -7.95  0000
   52   0.100  2742 3241198  320.004   51.823  52.853   55.786  -6.85  -6.85  0000
   53   0.133  2547 3241199  322.903   52.093  52.815   56.660  -6.49  -6.49  0000
