#
#   version : 20090611
#    num_fr : 24
#      time : 20091118 09:24:33.752 UTC
#      unix : 1258536273.752480
#       ntp : LOCK -8881 297186 2103
#       seq : 40253583
#       mul : 0 [A]
#      site : 01
#    latlon : 45.5749 -94.3965 370.0
#      text : Collegeville
#     label : 
#     plate : 
#      geom : 640 480
#    reject : 0
#
#  fr    time   sum     seq       cx       cy      th      phi    lsp    mag  flag
   29  -0.601  1505 40253565  284.504  314.062  21.262 -103.554  -6.03  -6.03  0000
   30  -0.567  1642 40253566  286.274  316.451  21.696 -105.275  -6.36  -6.36  0000
   31  -0.534  2326 40253567  288.699  318.992  22.139 -107.390  -7.14  -7.14  0000
   32  -0.501  3159 40253568  291.103  322.601  22.882 -109.574  -7.96  -7.96  0000
   33  -0.467  3961 40253569  293.415  325.751  23.545 -111.504  -8.40  -8.40  0000
   34  -0.434  4352 40253570  295.052  328.505  24.164 -112.866  -8.55  -8.55  0000
   35  -0.400  5242 40253571  297.906  332.035  24.947 -114.972  -8.76  -8.76  0000
   36  -0.367  5978 40253572  300.285  335.224  25.688 -116.647  -8.98  -8.98  0000
   37  -0.334  5558 40253573  302.296  337.749  26.287 -117.981  -8.92  -8.92  0000
   38  -0.300  5364 40253574  304.948  341.112  27.108 -119.653  -9.00  -9.00  0000
   39  -0.267  6572 40253575  307.612  345.190  28.137 -121.250  -9.18  -9.18  0000
   40  -0.234  7218 40253576  309.974  348.402  28.962 -122.570  -9.40  -9.40  0000
   41  -0.200  6376 40253577  312.827  351.518  29.779 -124.073  -9.28  -9.28  0000
   42  -0.167  6515 40253578  315.848  355.234  30.776 -125.572  -9.09  -9.09  0000
   43  -0.133  5949 40253579  318.296  358.610  31.695 -126.710  -9.17  -9.17  0000
   44  -0.100  7175 40253580  321.523  362.438  32.763 -128.138  -9.32  -9.32  0000
   45  -0.067  7005 40253581  324.235  365.692  33.686 -129.269  -9.27  -9.27  0000
   46  -0.033  6403 40253582  326.896  369.247  34.700 -130.305  -9.41  -9.41  0000
   47   0.000  8973 40253583  329.879  373.302  35.870 -131.395  -9.68  -9.68  0000
   48   0.033  6104 40253584  332.448  376.142  36.719 -132.320  -9.34  -9.34  0000
   49   0.067  4710 40253585  335.910  379.795  37.833 -133.514  -8.73  -8.73  0000
   50   0.100  4621 40253586  338.935  383.922  39.065 -134.440  -8.68  -8.68  0000
   51   0.133  3709 40253587  342.023  387.085  40.062 -135.406  -8.32  -8.32  0000
   52   0.167  2664 40253588  345.090  390.480  41.130 -136.302  -7.74  -7.74  0000
