#
#   version : 20090611
#    num_fr : 17
#      time : 20091118 06:26:29.695 UTC
#      unix : 1258525589.695713
#       ntp : LOCK 3766 588481 1211
#       seq : 39933382
#       mul : 0 [A]
#      site : 01
#    latlon : 45.5749 -94.3965 370.0
#      text : Collegeville
#     label : 
#     plate : 
#      geom : 640 480
#    reject : 0
#
#  fr    time   sum     seq       cx       cy      th      phi    lsp    mag  flag
   29  -0.334  1658 39933372  137.958  451.880  75.324  -82.943  -6.34  -6.34  0000
   30  -0.300  1646 39933373  140.301  453.175  75.165  -83.511  -6.29  -6.29  0000
   31  -0.267  1800 39933374  140.757  454.591  75.406  -83.773  -6.68  -6.68  0000
   32  -0.234  1803 39933375  141.522  456.021  75.592  -84.089  -6.65  -6.65  0000
   33  -0.200  2138 39933376  142.204  456.881  75.663  -84.316  -7.14  -7.14  0000
   34  -0.167  2075 39933377  143.862  458.382  75.701  -84.792  -7.15  -7.15  0000
   35  -0.133  2535 39933378  143.740  460.067  76.124  -84.982  -7.23  -7.23  0000
   36  -0.100  2451 39933379  146.047  460.896  75.888  -85.485  -7.47  -7.47  0000
   37  -0.067  2504 39933380  146.561  462.415  76.156  -85.762  -7.33  -7.33  0000
   38  -0.033  2700 39933381  148.550  463.286  75.998  -86.216  -7.68  -7.68  0000
   39   0.000  2751 39933382  148.789  464.546  76.259  -86.410  -7.67  -7.67  0000
   40   0.033  2627 39933383  149.994  465.714  76.323  -86.762  -7.56  -7.56  0000
   41   0.067  2538 39933384  150.988  466.905  76.433  -87.080  -7.51  -7.51  0000
   42   0.100  2298 39933385  152.128  467.999  76.496  -87.410  -7.36  -7.36  0000
   43   0.133  2021 39933386  152.631  469.208  76.703  -87.641  -6.80  -6.80  0000
   44   0.167  1839 39933387  154.014  470.879  76.871  -88.080  -6.59  -6.59  0000
   46   0.234  1284 39933389  156.435  472.248  76.787  -88.668  -5.58  -5.58  0000
