#
#   version : 20090611
#    num_fr : 13
#      time : 20091118 05:50:10.649 UTC
#      unix : 1258523410.649504
#       ntp : LOCK 3925 513763 1294
#       seq : 39868076
#       mul : 0 [A]
#      site : 01
#    latlon : 45.5749 -94.3965 370.0
#      text : Collegeville
#     label : 
#     plate : 
#      geom : 640 480
#    reject : 0
#
#  fr    time   sum     seq       cx       cy      th      phi    lsp    mag  flag
   29  -0.367  2243 39868065  401.975   98.500  43.741   90.454  -6.63  -6.63  0000
   30  -0.334  2763 39868066  403.282   97.003  44.289   90.543  -6.88  -6.88  0000
   31  -0.300  2643 39868067  405.278   96.016  44.832   90.918  -7.00  -7.00  0000
   32  -0.267  2275 39868068  406.375   94.677  45.312   90.970  -6.65  -6.65  0000
   33  -0.234  2680 39868069  407.121   93.731  45.648   90.999  -6.93  -6.93  0000
   34  -0.200  2514 39868070  408.969   92.404  46.248   91.255  -6.82  -6.82  0000
   36  -0.133  3255 39868072  412.136   90.651  47.164   91.774  -7.27  -7.27  0000
   37  -0.100  2659 39868073  413.028   89.024  47.680   91.709  -7.00  -7.00  0000
   38  -0.067  3413 39868074  414.251   87.443  48.241   91.739  -7.31  -7.31  0000
   39  -0.033  3005 39868075  414.412   87.510  48.252   91.793  -7.11  -7.11  0000
   40   0.000  3527 39868076  417.000   86.143  48.994   92.204  -7.38  -7.38  0000
   41   0.033  3018 39868077  418.814   84.546  49.660   92.372  -7.04  -7.04  0000
   42   0.067  2702 39868078  418.830   83.694  49.856   92.225  -7.05  -7.05  0000
