#
#   version : 20090611
#    num_fr : 41
#      time : 20091118 03:48:25.880 UTC
#      unix : 1258516105.880192
#       ntp : LOCK 3716 446733 1739
#       seq : 39649152
#       mul : 0 [A]
#      site : 01
#    latlon : 45.5749 -94.3965 370.0
#      text : Collegeville
#     label : 
#     plate : 
#      geom : 640 480
#    reject : 0
#
#  fr    time   sum     seq       cx       cy      th      phi    lsp    mag  flag
   29  -0.934  1845 39649124  279.884  406.037  45.090 -112.514  -6.85  -6.85  0000
   30  -0.901  2111 39649125  280.577  406.353  45.138 -112.770  -6.83  -6.83  0000
   31  -0.868  2353 39649126  281.935  407.351  45.336 -113.292  -7.25  -7.25  0000
   32  -0.834  2351 39649127  282.413  408.805  45.700 -113.540  -7.41  -7.41  0000
   33  -0.801  2841 39649128  283.536  409.521  45.840 -113.958  -7.48  -7.48  0000
   34  -0.767  2925 39649129  284.672  410.345  46.010 -114.385  -7.99  -7.99  0000
   35  -0.734  3480 39649130  285.807  411.086  46.160 -114.804  -7.99  -7.99  0000
   36  -0.701  3551 39649131  286.776  412.200  46.419 -115.183  -8.21  -8.21  0000
   37  -0.667  4158 39649132  287.527  412.977  46.599 -115.470  -8.40  -8.40  0000
   38  -0.634  4171 39649133  288.758  414.101  46.855 -115.929  -8.54  -8.54  0000
   39  -0.601  4674 39649134  289.497  414.705  46.992 -116.200  -8.57  -8.57  0000
   40  -0.567  5950 39649135  291.150  416.113  47.316 -116.802  -9.00  -9.00  0000
   41  -0.534  6081 39649136  292.193  416.881  47.491 -117.173  -9.00  -9.00  0000
   42  -0.500  5711 39649137  292.839  417.412  47.615 -117.404  -8.98  -8.98  0000
   43  -0.467  6866 39649138  294.248  418.627  47.905 -117.906  -9.14  -9.14  0000
   44  -0.434  6508 39649139  295.025  419.152  48.027 -118.175  -9.19  -9.19  0000
   45  -0.400  6842 39649140  296.203  420.345  48.322 -118.593  -9.17  -9.17  0000
   46  -0.367  8618 39649141  297.279  421.563  48.628 -118.973  -9.52  -9.52  0000
   47  -0.334  8288 39649142  298.856  422.078  48.736 -119.493  -9.55  -9.55  0000
   48  -0.300  8227 39649143  299.427  423.166  49.022 -119.701  -9.42  -9.42  0000
   49  -0.267  9177 39649144  300.972  424.418  49.337 -120.220  -9.56  -9.56  0000
   50  -0.234  7492 39649145  301.663  425.003  49.486 -120.451  -9.34  -9.34  0000
   51  -0.200  8272 39649146  302.761  426.298  49.824 -120.821  -9.48  -9.48  0000
   52  -0.167  8552 39649147  304.071  427.194  50.053 -121.247  -9.46  -9.46  0000
   53  -0.133  7919 39649148  305.345  428.421  50.377 -121.662  -9.39  -9.39  0000
   54  -0.100  8457 39649149  306.344  428.775  50.466 -121.977  -9.44  -9.44  0000
   55  -0.067  8437 39649150  307.620  430.131  50.829 -122.387  -9.41  -9.41  0000
   56  -0.033  9779 39649151  308.496  430.786  51.005 -122.663  -9.77  -9.77  0000
   57   0.000  9857 39649152  309.848  432.084  51.357 -123.086  -9.78  -9.78  0000
   58   0.033  8919 39649153  311.471  432.764  51.543 -123.586  -9.44  -9.44  0000
   59   0.067  7989 39649154  312.399  434.002  51.884 -123.871  -9.36  -9.36  0000
   60   0.100  8363 39649155  313.463  434.022  51.892 -124.194  -9.48  -9.48  0000
   61   0.133  7557 39649156  314.780  435.785  52.383 -124.590  -9.35  -9.35  0000
   62   0.167  6714 39649157  316.093  436.542  52.600 -124.982  -9.02  -9.02  0000
   63   0.200  6728 39649158  317.231  437.093  52.761 -125.320  -9.05  -9.05  0000
   64   0.234  8570 39649159  318.968  438.554  53.181 -125.828  -9.41  -9.41  0000
   65   0.267  6774 39649160  319.599  438.952  53.299 -126.011  -9.18  -9.18  0000
   66   0.300  4310 39649161  321.442  439.794  53.556 -126.547  -8.40  -8.40  0000
   67   0.334  3375 39649162  322.027  440.329  53.713 -126.713  -7.79  -7.79  0000
   68   0.367  2403 39649163  323.564  441.091  53.949 -127.154  -7.05  -7.05  0000
   70   0.434  2402 39649165  326.142  442.887  54.496 -127.876  -7.58  -7.58  0000
