#
#   version : 20090611
#    num_fr : 16
#      time : 20141026 09:09:04.892 UTC
#      unix : 1414314544.892774
#       ntp : LOCK 33 730960 417
#       seq : 177856906
#       mul : 0 [A]
#      site : 01
#    latlon : 45.5749 -94.3965 370.0
#      text : Collegeville
#     label : 
#     plate : metal_20100816_20100506-404-gd3
#      geom : 640 480
#    reject : 0
#
#  fr    time   sum     seq       cx       cy      th      phi    lsp    mag  flag
   30  -0.467  1458 177856892  377.524  109.789  40.938   79.434  -6.07   0.75  0000
   31  -0.434  1714 177856893  382.176  110.967  41.231   81.212  -6.29   0.53  0000
   32  -0.400  2136 177856894  385.224  111.383  41.529   82.300  -6.66   0.16  0000
   33  -0.367  2277 177856895  388.151  112.396  41.685   83.441  -7.05  -0.23  0000
   34  -0.334  2509 177856896  391.459  113.083  41.988   84.635  -7.45  -0.63  0000
   35  -0.300  2723 177856897  394.377  113.812  42.243   85.697  -7.72  -0.90  0000
   36  -0.267  3071 177856898  397.958  114.680  42.581   86.978  -7.95  -1.13  0000
   37  -0.234  3348 177856899  401.360  115.629  42.895   88.202  -7.99  -1.17  0000
   38  -0.200  3476 177856900  404.724  116.281  43.289   89.336  -8.06  -1.24  0000
   39  -0.167  3632 177856901  408.951  117.499  43.720   90.815  -8.05  -1.23  0000
   40  -0.133  3736 177856902  411.558  118.702  43.904   91.810  -8.21  -1.39  0000
   41  -0.100  3909 177856903  414.987  119.785  44.271   92.997  -8.26  -1.44  0000
   42  -0.067  3789 177856904  418.171  120.730  44.643   94.069  -8.30  -1.48  0000
   43  -0.033  4122 177856905  421.764  121.860  45.069   95.271  -8.42  -1.60  0000
   44   0.000  4663 177856906  426.110  123.173  45.622   96.684  -8.64  -1.82  0000
   45   0.033  2927 177856907  429.530  124.254  46.068   97.783  -7.71  -0.89  0000
