#
#   version : 20090611
#    num_fr : 14
#      time : 20131024 08:16:27.637 UTC
#      unix : 1382602587.637100
#       ntp : LOCK -326 771934 1297
#       seq : 150718485
#       mul : 0 [A]
#      site : 01
#    latlon : 45.5749 -94.3965 370.0
#      text : Collegeville
#     label : 
#     plate : metal_20100816_20100506-404-gd3
#      geom : 640 480
#    reject : 0
#
#  fr    time   sum     seq       cx       cy      th      phi    lsp    mag  flag
   30  -0.300  3140 150718476  124.061  121.990  62.749   -3.522  -6.73   0.09  0000
   31  -0.267  3111 150718477  124.024  121.517  62.835   -3.431  -7.33  -0.51  0000
   32  -0.234  5136 150718478  123.496  120.136  63.194   -3.230  -7.93  -1.11  0000
   33  -0.200  5348 150718479  121.740  119.104  63.809   -3.277  -8.24  -1.42  0000
   34  -0.167  5488 150718480  121.579  118.813  63.898   -3.242  -8.46  -1.64  0000
   35  -0.133  6989 150718481  120.679  117.362  64.365   -3.084  -8.59  -1.77  0000
   36  -0.100  7372 150718482  120.634  116.966  64.442   -3.013  -8.83  -2.01  0000
   37  -0.067  6419 150718483  120.385  116.057  64.656   -2.870  -8.81  -1.99  0000
   38  -0.033  7944 150718484  119.114  114.902  65.172   -2.827  -8.95  -2.13  0000
   39   0.000  8585 150718485  119.025  113.553  65.420   -2.579  -9.18  -2.36  0000
   40   0.033  7686 150718486  117.902  113.530  65.709   -2.735  -8.91  -2.09  0000
   41   0.067  7734 150718487  117.784  111.612  66.063   -2.385  -8.97  -2.15  0000
   42   0.100  7975 150718488  116.979  110.945  66.380   -2.372  -9.08  -2.26  0000
   43   0.133  7032 150718489  117.306  110.277  66.411   -2.200  -8.56  -1.74  0000
