#
#   version : 20090611
#    num_fr : 19
#      time : 20100810 06:31:09.408 UTC
#      unix : 1281421869.408001
#       ntp : LOCK -3210 157481 3165
#       seq : 1042915
#       mul : 0 [A]
#      site : 01
#    latlon : 45.5749 -94.3965 370.0
#      text : Collegeville
#     label : 
#     plate : metal 20090611
#      geom : 640 480
#    reject : 0
#
#  fr    time   sum     seq       cx       cy      th      phi    lsp    mag  flag
   30  -0.400  1385 1042903  446.344  138.945  44.573  111.018  -5.84  -5.84  0000
   31  -0.367  1479 1042904  449.116  139.204  45.175  111.617  -6.20  -6.20  0000
   32  -0.334  1582 1042905  451.459  139.772  45.635  112.207  -6.42  -6.42  0000
   33  -0.300  1687 1042906  454.432  140.547  46.219  112.953  -6.33  -6.33  0000
   34  -0.267  1530 1042907  457.076  140.576  46.845  113.422  -6.35  -6.35  0000
   35  -0.234  1719 1042908  460.287  140.709  47.596  114.001  -6.67  -6.67  0000
   36  -0.200  1820 1042909  463.038  140.722  48.261  114.456  -6.48  -6.48  0000
   37  -0.167  1626 1042910  464.276  141.748  48.413  114.927  -6.51  -6.51  0000
   38  -0.133  1986 1042911  466.877  141.912  49.027  115.379  -6.98  -6.98  0000
   39  -0.100  1989 1042912  469.884  142.159  49.734  115.902  -6.88  -6.88  0000
   40  -0.067  2091 1042913  472.400  142.698  50.285  116.415  -6.80  -6.80  0000
   41  -0.033  2082 1042914  475.299  143.227  50.938  116.968  -7.07  -7.07  0000
   42   0.000  2398 1042915  476.124  143.929  51.050  117.266  -7.06  -7.06  0000
   43   0.033  2264 1042916  478.823  143.824  51.747  117.610  -7.47  -7.47  0000
   44   0.067  2163 1042917  482.001  144.675  52.443  118.252  -7.33  -7.33  0000
   45   0.100  2101 1042918  482.773  145.384  52.549  118.534  -6.91  -6.91  0000
   46   0.133  2184 1042919  485.519  145.865  53.193  119.006  -7.00  -7.00  0000
   47   0.167  2104 1042920  488.418  146.005  53.925  119.400  -7.04  -7.04  0000
   51   0.300  1360 1042924  497.037  147.809  55.962  120.849  -5.78  -5.78  0000
