#
#   version : 20090611
#    num_fr : 13
#      time : 20100810 07:54:27.635 UTC
#      unix : 1281426867.635472
#       ntp : LOCK -584 114820 2506
#       seq : 1192712
#       mul : 0 [A]
#      site : 01
#    latlon : 45.5749 -94.3965 370.0
#      text : Collegeville
#     label : 
#     plate : metal 20090611
#      geom : 640 480
#    reject : 0
#
#  fr    time   sum     seq       cx       cy      th      phi    lsp    mag  flag
   30  -0.234  1765 1192705  112.435  358.687  63.315  -63.143  -6.54  -6.54  0000
   31  -0.200  1987 1192706  112.229  361.013  63.709  -63.595  -6.81  -6.81  0000
   32  -0.167  2250 1192707  111.897  362.494  64.012  -63.853  -7.09  -7.09  0000
   33  -0.133  2797 1192708  112.407  365.073  64.273  -64.446  -7.43  -7.43  0000
   34  -0.100  2802 1192709  111.481  366.423  64.709  -64.590  -7.32  -7.32  0000
   35  -0.067  2383 1192710  110.621  369.017  65.322  -64.987  -7.36  -7.36  0000
   36  -0.033  2846 1192711  109.894  370.596  65.749  -65.198  -7.64  -7.64  0000
   37   0.000  2989 1192712  109.283  373.089  66.292  -65.599  -7.71  -7.71  0000
   38   0.033  2685 1192713  108.739  374.890  66.712  -65.871  -7.51  -7.51  0000
   39   0.067  2703 1192714  109.043  376.895  66.958  -66.296  -7.51  -7.51  0000
   40   0.100  2683 1192715  108.042  378.718  67.501  -66.502  -7.44  -7.44  0000
   41   0.133  2936 1192716  107.434  381.198  68.056  -66.881  -7.54  -7.54  0000
   42   0.167  1515 1192717  107.108  382.412  68.336  -67.061  -6.43  -6.43  0000
