#
#   version : 20090611
#    num_fr : 15
#      time : 20100810 08:09:36.843 UTC
#      unix : 1281427776.843807
#       ntp : LOCK -553 569820 2506
#       seq : 1219961
#       mul : 0 [A]
#      site : 01
#    latlon : 45.5749 -94.3965 370.0
#      text : Collegeville
#     label : 
#     plate : metal 20090611
#      geom : 640 480
#    reject : 0
#
#  fr    time   sum     seq       cx       cy      th      phi    lsp    mag  flag
   29  -0.367  1916 1219950  558.511  264.728  68.865  151.436  -6.81  -6.81  0000
   30  -0.334  2346 1219951  559.440  266.346  69.198  151.759  -7.14  -7.14  0000
   31  -0.300  2605 1219952  561.020  267.474  69.716  151.948  -7.36  -7.36  0000
   32  -0.267  3139 1219953  561.878  268.647  70.017  152.171  -7.84  -7.84  0000
   33  -0.234  3981 1219954  562.907  270.166  70.385  152.460  -8.37  -8.37  0000
   34  -0.200  4775 1219955  563.462  270.959  70.584  152.610  -8.61  -8.61  0000
   35  -0.167  4709 1219956  564.999  272.361  71.106  152.849  -8.58  -8.58  0000
   36  -0.133  5822 1219957  565.800  273.261  71.386  153.008  -9.05  -9.05  0000
   37  -0.100  6070 1219958  567.023  274.776  71.821  153.279  -8.91  -8.91  0000
   38  -0.067  6923 1219959  567.473  276.054  72.012  153.529  -9.26  -9.26  0000
   39  -0.033  6190 1219960  569.101  277.261  72.563  153.712  -9.09  -9.09  0000
   40   0.000  7605 1219961  569.612  278.438  72.772  153.936  -9.38  -9.38  0000
   41   0.033  6009 1219962  570.827  279.379  73.188  154.077  -8.99  -8.99  0000
   42   0.067  5276 1219963  571.313  280.763  73.401  154.341  -8.76  -8.76  0000
   43   0.100  3428 1219964  572.092  282.042  73.702  154.569  -7.87  -7.87  0000
