#
#   version : 20090611
#    num_fr : 15
#      time : 20100810 09:27:43.126 UTC
#      unix : 1281432463.126412
#       ntp : LOCK 1661 333368 2105
#       seq : 1360409
#       mul : 0 [A]
#      site : 01
#    latlon : 45.5749 -94.3965 370.0
#      text : Collegeville
#     label : 
#     plate : metal 20090611
#      geom : 640 480
#    reject : 0
#
#  fr    time   sum     seq       cx       cy      th      phi    lsp    mag  flag
   30  -0.234  1806 1360402  116.614  384.964  66.460  -68.899  -6.29  -6.29  0000
   31  -0.200  1921 1360403  116.930  386.758  66.694  -69.277  -6.69  -6.69  0000
   32  -0.167  2869 1360404  116.302  388.446  67.136  -69.493  -7.72  -7.72  0000
   33  -0.133  3834 1360405  115.218  390.124  67.687  -69.636  -8.25  -8.25  0000
   34  -0.100  4283 1360406  115.029  390.864  67.861  -69.742  -8.51  -8.51  0000
   35  -0.067  4000 1360407  114.096  393.291  68.511  -70.038  -8.55  -8.55  0000
   36  -0.033  4902 1360408  112.860  395.074  69.121  -70.170  -8.61  -8.61  0000
   37   0.000  5152 1360409  112.644  395.847  69.311  -70.274  -8.80  -8.80  0000
   38   0.033  4653 1360410  111.772  397.273  69.773  -70.395  -8.79  -8.79  0000
   39   0.067  4215 1360411  111.363  399.370  70.249  -70.698  -8.52  -8.52  0000
   40   0.100  5071 1360412  110.278  401.246  70.846  -70.859  -8.86  -8.86  0000
   41   0.133  5051 1360413  109.953  402.767  71.201  -71.070  -8.70  -8.70  0000
   42   0.167  4034 1360414  109.528  404.025  71.533  -71.220  -8.24  -8.24  0000
   43   0.200  4236 1360415  109.100  406.032  72.006  -71.492  -8.32  -8.32  0000
   44   0.234  2067 1360416  109.604  406.464  71.968  -71.638  -7.03  -7.03  0000
