#
#   version : 20090611
#    num_fr : 35
#      time : 20140218 02:50:38.742 UTC
#      unix : 1392691838.742890
#       ntp : LOCK 378 955020 396
#       seq : 453086131
#       mul : 0 [A]
#      site : 01
#    latlon : 45.5749 -94.3965 370.0
#      text : Collegeville
#     label : 
#     plate : metal_20100816_20100506-404-gd3
#      geom : 640 480
#    reject : 0
#
#  fr    time   sum     seq       cx       cy      th      phi    lsp    mag  flag
   30  -0.400  2149 453086119  249.808  206.754  20.034   -2.259  -5.84   0.98  0000
   32  -0.334  2432 453086121  248.137  205.289  20.626   -2.089  -6.33   0.49  0000
   33  -0.300  2166 453086122  248.810  204.428  20.605   -1.292  -6.51   0.31  0000
   34  -0.267  2786 453086123  250.143  203.981  20.379   -0.444  -6.84  -0.02  0000
   35  -0.234  2539 453086124  250.581  203.857  20.302   -0.174  -6.86  -0.04  0000
   36  -0.200  2856 453086125  251.145  203.026  20.309    0.569  -7.14  -0.32  0000
   37  -0.167  2916 453086126  250.725  202.492  20.485    0.688  -7.26  -0.44  0000
   38  -0.133  2994 453086127  250.123  201.385  20.792    1.049  -7.32  -0.50  0000
   39  -0.100  3067 453086128  250.512  201.174  20.742    1.344  -7.53  -0.71  0000
   40  -0.067  3500 453086129  250.483  200.973  20.781    1.445  -7.68  -0.86  0000
   41  -0.033  3997 453086130  251.106  200.126  20.786    2.207  -8.11  -1.29  0000
   42   0.000  5066 453086131  250.994  199.545  20.905    2.477  -8.55  -1.73  0000
   43   0.033  4613 453086132  250.882  199.255  20.977    2.586  -8.45  -1.63  0000
   44   0.067  4461 453086133  251.513  198.172  21.026    3.472  -8.38  -1.56  0000
   45   0.100  4055 453086134  251.782  197.620  21.064    3.897  -8.13  -1.31  0000
   46   0.133  4222 453086135  251.963  197.120  21.112    4.251  -8.18  -1.36  0000
   47   0.167  4056 453086136  252.466  196.389  21.135    4.880  -8.12  -1.30  0000
   48   0.200  3950 453086137  252.375  196.015  21.219    5.033  -8.02  -1.20  0000
   49   0.234  4034 453086138  252.922  195.447  21.207    5.595  -8.19  -1.37  0000
   50   0.267  4241 453086139  253.550  194.724  21.210    6.277  -8.21  -1.39  0000
   51   0.300  4115 453086140  253.961  194.078  21.244    6.811  -8.05  -1.23  0000
   52   0.334  4220 453086141  254.312  193.775  21.229    7.140  -8.19  -1.37  0000
   53   0.367  4553 453086142  254.315  192.587  21.446    7.738  -8.41  -1.59  0000
   54   0.400  4484 453086143  254.408  192.074  21.522    8.038  -8.38  -1.56  0000
   55   0.434  4342 453086144  254.644  191.634  21.558    8.373  -8.33  -1.51  0000
   56   0.467  4713 453086145  255.298  190.450  21.654    9.278  -8.38  -1.56  0000
   57   0.500  4038 453086146  255.948  190.134  21.591    9.762  -8.18  -1.36  0000
   58   0.534  3864 453086147  255.994  189.840  21.639    9.925  -8.00  -1.18  0000
   59   0.567  3884 453086148  256.291  188.866  21.770   10.536  -7.83  -1.01  0000
   60   0.601  3320 453086149  256.874  188.295  21.773   11.104  -7.32  -0.50  0000
   61   0.634  3242 453086150  256.961  187.927  21.829   11.318  -7.30  -0.48  0000
   62   0.667  2673 453086151  257.180  186.530  22.063   12.063  -7.01  -0.19  0000
   63   0.701  2845 453086152  257.353  186.186  22.100   12.307  -6.88  -0.06  0000
   64   0.734  2445 453086153  257.445  186.375  22.046   12.271  -6.75   0.07  0000
   65   0.767  2399 453086154  258.326  185.039  22.156   13.323  -6.33   0.49  0000
