#
#   version : 20090611
#    num_fr : 16
#      time : 20120814 03:22:39.477 UTC
#      unix : 1344914559.477811
#       ntp : LOCK 396 466381 261
#       seq : 7771921
#       mul : 0 [A]
#      site : 01
#    latlon : 45.5749 -94.3965 370.0
#      text : Collegeville
#     label : 
#     plate : metal_20100816_20100506-404-gd3
#      geom : 640 480
#    reject : 0
#
#  fr    time   sum     seq       cx       cy      th      phi    lsp    mag  flag
   30  -0.400  1792 7771909  293.691  164.134  22.857   41.406  -5.94   0.88  0000
   32  -0.334  1822 7771911  292.874  170.378  21.304   39.925  -6.19   0.63  0000
   33  -0.300  1807 7771912  291.661  173.251  20.655   38.565  -6.72   0.10  0000
   34  -0.267  1978 7771913  290.247  176.398  19.965   36.912  -7.00  -0.18  0000
   35  -0.234  2489 7771914  289.745  178.624  19.446   36.048  -6.97  -0.15  0000
   36  -0.200  2297 7771915  290.025  182.084  18.559   35.442  -7.22  -0.40  0000
   37  -0.167  2773 7771916  288.853  184.310  18.111   33.932  -7.60  -0.78  0000
   38  -0.133  2861 7771917  287.100  188.185  17.334   31.358  -7.65  -0.83  0000
   39  -0.100  3002 7771918  288.175  191.504  16.420   31.157  -7.76  -0.94  0000
   40  -0.067  3371 7771919  287.182  194.452  15.820   29.216  -8.04  -1.22  0000
   41  -0.033  3470 7771920  285.788  198.212  15.100   26.406  -8.03  -1.21  0000
   42   0.000  3951 7771921  285.273  201.811  14.339   24.217  -8.13  -1.31  0000
   43   0.033  3748 7771922  284.305  204.649  13.835   21.792  -8.15  -1.33  0000
   44   0.067  3571 7771923  283.278  208.394  13.173   18.555  -7.74  -0.92  0000
   45   0.100  2885 7771924  283.753  212.046  12.330   16.517  -7.46  -0.64  0000
   46   0.133  2228 7771925  282.022  214.680  12.089   12.819  -6.64   0.18  0000
