#
#   version : 20090611
#    num_fr : 21
#      time : 20120814 04:20:09.125 UTC
#      unix : 1344918009.125771
#       ntp : LOCK 129 646657 241
#       seq : 7875307
#       mul : 0 [A]
#      site : 01
#    latlon : 45.5749 -94.3965 370.0
#      text : Collegeville
#     label : 
#     plate : metal_20100816_20100506-404-gd3
#      geom : 640 480
#    reject : 0
#
#  fr    time   sum     seq       cx       cy      th      phi    lsp    mag  flag
   30  -0.434  1609 7875294  345.316  442.520  52.080 -135.637  -6.02   0.80  0000
   31  -0.400  1596 7875295  345.131  444.840  52.718 -135.456  -6.17   0.65  0000
   32  -0.367  1650 7875296  344.240  445.996  52.999 -135.137  -6.03   0.79  0000
   33  -0.334  1845 7875297  345.330  448.178  53.662 -135.336  -6.43   0.39  0000
   34  -0.300  1740 7875298  344.189  450.003  54.120 -134.918  -6.82  -0.00  0000
   35  -0.267  1996 7875299  343.632  452.466  54.788 -134.639  -6.75   0.07  0000
   36  -0.234  2199 7875300  343.180  454.338  55.297 -134.424  -6.48   0.34  0000
   37  -0.200  2223 7875301  343.874  456.074  55.819 -134.534  -6.65   0.17  0000
   38  -0.167  2193 7875302  343.730  458.411  56.475 -134.386  -6.83  -0.01  0000
   39  -0.133  2402 7875303  342.872  459.446  56.732 -134.105  -6.95  -0.13  0000
   40  -0.100  2499 7875304  341.798  461.381  57.238 -133.730  -7.05  -0.23  0000
   41  -0.067  2291 7875305  342.104  463.316  57.803 -133.730  -6.90  -0.08  0000
   42  -0.033  2337 7875306  341.613  464.625  58.157 -133.545  -7.02  -0.20  0000
   43   0.000  2510 7875307  342.162  466.501  58.717 -133.613  -7.34  -0.52  0000
   44   0.033  2305 7875308  341.327  468.555  59.274 -133.310  -7.37  -0.55  0000
   45   0.067  2158 7875309  341.063  470.223  59.744 -133.176  -7.14  -0.32  0000
   46   0.100  2494 7875310  340.873  472.419  60.371 -133.043  -7.05  -0.23  0000
   47   0.133  2472 7875311  340.957  473.605  60.717 -133.020  -7.07  -0.25  0000
   48   0.167  2497 7875312  341.030  474.752  61.052 -132.995  -7.33  -0.51  0000
   49   0.200  2274 7875313  340.428  476.223  61.457 -132.788  -7.27  -0.45  0000
   50   0.234  1377 7875314  339.214  477.687  61.839 -132.429  -6.60   0.22  0000
