#
#   version : 20090611
#    num_fr : 14
#      time : 20120814 08:41:42.555 UTC
#      unix : 1344933702.555700
#       ntp : LOCK -583 259249 747
#       seq : 8345635
#       mul : 0 [A]
#      site : 01
#    latlon : 45.5749 -94.3965 370.0
#      text : Collegeville
#     label : 
#     plate : metal_20100816_20100506-404-gd3
#      geom : 640 480
#    reject : 0
#
#  fr    time   sum     seq       cx       cy      th      phi    lsp    mag  flag
   29  -0.300  1592 8345626  550.369  249.254  66.115  144.395  -6.10   0.72  0000
   30  -0.267  1955 8345627  551.165  250.517  66.356  144.696  -6.34   0.48  0000
   31  -0.234  2360 8345628  552.044  250.649  66.624  144.730  -7.14  -0.32  0000
   32  -0.200  3144 8345629  553.700  251.968  67.130  145.043  -7.41  -0.59  0000
   33  -0.167  3508 8345630  554.488  252.607  67.372  145.193  -8.16  -1.34  0000
   34  -0.133  5175 8345631  555.192  253.919  67.592  145.499  -8.78  -1.96  0000
   35  -0.100  5927 8345632  555.953  254.796  67.829  145.701  -9.06  -2.24  0000
   36  -0.067  6383 8345633  557.029  255.949  68.166  145.966  -9.24  -2.42  0000
   37  -0.033  6150 8345634  557.474  256.799  68.308  146.161  -9.33  -2.51  0000
   38   0.000  7334 8345635  559.011  257.920  68.790  146.413  -9.52  -2.70  0000
   39   0.033  6696 8345636  559.279  258.804  68.881  146.614  -9.41  -2.59  0000
   40   0.067  6431 8345637  561.167  260.386  69.479  146.964  -9.22  -2.40  0000
   41   0.100  6945 8345638  561.838  260.992  69.693  147.097  -9.41  -2.59  0000
   42   0.133  4696 8345639  563.045  262.163  70.081  147.353  -8.41  -1.59  0000
