#
#   version : 20090611
#    num_fr : 14
#      time : 20120814 06:25:01.586 UTC
#      unix : 1344925501.586525
#       ntp : LOCK -112 338219 214
#       seq : 8099855
#       mul : 0 [A]
#      site : 01
#    latlon : 45.5749 -94.3965 370.0
#      text : Collegeville
#     label : 
#     plate : metal_20100816_20100506-404-gd3
#      geom : 640 480
#    reject : 0
#
#  fr    time   sum     seq       cx       cy      th      phi    lsp    mag  flag
   29  -0.400  1704 8099843  294.999  114.661  35.812   46.212  -5.64   1.18  0000
   30  -0.367  2192 8099844  294.865  114.705  35.805   46.152  -6.45   0.37  0000
   31  -0.334  2351 8099845  294.530  115.525  35.598   45.965  -6.73   0.09  0000
   32  -0.300  2644 8099846  295.835  116.968  35.165   46.462  -7.13  -0.31  0000
   33  -0.267  3040 8099847  295.869  117.886  34.918   46.431  -7.67  -0.85  0000
   34  -0.234  3125 8099848  295.527  118.619  34.734   46.243  -7.78  -0.96  0000
   35  -0.200  3588 8099849  296.669  119.676  34.412   46.700  -7.97  -1.15  0000
   36  -0.167  3777 8099850  297.013  120.550  34.167   46.812  -7.98  -1.16  0000
   37  -0.133  3761 8099851  296.725  122.161  33.746   46.602  -8.24  -1.42  0000
   38  -0.100  4463 8099852  296.946  123.358  33.419   46.643  -8.43  -1.61  0000
   39  -0.067  4231 8099853  298.049  124.358  33.116   47.106  -8.41  -1.59  0000
   40  -0.033  4203 8099854  297.961  125.687  32.764   47.001  -8.45  -1.63  0000
   41   0.000  5220 8099855  298.294  126.847  32.444   47.102  -8.84  -2.02  0000
   42   0.033  4171 8099856  298.807  128.135  32.085   47.285  -8.41  -1.59  0000
