#
#   version : 20090611
#    num_fr : 13
#      time : 20120814 08:53:59.492 UTC
#      unix : 1344934439.492551
#       ntp : LOCK -403 102055 703
#       seq : 8367721
#       mul : 0 [A]
#      site : 01
#    latlon : 45.5749 -94.3965 370.0
#      text : Collegeville
#     label : 
#     plate : metal_20100816_20100506-404-gd3
#      geom : 640 480
#    reject : 0
#
#  fr    time   sum     seq       cx       cy      th      phi    lsp    mag  flag
   29  -0.334  1592 8367711  316.881   51.438  52.934   54.846  -5.90   0.92  0000
   30  -0.300  2044 8367712  317.882   49.892  53.378   55.126  -6.48   0.34  0000
   31  -0.267  2433 8367713  321.296   48.458  53.819   56.114  -6.80   0.02  0000
   32  -0.234  3134 8367714  322.577   47.094  54.222   56.465  -7.69  -0.87  0000
   33  -0.200  3905 8367715  325.942   45.205  54.814   57.404  -8.11  -1.29  0000
   34  -0.167  3675 8367716  327.711   43.820  55.243   57.880  -8.35  -1.53  0000
   35  -0.133  4700 8367717  330.906   42.513  55.691   58.756  -8.55  -1.73  0000
   36  -0.100  4705 8367718  332.120   41.156  56.109   59.059  -8.67  -1.85  0000
   37  -0.067  4686 8367719  335.726   39.224  56.767   60.007  -8.53  -1.71  0000
   38  -0.033  5172 8367720  338.041   37.939  57.211   60.602  -8.73  -1.91  0000
   39   0.000  6191 8367721  340.837   36.214  57.806   61.303  -9.03  -2.21  0000
   40   0.033  4164 8367722  342.654   35.217  58.164   61.757  -8.53  -1.71  0000
   41   0.067  2448 8367723  346.203   33.694  58.753   62.647  -7.08  -0.26  0000
