#
#   version : 20090611
#    num_fr : 12
#      time : 20130912 07:43:52.045 UTC
#      unix : 1378971832.045615
#       ntp : LOCK -902 909987 2244
#       seq : 41907111
#       mul : 0 [A]
#      site : 01
#    latlon : 45.5749 -94.3965 370.0
#      text : Collegeville
#     label : 
#     plate : metal_20100816_20100506-404-gd3
#      geom : 640 480
#    reject : 0
#
#  fr    time   sum     seq       cx       cy      th      phi    lsp    mag  flag
   29  -0.234  2151 41907104  550.253  326.762  69.606  162.196  -6.39   0.43  0000
   30  -0.200  2214 41907105  549.676  327.784  69.529  162.454  -6.83  -0.01  0000
   31  -0.167  2463 41907106  551.184  328.587  70.046  162.529  -7.12  -0.30  0000
   32  -0.133  3628 41907107  551.964  329.347  70.346  162.641  -7.81  -0.99  0000
   33  -0.100  4073 41907108  553.733  330.042  70.932  162.674  -8.00  -1.18  0000
   34  -0.067  4209 41907109  554.547  330.650  71.230  162.750  -8.34  -1.52  0000
   35  -0.033  5698 41907110  555.138  331.059  71.443  162.799  -8.97  -2.15  0000
   36   0.000  5736 41907111  555.751  331.845  71.698  162.924  -9.02  -2.20  0000
   37   0.033  4599 41907112  557.129  332.287  72.148  162.928  -8.41  -1.59  0000
   38   0.067  2598 41907113  557.678  332.629  72.343  162.964  -7.24  -0.42  0000
   39   0.100  1827 41907114  558.938  333.855  72.835  163.137  -6.13   0.69  0000
   40   0.133  1849 41907115  558.999  334.677  72.933  163.303  -6.21   0.61  0000
