#
#   version : 20090611
#    num_fr : 27
#      time : 20140902 01:54:21.355 UTC
#      unix : 1409622861.355521
#       ntp : LOCK -44 945647 1170
#       seq : 37250195
#       mul : 0 [A]
#      site : 01
#    latlon : 45.5749 -94.3965 370.0
#      text : Collegeville
#     label : 
#     plate : metal_20100816_20100506-404-gd3
#      geom : 640 480
#    reject : 0
#
#  fr    time   sum     seq       cx       cy      th      phi    lsp    mag  flag
   29  -0.300  4498 37250186   89.885  423.889  79.883  -73.573  -7.86  -1.04  0000
   30  -0.267  3851 37250187   91.184  419.545  78.701  -73.047  -7.93  -1.11  0000
   31  -0.234  5125 37250188   94.069  409.446  76.050  -71.754  -8.26  -1.44  0000
   32  -0.200  3434 37250189  100.012  394.083  71.765  -69.814  -8.31  -1.49  0000
   33  -0.167  4984 37250190  104.886  385.261  69.004  -68.782  -8.51  -1.69  0000
   34  -0.133  5475 37250191  107.281  379.906  67.507  -68.050  -8.51  -1.69  0000
   35  -0.100  3188 37250192  113.352  369.782  64.331  -66.770  -8.36  -1.54  0000
   36  -0.067  4370 37250193  121.533  359.798  60.698  -65.664  -8.33  -1.51  0000
   37  -0.033  5771 37250194  133.027  345.520  55.696  -63.828  -8.03  -1.21  0000
   38   0.000  6062 37250195  139.144  339.697  53.326  -63.174  -7.96  -1.14  0000
   39   0.033  4529 37250196  149.189  327.987  49.236  -61.380  -7.95  -1.13  0000
   40   0.067  4344 37250197  158.182  319.335  45.871  -60.074  -7.55  -0.73  0000
   41   0.100  3348 37250198  172.976  303.645  40.329  -56.977  -7.30  -0.48  0000
   42   0.133  3391 37250199  177.086  299.935  38.889  -56.204  -7.38  -0.56  0000
   43   0.167  3908 37250200  190.750  289.396  34.342  -53.937  -7.50  -0.68  0000
   44   0.200  4457 37250201  196.261  285.934  32.601  -53.199  -7.25  -0.43  0000
   45   0.234  4568 37250202  206.298  279.756  29.471  -51.701  -7.28  -0.46  0000
   46   0.267  3149 37250203  216.449  274.238  26.397  -50.239  -7.01  -0.19  0000
   47   0.300  3698 37250204  227.585  269.369  23.136  -48.949  -7.18  -0.36  0000
   48   0.334  4203 37250205  235.964  267.221  20.786  -48.781  -6.56   0.26  0000
   49   0.367  3693 37250206  241.546  266.047  19.240  -48.844  -7.21  -0.39  0000
   50   0.400  2698 37250207  247.671  264.043  17.508  -48.335  -6.56   0.26  0000
   51   0.434  4097 37250208  254.708  263.186  15.603  -48.961  -6.66   0.16  0000
   52   0.467  3789 37250209  257.136  264.132  15.024  -50.408  -6.13   0.69  0000
   53   0.501  3424 37250210  261.035  264.788  14.053  -52.106  -6.10   0.72  0000
   54   0.534  3469 37250211  265.000  265.095  13.054  -53.698  -6.21   0.61  0000
   57   0.634  3137 37250214  276.150  261.817   9.945  -54.150  -6.34   0.48  0000
