#
#   version : 20090611
#    num_fr : 29
#      time : 20140902 02:08:49.389 UTC
#      unix : 1409623729.389843
#       ntp : LOCK 62 357855 1096
#       seq : 37276209
#       mul : 1 [B]
#      site : 01
#    latlon : 45.5749 -94.3965 370.0
#      text : Collegeville
#     label : 
#     plate : metal_20100816_20100506-404-gd3
#      geom : 640 480
#    reject : 0
#
#  fr    time   sum     seq       cx       cy      th      phi    lsp    mag  flag
   30  -0.067  5144 37276207  412.641  434.424  56.532 -154.659  -8.01  -1.19  0000
   31  -0.033  5240 37276208  418.015  436.365  57.799 -155.659  -8.11  -1.29  0000
   32   0.000  7047 37276209  420.801  437.292  58.446 -156.172  -8.20  -1.38  0000
   33   0.033  5256 37276210  420.261  440.476  59.158 -155.614  -8.07  -1.25  0000
   34   0.067  6041 37276211  418.724  438.970  58.553 -155.466  -8.21  -1.39  0000
   35   0.100  7012 37276212  417.405  437.751  58.054 -155.328  -8.18  -1.36  0000
   36   0.133  6236 37276213  416.069  436.227  57.478 -155.224  -8.28  -1.46  0000
   37   0.167  6207 37276214  413.331  435.646  56.936 -154.657  -8.32  -1.50  0000
   38   0.200  6719 37276215  411.719  436.094  56.820 -154.212  -8.33  -1.51  0000
   39   0.234  5912 37276216  409.265  436.642  56.615 -153.549  -8.23  -1.41  0000
   40   0.267  5347 37276217  407.407  438.340  56.793 -152.878  -8.12  -1.30  0000
   41   0.300  5070 37276218  404.448  439.500  56.696 -152.009  -7.92  -1.10  0000
   42   0.334  4490 37276219  400.631  437.987  55.814 -151.252  -8.00  -1.18  0000
   43   0.367  4381 37276220  394.524  437.132  54.839 -149.804  -8.00  -1.18  0000
   44   0.400  4881 37276221  388.705  436.464  53.988 -148.362  -7.92  -1.10  0000
   45   0.434  5563 37276222  385.464  436.120  53.539 -147.537  -7.93  -1.11  0000
   46   0.467  4592 37276223  378.531  438.637  53.489 -145.393  -7.85  -1.03  0000
   47   0.500  4750 37276224  374.433  440.818  53.684 -144.058  -7.84  -1.02  0000
   48   0.534  5196 37276225  370.706  444.455  54.338 -142.707  -7.91  -1.09  0000
   49   0.567  4516 37276226  368.444  448.331  55.209 -141.764  -7.93  -1.11  0000
   50   0.601  4882 37276227  366.481  452.903  56.313 -140.875  -7.82  -1.00  0000
   51   0.634  3438 37276228  365.435  457.203  57.428 -140.278  -7.56  -0.74  0000
   52   0.667  4260 37276229  365.831  460.440  58.361 -140.149  -7.70  -0.88  0000
   53   0.701  4384 37276230  366.201  465.082  59.691 -139.919  -7.60  -0.78  0000
   54   0.734  3933 37276231  367.005  467.976  60.567 -139.923  -7.58  -0.76  0000
   55   0.767  4012 37276232  367.977  470.053  61.226 -140.024  -7.74  -0.92  0000
   57   0.834  4557 37276234  374.987  474.797  63.119 -141.395  -7.76  -0.94  0000
   58   0.868  4115 37276235  377.915  475.097  63.451 -142.069  -7.52  -0.70  0000
   60   0.934  4072 37276237  381.149  475.617  63.882 -142.791  -7.43  -0.61  0000
