#
#   version : 20090611
#    num_fr : 34
#      time : 20140902 01:54:30.965 UTC
#      unix : 1409622870.965127
#       ntp : LOCK -44 950647 1170
#       seq : 37250483
#       mul : 0 [A]
#      site : 01
#    latlon : 45.5749 -94.3965 370.0
#      text : Collegeville
#     label : 
#     plate : metal_20100816_20100506-404-gd3
#      geom : 640 480
#    reject : 0
#
#  fr    time   sum     seq       cx       cy      th      phi    lsp    mag  flag
   29  -0.267  4737 37250475  288.356  100.647  39.847   44.252  -7.51  -0.69  0000
   30  -0.234  6110 37250476  301.409  106.727  37.763   49.215  -8.23  -1.41  0000
   31  -0.200  3974 37250477  304.393  109.769  36.884   50.390  -8.07  -1.25  0000
   32  -0.167  6191 37250478  312.480  117.725  34.673   53.853  -8.59  -1.77  0000
   33  -0.133  4530 37250479  325.797  128.217  32.069   60.363  -8.76  -1.94  0000
   34  -0.100  5615 37250480  333.284  134.050  30.833   64.451  -8.92  -2.10  0000
   35  -0.067  5318 37250481  345.350  140.398  29.986   71.189  -8.59  -1.77  0000
   36  -0.033  5491 37250482  347.779  144.148  29.244   73.001  -8.38  -1.56  0000
   37   0.000  8953 37250483  363.959  150.770  29.407   82.188  -9.05  -2.23  0000
   38   0.033  7413 37250484  374.204  156.743  29.505   88.369  -9.34  -2.52  0000
   39   0.067  8800 37250485  385.059  162.906  30.014   94.738  -9.28  -2.46  0000
   40   0.100  5744 37250486  392.878  166.285  30.805   98.789  -8.90  -2.08  0000
   41   0.133  5693 37250487  404.374  173.657  31.829  105.222  -8.99  -2.17  0000
   42   0.167  5742 37250488  414.600  179.328  33.192  110.223  -8.86  -2.04  0000
   43   0.200  6306 37250489  421.344  184.674  34.005  113.906  -8.53  -1.71  0000
   44   0.234  3846 37250490  429.564  188.152  35.545  116.990  -8.39  -1.57  0000
   45   0.267  4305 37250491  433.103  190.220  36.173  118.452  -8.18  -1.36  0000
   46   0.300  3672 37250492  437.770  193.795  36.946  120.623  -7.99  -1.17  0000
   47   0.334  6205 37250493  442.135  196.261  37.805  122.247  -8.05  -1.23  0000
   48   0.367  4371 37250494  445.058  202.325  37.988  124.934  -7.76  -0.94  0000
   49   0.400  3748 37250495  446.443  206.580  37.990  126.720  -7.74  -0.92  0000
   50   0.434  3814 37250496  447.828  210.656  38.043  128.436  -7.97  -1.15  0000
   51   0.467  3168 37250497  447.906  216.318  37.677  130.628  -7.88  -1.06  0000
   52   0.500  5120 37250498  450.067  224.506  37.807  134.020  -8.27  -1.45  0000
   53   0.534  5123 37250499  453.145  230.117  38.413  136.417  -7.75  -0.93  0000
   54   0.567  4480 37250500  457.301  234.911  39.407  138.471  -8.39  -1.57  0000
   55   0.601  4673 37250501  460.690  240.511  40.224  140.707  -8.19  -1.37  0000
   56   0.634  6974 37250502  464.933  246.563  41.339  143.031  -7.84  -1.02  0000
   57   0.667  4494 37250503  466.883  248.252  41.877  143.663  -7.83  -1.01  0000
   58   0.701  3600 37250504  470.186  252.020  42.803  145.021  -8.11  -1.29  0000
   59   0.734  4421 37250505  470.782  253.768  42.979  145.637  -8.02  -1.20  0000
   60   0.767  3451 37250506  475.895  254.925  44.425  146.007  -7.44  -0.62  0000
   62   0.834  3096 37250508  481.346  254.245  45.960  145.745  -7.28  -0.46  0000
   64   0.901  3733 37250510  491.164  251.193  48.736  144.743  -6.72   0.10  0000
