#
#   version : 20090611
#    num_fr : 18
#      time : 20140902 02:05:25.052 UTC
#      unix : 1409623525.052274
#       ntp : LOCK 65 257855 1096
#       seq : 37270085
#       mul : 0 [A]
#      site : 01
#    latlon : 45.5749 -94.3965 370.0
#      text : Collegeville
#     label : 
#     plate : metal_20100816_20100506-404-gd3
#      geom : 640 480
#    reject : 0
#
#  fr    time   sum     seq       cx       cy      th      phi    lsp    mag  flag
   29  -0.400  3184 37270073  598.881  219.926  81.823  138.867  -5.04   1.78  0000
   30  -0.367  4032 37270074  593.318  224.404  79.889  139.619  -6.07   0.75  0000
   31  -0.334  3940 37270075  588.515  232.471  78.159  141.150    nan    nan  0000
   32  -0.300  5422 37270076  586.457  234.661  77.462  141.564  -7.47  -0.65  0000
   35  -0.200  5616 37270079  568.815  252.280  71.782  145.146  -8.11  -1.29  0000
   36  -0.167  5321 37270080  565.469  256.575  70.767  146.094  -8.31  -1.49  0000
   37  -0.133  5017 37270081  563.390  258.647  70.144  146.563  -8.21  -1.39  0000
   38  -0.100  4577 37270082  558.415  264.638  68.698  147.950  -8.06  -1.24  0000
   39  -0.067  5746 37270083  556.230  268.253  68.101  148.802  -7.97  -1.15  0000
   40  -0.033  5087 37270084  554.482  272.060  67.661  149.705  -7.82  -1.00  0000
   41   0.000  6069 37270085  554.109  275.451  67.644  150.495  -7.75  -0.93  0000
   42   0.033  4648 37270086  554.085  276.085  67.657  150.641  -7.53  -0.71  0000
   43   0.067  5580 37270087  554.087  277.947  67.718  151.070  -7.33  -0.51  0000
   46   0.167  3213 37270090  555.046  286.835  68.353  153.079  -6.95  -0.13  0000
   47   0.200  3790 37270091  554.484  288.322  68.249  153.434  -6.62   0.20  0000
   48   0.234  2780 37270092  554.756  293.841  68.601  154.676  -6.94  -0.12  0000
   54   0.434  4658 37270098  546.827  318.040  67.849  160.493  -6.81   0.01  0000
   57   0.534  3754 37270101  541.141  332.179  67.464  164.005  -6.52   0.30  0000
