#
#   version : 20090611
#    num_fr : 62
#      time : 20140902 02:09:27.928 UTC
#      unix : 1409623767.928361
#       ntp : LOCK 61 377855 1096
#       seq : 37277364
#       mul : 0 [A]
#      site : 01
#    latlon : 45.5749 -94.3965 370.0
#      text : Collegeville
#     label : 
#     plate : metal_20100816_20100506-404-gd3
#      geom : 640 480
#    reject : 0
#
#  fr    time   sum     seq       cx       cy      th      phi    lsp    mag  flag
   29  -0.500  3913 37277349   37.008  327.905  81.941  -52.173  -8.13  -1.31  0000
   30  -0.467  4161 37277350   37.939  325.458  81.431  -51.762  -7.98  -1.16  0000
   31  -0.434  4415 37277351   41.776  319.116  79.681  -50.743  -7.64  -0.82  0000
   32  -0.400  3382 37277352   41.825  315.308  79.376  -50.015  -7.64  -0.82  0000
   34  -0.334  3740 37277354   44.574  301.589  77.581  -47.441  -7.47  -0.65  0000
   35  -0.300  5138 37277355   48.117  300.809  76.399  -47.409  -7.94  -1.12  0000
   36  -0.267  4583 37277356   47.063  301.021  76.749  -47.414  -8.15  -1.33  0000
   37  -0.234  5021 37277357   47.031  303.231  76.891  -47.855  -7.91  -1.09  0000
   38  -0.200  5126 37277358   45.213  305.007  77.584  -48.141  -7.85  -1.03  0000
   39  -0.167  3989 37277359   45.038  306.693  77.748  -48.467  -7.88  -1.06  0000
   40  -0.133  4530 37277360   46.556  308.808  77.401  -48.945  -7.87  -1.05  0000
   41  -0.100  3531 37277361   48.200  310.796  77.012  -49.406  -7.55  -0.73  0000
   42  -0.067  4161 37277362   50.733  312.105  76.300  -49.776  -7.89  -1.07  0000
   43  -0.033  4982 37277363   51.500  312.376  76.077  -49.864  -7.73  -0.91  0000
   44   0.000  6491 37277364   53.962  314.242  75.436  -50.351  -7.74  -0.92  0000
   45   0.033  3575 37277365   54.923  316.935  75.338  -50.938  -7.53  -0.71  0000
   46   0.067  3681 37277366   56.572  318.334  74.932  -51.302  -7.62  -0.80  0000
   47   0.100  4172 37277367   57.931  320.233  74.660  -51.755  -7.42  -0.60  0000
   48   0.133  4212 37277368   59.087  322.336  74.475  -52.241  -7.64  -0.82  0000
   49   0.167  2928 37277369   61.428  324.824  73.964  -52.875  -7.19  -0.37  0000
   50   0.200  4717 37277370   62.665  327.008  73.776  -53.389  -7.30  -0.48  0000
   51   0.234  4007 37277371   64.401  328.856  73.411  -53.868  -6.90  -0.08  0000
   52   0.267  3630 37277372   64.056  329.979  73.621  -54.074  -6.84  -0.02  0000
   53   0.300  3922 37277373   67.392  331.123  72.712  -54.518  -7.14  -0.32  0000
   54   0.334  3469 37277374   67.123  332.080  72.885  -54.695  -7.04  -0.22  0000
   55   0.367  3897 37277375   69.819  332.812  72.139  -55.022  -7.01  -0.19  0000
   56   0.400  3099 37277376   70.786  332.063  71.774  -54.934  -7.34  -0.52  0000
   57   0.434  3831 37277377   71.275  332.134  71.634  -54.982  -7.21  -0.39  0000
   58   0.467  3231 37277378   72.831  332.917  71.242  -55.249  -6.82  -0.00  0000
   59   0.501  4804 37277379   75.014  334.899  70.786  -55.812  -6.97  -0.15  0000
   60   0.534  3606 37277380   76.397  334.134  70.296  -55.753  -7.45  -0.63  0000
   61   0.567  4868 37277381   77.845  334.769  69.929  -55.990  -7.51  -0.69  0000
   62   0.601  3187 37277382   78.371  334.559  69.751  -55.985  -7.31  -0.49  0000
   63   0.634  3361 37277383   79.609  334.398  69.368  -56.042  -7.53  -0.71  0000
   64   0.667  3553 37277384   81.033  336.114  69.123  -56.510  -7.52  -0.70  0000
   65   0.701  3865 37277385   82.130  337.116  68.905  -56.806  -7.59  -0.77  0000
   66   0.734  6320 37277386   82.977  338.977  68.854  -57.263  -7.39  -0.57  0000
   67   0.767  3080 37277387   82.814  339.145  68.920  -57.286  -7.45  -0.63  0000
   68   0.801  5573 37277388   82.447  340.135  69.135  -57.464  -7.31  -0.49  0000
   69   0.834  3124 37277389   83.735  342.132  68.978  -57.985  -7.46  -0.64  0000
   70   0.868  2607 37277390   84.941  343.214  68.747  -58.311  -7.51  -0.69  0000
   71   0.901  4390 37277391   87.620  343.272  67.976  -58.549  -7.14  -0.32  0000
   72   0.934  3566 37277392   87.730  343.101  67.925  -58.523  -7.46  -0.64  0000
   74   1.001  4569 37277394   91.727  342.933  66.753  -58.834  -6.92  -0.10  0000
   75   1.034  2798 37277395   91.113  344.070  67.060  -59.022  -6.97  -0.15  0000
   76   1.068  2844 37277396   93.962  344.410  66.284  -59.350  -7.11  -0.29  0000
   77   1.101  3628 37277397   94.282  344.357  66.186  -59.368  -6.91  -0.09  0000
   78   1.134  2925 37277398   96.602  345.370  65.645  -59.800  -6.48   0.34  0000
   79   1.168  3660 37277399   97.582  346.768  65.535  -60.193  -7.06  -0.24  0000
   80   1.201  3869 37277400   98.835  346.129  65.104  -60.175  -7.23  -0.41  0000
   81   1.235  4663 37277401   99.166  346.284  65.029  -60.240  -6.78   0.04  0000
   82   1.268  2292 37277402  101.729  346.844  64.376  -60.611  -6.88  -0.06  0000
   84   1.335  2615 37277404  104.228  347.970  63.816  -61.107  -7.01  -0.19  0000
   86   1.401  3451 37277406  108.238  348.651  62.788  -61.671  -6.54   0.28  0000
   87   1.435  3217 37277407  111.997  348.960  61.794  -62.143  -6.86  -0.04  0000
   88   1.468  2968 37277408  111.943  348.650  61.769  -62.068  -6.29   0.53  0000
   89   1.502  2962 37277409  114.824  349.392  61.078  -62.552  -6.75   0.07  0000
   90   1.535  3320 37277410  114.893  349.084  61.019  -62.490  -6.46   0.36  0000
   91   1.568  3687 37277411  117.043  349.692  60.514  -62.871  -6.61   0.21  0000
   93   1.635  2878 37277413  120.145  351.194  59.876  -63.572  -6.88  -0.06  0000
   95   1.702  5003 37277415  122.161  352.312  59.487  -64.068  -7.03  -0.21  0000
   97   1.768  4224 37277417  124.081  354.091  59.220  -64.708  -6.66   0.16  0000
