#
#   version : 20090611
#    num_fr : 29
#      time : 20140902 01:55:54.215 UTC
#      unix : 1409622954.215020
#       ntp : LOCK -43 990647 1170
#       seq : 37252978
#       mul : 0 [A]
#      site : 01
#    latlon : 45.5749 -94.3965 370.0
#      text : Collegeville
#     label : 
#     plate : metal_20100816_20100506-404-gd3
#      geom : 640 480
#    reject : 0
#
#  fr    time   sum     seq       cx       cy      th      phi    lsp    mag  flag
   29  -0.534  3636 37252962  226.939   20.866  66.553   32.084  -6.16   0.66  0000
   32  -0.434  3503 37252965  226.959   32.721  63.288   31.105  -6.78   0.04  0000
   34  -0.367  4634 37252967  224.082   44.345  60.498   29.334  -7.12  -0.30  0000
   35  -0.334  4022 37252968  222.980   50.309  59.057   28.458  -7.41  -0.59  0000
   36  -0.300  6199 37252969  221.381   54.355  58.202   27.627  -7.48  -0.66  0000
   37  -0.267  4701 37252970  218.392   64.571  55.973   25.689  -7.39  -0.57  0000
   38  -0.234  5726 37252971  215.109   70.738  54.883   24.069  -7.95  -1.13  0000
   39  -0.200  5892 37252972  210.226   80.626  53.187   21.440  -8.04  -1.22  0000
   40  -0.167  4594 37252973  205.753   88.181  52.103   19.136  -7.86  -1.04  0000
   41  -0.133  3845 37252974  200.621   96.252  51.114   16.487  -7.84  -1.02  0000
   42  -0.100  5949 37252975  191.542  108.954  49.999   11.889  -8.10  -1.28  0000
   43  -0.067  3795 37252976  187.783  116.879  49.100    9.374  -8.01  -1.19  0000
   44  -0.033  5160 37252977  183.789  128.589  47.634    5.854  -8.17  -1.35  0000
   45   0.000  6887 37252978  178.407  142.564  46.296    1.261  -8.16  -1.34  0000
   46   0.033  5214 37252979  175.208  154.241  45.125   -2.500  -8.00  -1.18  0000
   47   0.067  4763 37252980  173.674  156.672  45.116   -3.475  -8.02  -1.20  0000
   48   0.100  5258 37252981  169.948  170.194  44.105   -8.072  -7.87  -1.05  0000
   49   0.133  4307 37252982  167.315  174.961  44.158   -9.955  -7.92  -1.10  0000
   50   0.167  5640 37252983  167.027  182.855  43.293  -12.453  -7.84  -1.02  0000
   51   0.200  4445 37252984  166.410  190.638  42.619  -15.054  -7.60  -0.78  0000
   52   0.234  4958 37252985  167.909  198.698  41.449  -17.561  -7.41  -0.59  0000
   53   0.267  3807 37252986  167.883  203.884  41.012  -19.361  -7.31  -0.49  0000
   55   0.334  3145 37252988  169.628  212.304  39.907  -22.182  -7.13  -0.31  0000
   56   0.367  5140 37252989  169.145  214.169  39.916  -22.911  -6.90  -0.08  0000
   57   0.400  3635 37252990  169.958  218.842  39.408  -24.564  -7.00  -0.18  0000
   58   0.434  4579 37252991  170.942  222.040  38.962  -25.685  -6.80   0.02  0000
   59   0.467  2580 37252992  170.643  224.462  38.925  -26.627  -6.81   0.01  0000
   62   0.567  2540 37252995  165.528  238.577  39.879  -32.239  -6.78   0.04  0000
   63   0.601  2849 37252996  163.977  242.079  40.255  -33.594  -5.84   0.98  0000
