#
#   version : 20090611
#    num_fr : 15
#      time : 20140902 01:43:15.089 UTC
#      unix : 1409622195.089392
#       ntp : LOCK -52 610647 1170
#       seq : 37230228
#       mul : 0 [A]
#      site : 01
#    latlon : 45.5749 -94.3965 370.0
#      text : Collegeville
#     label : 
#     plate : metal_20100816_20100506-404-gd3
#      geom : 640 480
#    reject : 0
#
#  fr    time   sum     seq       cx       cy      th      phi    lsp    mag  flag
   30  -0.234  2725 37230221   73.661   98.548  80.044   -5.650  -3.04   3.78  0000
   31  -0.200  3545 37230222   75.717  110.555  77.520   -7.451  -7.83  -1.01  0000
   33  -0.133  2914 37230224   80.631  124.207  74.076   -9.359  -7.79  -0.97  0000
   34  -0.100  3631 37230225   79.915  132.323  73.143  -10.951  -7.61  -0.79  0000
   36  -0.033  2620 37230227   78.698  158.558  70.293  -16.246  -7.55  -0.73  0000
   37   0.000  3755 37230228   80.631  168.901  68.662  -18.245  -7.56  -0.74  0000
   38   0.033  2380 37230229   84.011  180.524  66.604  -20.509  -7.61  -0.79  0000
   39   0.067  3186 37230230   87.545  188.735  64.895  -22.110  -7.59  -0.77  0000
   40   0.100  3084 37230231   91.392  196.677  63.184  -23.709  -7.76  -0.94  0000
   41   0.133  3147 37230232   97.039  206.816  60.884  -25.831  -7.91  -1.09  0000
   44   0.234  2926 37230235  114.940  224.643  54.789  -29.639  -7.31  -0.49  0000
   46   0.300  3338 37230237  132.530  236.847  49.328  -32.605  -5.01   1.81  0000
   47   0.334  2673 37230238  137.152  238.922  47.955  -33.136  -7.31  -0.49  0000
   48   0.367  3526 37230239  140.040  240.360  47.100  -33.529  -7.24  -0.42  0000
   49   0.400  3331 37230240  144.025  246.233  45.893  -35.373  -7.27  -0.45  0000
