#
#   version : 20090611
#    num_fr : 13
#      time : 20100417 07:57:29.389 UTC
#      unix : 1271491049.389429
#       ntp : LOCK -4551 113014 761
#       seq : 73602884
#       mul : 0 [A]
#      site : 01
#    latlon : 45.5749 -94.3965 370.0
#      text : Collegeville
#     label : 
#     plate : metal 20090611
#      geom : 640 480
#    reject : 0
#
#  fr    time   sum     seq       cx       cy      th      phi    lsp    mag  flag
   30  -0.200  3107 73602878  336.176  299.499  17.515 -145.179  -6.60  -6.60  0000
   31  -0.167  4085 73602879  338.880  301.586  18.289 -146.658  -7.46  -7.46  0000
   32  -0.133  4404 73602880  340.722  303.508  18.942 -147.440  -7.54  -7.54  0000
   33  -0.100  5083 73602881  342.280  305.027  19.472 -148.095  -7.91  -7.91  0000
   34  -0.067  5656 73602882  345.059  306.197  20.064 -149.665  -8.32  -8.32  0000
   35  -0.033  6188 73602883  347.108  308.698  20.889 -150.242  -8.45  -8.45  0000
   36   0.000  6454 73602884  349.460  310.552  21.605 -151.168  -8.61  -8.61  0000
   37   0.033  5922 73602885  351.522  312.228  22.249 -151.915  -8.47  -8.47  0000
   38   0.067  5969 73602886  354.308  314.484  23.124 -152.865  -8.54  -8.54  0000
   39   0.100  5661 73602887  356.825  316.305  23.871 -153.731  -8.34  -8.34  0000
   40   0.133  4777 73602888  358.591  318.179  24.532 -154.126  -8.01  -8.01  0000
   41   0.167  3355 73602889  361.294  320.497  25.425 -154.858  -7.02  -7.02  0000
   42   0.200  2757 73602890  363.602  322.001  26.086 -155.584  -6.29  -6.29  0000
