#
#   version : 20090611
#    num_fr : 17
#      time : 20100102 08:44:18.428 UTC
#      unix : 1262421858.428800
#       ntp : LOCK -779 340348 948
#       seq : 39427591
#       mul : 0 [A]
#      site : 01
#    latlon : 45.5749 -94.3965 370.0
#      text : Collegeville
#     label : 
#     plate : metal 20090611
#      geom : 640 480
#    reject : 0
#
#  fr    time   sum     seq       cx       cy      th      phi    lsp    mag  flag
   29  -0.267  3219 39427583  246.347  402.794  46.881 -101.250  -7.75  -7.75  0000
   30  -0.234  3467 39427584  247.137  404.818  47.310 -101.736  -8.02  -8.02  0000
   31  -0.200  4895 39427585  246.710  406.203  47.704 -101.767  -8.27  -8.27  0000
   32  -0.167  5209 39427586  247.511  410.183  48.634 -102.462  -8.74  -8.74  0000
   33  -0.133  7335 39427587  247.660  410.958  48.817 -102.593  -8.88  -8.88  0000
   34  -0.100  4327 39427588  248.548  413.553  49.395 -103.139  -8.77  -8.77  0000
   35  -0.067  8089 39427589  248.632  414.471  49.622 -103.261  -9.08  -9.08  0000
   36  -0.033  7949 39427590  249.525  417.894  50.419 -103.877  -8.98  -8.98  0000
   37   0.000  8130 39427591  250.411  418.570  50.512 -104.205  -8.96  -8.96  0000
   38   0.033  4838 39427592  250.776  422.350  51.460 -104.677  -8.69  -8.69  0000
   39   0.067  6302 39427593  252.220  424.545  51.906 -105.299  -8.61  -8.61  0000
   40   0.100  5052 39427594  251.901  426.004  52.315 -105.340  -8.69  -8.69  0000
   41   0.133  5077 39427595  253.790  428.510  52.812 -106.101  -8.45  -8.45  0000
   42   0.167  7005 39427596  253.452  430.014  53.237 -106.134  -8.41  -8.41  0000
   43   0.200  4485 39427597  254.602  432.130  53.701 -106.636  -8.74  -8.74  0000
   44   0.234  4465 39427598  255.276  434.047  54.155 -106.981  -8.51  -8.51  0000
   45   0.267  3561 39427599  256.050  435.992  54.611 -107.350  -7.65  -7.65  0000
