#
#   version : 20090611
#    num_fr : 16
#      time : 20140415 08:56:26.154 UTC
#      unix : 1397552186.154682
#       ntp : LOCK -545 959595 1799
#       seq : 56461536
#       mul : 0 [A]
#      site : 01
#    latlon : 45.5749 -94.3965 370.0
#      text : Collegeville
#     label : 
#     plate : metal_20100816_20100506-404-gd3
#      geom : 640 480
#    reject : 0
#
#  fr    time   sum     seq       cx       cy      th      phi    lsp    mag  flag
   30  -0.367  2125 56461525  100.728  194.099  60.612  -22.478  -5.04   1.78  0000
   31  -0.334  2094 56461526  100.701  193.831  60.640  -22.415  -6.10   0.72  0000
   35  -0.200  2266 56461530   97.847  190.913  61.692  -21.909  -6.24   0.58  0000
   38  -0.100  2504 56461533   95.962  189.867  62.324  -21.793  -6.19   0.63  0000
   40  -0.033  2483 56461535   95.182  187.238  62.757  -21.228  -6.33   0.49  0000
   41   0.000  2800 56461536   94.852  186.784  62.891  -21.145  -6.55   0.27  0000
   42   0.033  2707 56461537   93.982  186.280  63.186  -21.091  -5.99   0.83  0000
   43   0.067  2549 56461538   94.049  185.926  63.195  -21.004  -6.19   0.63  0000
   44   0.100  2446 56461539   93.693  185.913  63.300  -21.027  -6.01   0.81  0000
   45   0.133  2497 56461540   91.940  184.398  63.939  -20.804  -6.00   0.82  0000
   48   0.234  2663 56461543   90.546  182.852  64.477  -20.553  -6.09   0.73  0000
   49   0.267  2738 56461544   91.001  182.107  64.405  -20.349  -6.68   0.14  0000
   50   0.300  2510 56461545   90.822  181.904  64.475  -20.316  -6.41   0.41  0000
   52   0.367  2769 56461547   90.494  180.086  64.727  -19.927  -6.20   0.62  0000
   53   0.400  2505 56461548   88.436  179.441  65.389  -19.939  -5.85   0.97  0000
   57   0.534  2507 56461552   86.999  177.125  66.016  -19.531  -5.85   0.97  0000
