#
#   version : 20090611
#    num_fr : 12
#      time : 20140610 06:08:42.561 UTC
#      unix : 1402380522.561478
#       ntp : LOCK -402 369081 370
#       seq : 201163298
#       mul : 0 [A]
#      site : 01
#    latlon : 45.5749 -94.3965 370.0
#      text : Collegeville
#     label : 
#     plate : metal_20100816_20100506-404-gd3
#      geom : 640 480
#    reject : 0
#
#  fr    time   sum     seq       cx       cy      th      phi    lsp    mag  flag
   30  -0.133  3759 201163294  305.203  336.843  22.629 -121.495  -6.79   0.03  0000
   31  -0.100  3607 201163295  307.673  338.299  22.968 -123.199  -7.46  -0.64  0000
   32  -0.067  4156 201163296  311.098  342.364  24.012 -125.479  -7.72  -0.90  0000
   33  -0.033  3553 201163297  313.847  344.100  24.474 -127.195  -7.71  -0.89  0000
   34   0.000  5666 201163298  316.222  346.358  25.091 -128.600  -7.73  -0.91  0000
   35   0.033  3773 201163299  319.428  350.895  26.342 -130.319  -7.32  -0.50  0000
   36   0.067  3809 201163300  322.075  352.666  26.873 -131.736  -7.42  -0.60  0000
   37   0.100  4402 201163301  324.465  356.140  27.861 -132.837  -7.37  -0.55  0000
   38   0.133  4089 201163302  327.779  359.094  28.760 -134.388  -7.66  -0.84  0000
   39   0.167  5267 201163303  330.214  362.703  29.813 -135.341  -7.75  -0.93  0000
   40   0.200  5388 201163304  332.594  364.332  30.353 -136.384  -7.51  -0.69  0000
   41   0.234  3486 201163305  335.021  366.678  31.094 -137.342  -7.46  -0.64  0000
