#
#   version : 20090611
#    num_fr : 14
#      time : 20110216 07:09:43.966 UTC
#      unix : 1297840183.966094
#       ntp : LOCK -474 168312 1354
#       seq : 89153388
#       mul : 0 [A]
#      site : 01
#    latlon : 45.5749 -94.3965 370.0
#      text : Collegeville
#     label : 
#     plate : metal_20100816_20100506-404-gd3
#      geom : 640 480
#    reject : 0
#
#  fr    time   sum     seq       cx       cy      th      phi    lsp    mag  flag
   30  -0.367  3444 89153377  276.423  406.763  42.513 -112.734  -6.69  -6.69  0000
   31  -0.334  4855 89153378  278.247  408.166  42.774 -113.484  -7.10  -7.10  0000
   32  -0.300  3729 89153379  282.376  409.964  43.021 -115.062  -7.02  -7.02  0000
   33  -0.267  4279 89153380  284.343  410.962  43.189 -115.815  -7.46  -7.46  0000
   34  -0.234  3887 89153381  288.820  413.084  43.560 -117.501  -7.91  -7.91  0000
   35  -0.200  4433 89153382  291.626  414.706  43.893 -118.554  -7.70  -7.70  0000
   36  -0.167  3573 89153383  292.840  414.684  43.843 -118.977  -7.79  -7.79  0000
   37  -0.133  4291 89153384  297.088  417.161  44.393 -120.538  -7.90  -7.90  0000
   38  -0.100  4705 89153385  299.974  418.154  44.596 -121.562  -7.78  -7.78  0000
   39  -0.067  3330 89153386  302.490  419.223  44.842 -122.450  -7.80  -7.80  0000
   40  -0.033  3381 89153387  305.617  420.662  45.194 -123.541  -8.02  -8.02  0000
   41   0.000  6512 89153388  308.540  422.162  45.583 -124.546  -8.33  -8.33  0000
   42   0.033  5571 89153389  312.374  422.500  45.662 -125.846  -8.13  -8.13  0000
   43   0.067  4201 89153390  316.136  424.685  46.279 -127.094  -7.95  -7.95  0000
