#
#   version : 20090611
#    num_fr : 15
#      time : 20130107 09:07:04.121 UTC
#      unix : 1357549624.121409
#       ntp : LOCK 94 1082889 984
#       seq : 64207787
#       mul : 0 [A]
#      site : 01
#    latlon : 45.5749 -94.3965 370.0
#      text : Collegeville
#     label : 
#     plate : metal_20100816_20100506-404-gd3
#      geom : 640 480
#    reject : 0
#
#  fr    time   sum     seq       cx       cy      th      phi    lsp    mag  flag
   29  -0.300  2805 64207778  298.132   13.819  63.892   49.735  -5.78   1.04  0000
   30  -0.267  3129 64207779  300.068   14.494  63.659   50.216  -6.48   0.34  0000
   31  -0.234  3340 64207780  301.435   13.781  63.846   50.567  -6.75   0.07  0000
   32  -0.200  3622 64207781  303.752   14.457  63.616   51.148  -7.23  -0.41  0000
   33  -0.167  3923 64207782  304.781   13.936  63.757   51.410  -7.51  -0.69  0000
   34  -0.133  3945 64207783  306.572   14.573  63.553   51.861  -7.50  -0.68  0000
   35  -0.100  4105 64207784  307.869   13.835  63.760   52.189  -7.70  -0.88  0000
   36  -0.067  3932 64207785  308.741   14.002  63.705   52.410  -7.55  -0.73  0000
   37  -0.033  4025 64207786  311.180   14.052  63.681   53.026  -8.28  -1.46  0000
   38   0.000  4860 64207787  311.795   13.790  63.756   53.181  -8.23  -1.41  0000
   39   0.033  4321 64207788  313.975   14.251  63.621   53.734  -8.04  -1.22  0000
   40   0.067  4205 64207789  315.203   14.046  63.684   54.043  -7.84  -1.02  0000
   41   0.100  3770 64207790  317.055   14.328  63.608   54.513  -7.66  -0.84  0000
   42   0.133  3467 64207791  318.090   13.910  63.737   54.771  -7.34  -0.52  0000
   43   0.167  3168 64207792  320.982   13.812  63.791   55.499  -6.37   0.45  0000
