#
#   version : 20090611
#    num_fr : 47
#      time : 20130126 10:34:02.607 UTC
#      unix : 1359196442.607756
#       ntp : LOCK -36 50583 228
#       seq : 1254899
#       mul : 0 [A]
#      site : 01
#    latlon : 45.5749 -94.3965 370.0
#      text : Collegeville
#     label : 
#     plate : metal_20100816_20100506-404-gd3
#      geom : 640 480
#    reject : 0
#
#  fr    time   sum     seq       cx       cy      th      phi    lsp    mag  flag
   29  -0.367  4283 1254888  379.851   38.569  59.724   71.781  -7.08  -0.26  0000
   30  -0.334  4414 1254889  378.311   37.780  59.800   71.324  -7.76  -0.94  0000
   31  -0.300  4196 1254890  378.058   36.692  60.077   71.171  -8.04  -1.22  0000
   32  -0.267  3069 1254891  377.969   35.744  60.331   71.072  -7.72  -0.90  0000
   33  -0.234  3999 1254892  377.884   35.589  60.366   71.038  -7.84  -1.02  0000
   34  -0.200  5719 1254893  375.352   34.799  60.365   70.335  -8.03  -1.21  0000
   35  -0.167  4421 1254894  375.554   34.391  60.495   70.354  -8.27  -1.45  0000
   36  -0.133  6168 1254895  375.830   33.870  60.663   70.384  -8.44  -1.62  0000
   37  -0.100  4502 1254896  373.597   33.112  60.686   69.762  -8.43  -1.61  0000
   38  -0.067  4713 1254897  373.275   32.558  60.814   69.639  -8.47  -1.65  0000
   39  -0.033  5030 1254898  373.073   32.167  60.906   69.559  -8.62  -1.80  0000
   40   0.000  7968 1254899  371.400   31.725  60.895   69.105  -8.33  -1.51  0000
   41   0.033  4984 1254900  371.389   31.249  61.028   69.068  -8.36  -1.54  0000
   42   0.067  6955 1254901  371.203   29.907  61.388   68.925  -8.47  -1.65  0000
   43   0.100  5458 1254902  370.807   29.725  61.408   68.813  -8.34  -1.52  0000
   44   0.133  4978 1254903  369.125   28.797  61.540   68.326  -8.35  -1.53  0000
   45   0.167  4797 1254904  368.680   28.458  61.602   68.191  -8.44  -1.62  0000
   46   0.200  5381 1254905  369.060   27.826  61.808   68.244  -8.55  -1.73  0000
   47   0.234  7015 1254906  367.519   27.018  61.921   67.804  -8.29  -1.47  0000
   48   0.267  4628 1254907  367.121   26.717  61.977   67.684  -8.33  -1.51  0000
   49   0.300  5141 1254908  366.969   26.467  62.037   67.630  -8.42  -1.60  0000
   50   0.334  6388 1254909  365.433   25.099  62.315   67.158  -8.32  -1.50  0000
   51   0.367  4751 1254910  365.040   24.672  62.408   67.034  -8.29  -1.47  0000
   52   0.400  4652 1254911  364.413   23.929  62.576   66.832  -8.24  -1.42  0000
   53   0.434  5090 1254912  364.117   23.769  62.601   66.748  -8.16  -1.34  0000
   54   0.467  7765 1254913  362.488   22.852  62.753   66.287  -8.05  -1.23  0000
   55   0.501  4360 1254914  363.065   21.878  63.069   66.373  -8.02  -1.20  0000
   56   0.534  6645 1254915  362.976   21.931  63.048   66.354  -8.03  -1.21  0000
   57   0.567  6287 1254916  360.592   20.870  63.197   65.702  -7.84  -1.02  0000
   58   0.701  4242 1254920  358.833   18.746  63.698   65.150  -8.06  -1.24  0000
   59   0.734  5282 1254921  358.341   17.806  63.939   64.979  -8.15  -1.33  0000
   60   0.968  4399 1254928  353.618   14.068  64.753   63.635  -7.97  -1.15  0000
   61   1.068  4823 1254931  350.939   11.818  65.270   62.880  -8.26  -1.44  0000
   62   1.368  4220 1254940  345.169    7.383  66.307   61.305  -8.45  -1.63  0000
   63   1.401  6151 1254941  342.766    6.641  66.430   60.699  -8.37  -1.55  0000
   64   1.435  5357 1254942  342.486    6.482  66.466   60.627  -8.37  -1.55  0000
   65   1.468  6323 1254943  341.445    5.461  66.729   60.342  -8.41  -1.59  0000
   66   1.502  4652 1254944  341.389    5.369  66.754   60.326  -8.45  -1.63  0000
   67   1.535  4493 1254945  341.639    4.584  66.995   60.360  -8.43  -1.61  0000
   68   1.568  4049 1254946  340.067    3.940  67.129   59.963  -8.46  -1.64  0000
   69   1.602  5282 1254947  339.187    3.757  67.154   59.747  -8.50  -1.68  0000
   70   1.635  4763 1254948  337.638    3.256  67.252   59.362  -8.08  -1.26  0000
   71   1.668  3586 1254949  337.517    3.003  67.323   59.326  -8.19  -1.37  0000
   72   1.702  3201 1254950  337.765    2.635  67.440   59.375  -8.18  -1.36  0000
   73   1.735  3347 1254951  337.730    2.506  67.477   59.363  -8.13  -1.31  0000
   74   1.768  2469 1254952  336.303    1.940  67.602   59.007  -7.93  -1.11  0000
   75   1.802  2718 1254953  335.860    1.982  67.577   58.903  -7.98  -1.16  0000
