#
#   version : 20090611
#    num_fr : 24
#      time : 20121221 03:18:03.480 UTC
#      unix : 1356059883.480738
#       ntp : LOCK 261 1037691 854
#       seq : 19560808
#       mul : 0 [A]
#      site : 01
#    latlon : 45.5749 -94.3965 370.0
#      text : Collegeville
#     label : 
#     plate : metal_20100816_20100506-404-gd3
#      geom : 640 480
#    reject : 0
#
#  fr    time   sum     seq       cx       cy      th      phi    lsp    mag  flag
   29  -0.467  3119 19560794  277.239  398.230  40.180 -112.342  -6.44   0.38  0000
   30  -0.434  3641 19560795  276.322  399.016  40.452 -112.068  -6.36   0.46  0000
   31  -0.400  2823 19560796  276.114  400.002  40.728 -112.075  -6.38   0.44  0000
   32  -0.367  2882 19560797  274.993  400.977  41.065 -111.748  -6.28   0.54  0000
   33  -0.334  4123 19560798  274.856  401.078  41.101 -111.707  -6.36   0.46  0000
   34  -0.300  4456 19560799  273.772  401.931  41.405 -111.388  -6.00   0.82  0000
   35  -0.267  3353 19560800  271.303  403.078  41.891 -110.606  -7.15  -0.33  0000
   36  -0.234  3665 19560801  271.165  404.020  42.151 -110.643  -7.14  -0.32  0000
   37  -0.200  3917 19560802  270.100  405.088  42.516 -110.365  -7.72  -0.90  0000
   38  -0.167  3467 19560803  269.608  405.395  42.635 -110.221  -7.61  -0.79  0000
   39  -0.133  3028 19560804  268.750  406.599  43.021 -110.034  -7.61  -0.79  0000
   40  -0.100  4223 19560805  267.679  407.467  43.336 -109.747  -7.47  -0.65  0000
   41  -0.067  4022 19560806  265.449  407.601  43.554 -108.998  -7.60  -0.78  0000
   42  -0.033  3107 19560807  265.180  409.384  44.048 -109.079  -7.51  -0.69  0000
   43   0.000  4906 19560808  264.962  409.482  44.092 -109.015  -7.61  -0.79  0000
   44   0.033  3364 19560809  263.858  410.406  44.430 -108.736  -7.71  -0.89  0000
   45   0.067  4263 19560810  262.898  410.981  44.664 -108.473  -7.68  -0.86  0000
   46   0.100  4880 19560811  262.139  411.931  44.981 -108.316  -7.66  -0.84  0000
   47   0.133  2821 19560812  260.003  412.115  45.219 -107.636  -7.47  -0.65  0000
   48   0.167  3516 19560813  258.710  412.788  45.514 -107.286  -7.45  -0.63  0000
   49   0.200  3830 19560814  257.578  413.654  45.847 -107.011  -7.63  -0.81  0000
   50   0.234  4409 19560815  257.251  414.005  45.970 -106.944  -7.43  -0.61  0000
   51   0.267  4273 19560816  255.398  414.935  46.391 -106.453  -7.03  -0.21  0000
   52   0.300  3618 19560817  254.530  415.680  46.671 -106.259  -6.81   0.01  0000
