#
#   version : 20090611
#    num_fr : 19
#      time : 20101218 02:51:41.681 UTC
#      unix : 1292640701.681608
#       ntp : LOCK 3447 758098 1031
#       seq : 44882471
#       mul : 0 [A]
#      site : 01
#    latlon : 45.5749 -94.3965 370.0
#      text : Collegeville
#     label : 
#     plate : metal_20100816_20100506-404-gd3
#      geom : 640 480
#    reject : 0
#
#  fr    time   sum     seq       cx       cy      th      phi    lsp    mag  flag
   29  -0.400  3024 44882459  509.401  196.918  55.913  129.643  -6.12  -6.12  0000
   30  -0.367  2292 44882460  512.166  198.594  56.577  130.288  -6.60  -6.60  0000
   31  -0.334  2507 44882461  512.113  198.812  56.547  130.342  -6.55  -6.55  0000
   32  -0.300  2793 44882462  514.034  200.509  56.978  130.921  -6.34  -6.34  0000
   33  -0.267  2377 44882463  514.619  200.931  57.117  131.071  -6.91  -6.91  0000
   34  -0.234  2809 44882464  516.146  202.020  57.482  131.457  -6.62  -6.62  0000
   35  -0.200  4483 44882465  516.438  202.084  57.562  131.492  -7.08  -7.08  0000
   36  -0.167  2983 44882466  518.321  204.262  57.966  132.177  -6.60  -6.60  0000
   37  -0.133  4342 44882467  519.351  205.009  58.218  132.433  -6.37  -6.37  0000
   38  -0.100  4071 44882468  521.204  206.196  58.683  132.848  -6.90  -6.90  0000
   39  -0.067  3840 44882469  521.478  206.105  58.767  132.840  -6.90  -6.90  0000
   40  -0.033  3685 44882470  523.284  208.036  59.181  133.436  -7.10  -7.10  0000
   41   0.000  4887 44882471  523.419  208.072  59.218  133.453  -7.01  -7.01  0000
   42   0.033  2758 44882472  525.410  209.589  59.715  133.945  -6.90  -6.90  0000
   44   0.100  4116 44882474  529.100  211.042  60.717  134.495  -6.72  -6.72  0000
   45   0.133  3143 44882475  528.567  211.814  60.523  134.665  -6.81  -6.81  0000
   46   0.167  3639 44882476  529.942  213.705  60.836  135.205  -6.83  -6.83  0000
   47   0.200  4674 44882477  531.777  214.873  61.321  135.578  -6.98  -6.98  0000
   48   0.234  3188 44882478  531.408  215.652  61.179  135.757  -6.71  -6.71  0000
