#
#   version : 20090611
#    num_fr : 19
#      time : 20130811 03:55:43.694 UTC
#      unix : 1376193343.694992
#       ntp : LOCK 2192 761734 1402
#       seq : 63450406
#       mul : 0 [A]
#      site : 01
#    latlon : 45.5749 -94.3965 370.0
#      text : Collegeville
#     label : 
#     plate : metal_20100816_20100506-404-gd3
#      geom : 640 480
#    reject : 0
#
#  fr    time   sum     seq       cx       cy      th      phi    lsp    mag  flag
   30  -0.267  1917 63450398  576.034  189.071  76.099  131.855  -6.40   0.42  0000
   32  -0.200  2363 63450400  576.928  191.805  76.196  132.456  -6.47   0.35  0000
   33  -0.167  2146 63450401  578.103  192.738  76.501  132.702  -6.94  -0.12  0000
   34  -0.133  3001 63450402  578.231  193.145  76.515  132.791  -7.30  -0.48  0000
   35  -0.100  2889 63450403  577.759  194.108  76.309  132.965  -7.28  -0.46  0000
   36  -0.067  3037 63450404  579.031  195.598  76.614  133.327  -7.32  -0.50  0000
   37  -0.033  3096 63450405  579.252  196.145  76.650  133.448  -7.54  -0.72  0000
   38   0.000  3532 63450406  579.565  196.705  76.715  133.576  -7.59  -0.77  0000
   39   0.033  3140 63450407  580.463  198.268  76.905  133.932  -7.45  -0.63  0000
   40   0.067  3284 63450408  580.806  199.816  76.926  134.262  -7.56  -0.74  0000
   41   0.100  3034 63450409  581.077  200.274  76.986  134.366  -7.40  -0.58  0000
   42   0.133  3033 63450410  581.224  201.821  76.948  134.687  -7.46  -0.64  0000
   43   0.167  3307 63450411  581.596  202.682  77.020  134.877  -7.36  -0.54  0000
   44   0.200  2863 63450412  581.930  203.487  77.083  135.054  -7.25  -0.43  0000
   45   0.234  3525 63450413  582.092  204.820  77.067  135.332  -7.45  -0.63  0000
   46   0.267  2545 63450414  583.321  206.246  77.385  135.667  -6.96  -0.14  0000
   47   0.300  2464 63450415  583.372  206.909  77.369  135.804  -6.91  -0.09  0000
   49   0.367  2254 63450417  584.732  208.727  77.715  136.221  -6.34   0.48  0000
   50   0.400  2276 63450418  585.011  210.670  77.718  136.625  -6.50   0.32  0000
