#
#   version : 20090611
#    num_fr : 14
#      time : 20130811 04:08:52.584 UTC
#      unix : 1376194132.584680
#       ntp : LOCK 1807 1156734 1402
#       seq : 63474049
#       mul : 0 [A]
#      site : 01
#    latlon : 45.5749 -94.3965 370.0
#      text : Collegeville
#     label : 
#     plate : metal_20100816_20100506-404-gd3
#      geom : 640 480
#    reject : 0
#
#  fr    time   sum     seq       cx       cy      th      phi    lsp    mag  flag
   29  -0.501  3341 63474034   90.503   79.944  78.773   -0.612  -6.18   0.64  0000
   32  -0.400  3010 63474037   87.767   82.785  78.965   -1.410  -6.06   0.76  0000
   34  -0.334  4040 63474039   86.622   83.975  79.050   -1.743  -6.12   0.70  0000
   37  -0.234  4821 63474042   83.087   87.089  79.433   -2.678  -5.20   1.62  0000
   38  -0.200  4141 63474043   82.046   88.095  79.535   -2.966  -6.57   0.25  0000
   39  -0.167  3514 63474044   81.775   88.577  79.523   -3.077  -6.73   0.09  0000
   40  -0.133  4861 63474045   80.827   90.016  79.525   -3.423  -6.87  -0.05  0000
   41  -0.100  4892 63474046   78.105   90.924  80.113   -3.893  -7.63  -0.81  0000
   42  -0.067  3873 63474047   77.054   91.781  80.253   -4.155  -7.61  -0.79  0000
   43  -0.033  5156 63474048   75.804   92.749  80.432   -4.457  -7.87  -1.05  0000
   44   0.000  5264 63474049   75.729   93.679  80.292   -4.617  -8.42  -1.60  0000
   45   0.033  4749 63474050   74.687   94.597  80.425   -4.886  -8.01  -1.19  0000
   46   0.067  3654 63474051   73.652   95.657  80.534   -5.177  -7.83  -1.01  0000
   47   0.100  3754 63474052   73.394   95.831  80.577   -5.235  -7.85  -1.03  0000
