#
#   version : 20090611
#    num_fr : 14
#      time : 20130811 03:39:45.602 UTC
#      unix : 1376192385.602499
#       ntp : LOCK 2771 281734 1402
#       seq : 63421693
#       mul : 0 [A]
#      site : 01
#    latlon : 45.5749 -94.3965 370.0
#      text : Collegeville
#     label : 
#     plate : metal_20100816_20100506-404-gd3
#      geom : 640 480
#    reject : 0
#
#  fr    time   sum     seq       cx       cy      th      phi    lsp    mag  flag
   29  -0.234  1493 63421686  412.326  220.516  27.944  128.162  -5.90   0.92  0000
   30  -0.200  1995 63421687  412.632  224.546  27.749  130.298  -6.67   0.15  0000
   31  -0.167  2246 63421688  412.466  226.836  27.566  131.481  -6.89  -0.07  0000
   32  -0.133  2345 63421689  413.916  230.388  27.763  133.527  -6.93  -0.11  0000
   33  -0.100  2243 63421690  414.605  234.609  27.763  135.833  -7.04  -0.22  0000
   34  -0.067  2205 63421691  414.550  237.892  27.635  137.586  -6.90  -0.08  0000
   35  -0.033  2347 63421692  414.783  240.330  27.632  138.911  -7.08  -0.26  0000
   36   0.000  2747 63421693  415.628  244.574  27.780  141.231  -7.48  -0.66  0000
   37   0.033  2515 63421694  415.919  248.631  27.825  143.417  -7.23  -0.41  0000
   38   0.067  2447 63421695  415.828  252.226  27.803  145.349  -7.11  -0.29  0000
   39   0.100  2532 63421696  416.770  254.805  28.081  146.714  -7.11  -0.29  0000
   40   0.133  2124 63421697  416.944  258.960  28.198  148.911  -7.08  -0.26  0000
   41   0.167  1998 63421698  417.804  264.077  28.573  151.546  -6.68   0.14  0000
   42   0.200  1711 63421699  417.350  266.399  28.536  152.783  -6.34   0.48  0000
