#
#   version : 20090611
#    num_fr : 13
#      time : 20130813 03:55:33.730 UTC
#      unix : 1376366133.730090
#       ntp : LOCK -935 798665 2440
#       seq : 68628810
#       mul : 0 [A]
#      site : 01
#    latlon : 45.5749 -94.3965 370.0
#      text : Collegeville
#     label : 
#     plate : metal_20100816_20100506-404-gd3
#      geom : 640 480
#    reject : 0
#
#  fr    time   sum     seq       cx       cy      th      phi    lsp    mag  flag
   29  -0.334  2598 68628800  172.371   78.850  60.210   13.007  -6.50   0.32  0000
   30  -0.300  2429 68628801  170.231   81.038  60.143   12.213  -6.25   0.57  0000
   31  -0.267  2539 68628802  169.165   81.854  60.175   11.862  -6.28   0.54  0000
   32  -0.234  2429 68628803  168.633   83.294  59.967   11.515  -6.56   0.26  0000
   33  -0.200  2642 68628804  167.083   83.935  60.138   11.095  -6.78   0.04  0000
   34  -0.167  2599 68628805  165.547   84.751  60.272   10.651  -6.49   0.33  0000
   35  -0.133  2739 68628806  164.268   86.120  60.240   10.166  -6.79   0.03  0000
   36  -0.100  2900 68628807  162.396   88.073  60.212    9.462  -6.45   0.37  0000
   37  -0.067  2533 68628808  162.006   88.961  60.106    9.232  -7.05  -0.23  0000
   38  -0.033  3027 68628809  160.968   90.125  60.080    8.827  -6.95  -0.13  0000
   39   0.000  3030 68628810  160.440   91.939  59.814    8.405  -6.68   0.14  0000
   40   0.033  2427 68628811  157.176   92.953  60.301    7.601  -6.13   0.69  0000
   41   0.067  2458 68628812  156.292   93.959  60.286    7.254  -6.19   0.63  0000
