#
#   version : 20090611
#    num_fr : 22
#      time : 20130813 07:01:02.099 UTC
#      unix : 1376377262.099385
#       ntp : LOCK 2648 762463 2224
#       seq : 68962319
#       mul : 0 [A]
#      site : 01
#    latlon : 45.5749 -94.3965 370.0
#      text : Collegeville
#     label : 
#     plate : metal_20100816_20100506-404-gd3
#      geom : 640 480
#    reject : 0
#
#  fr    time   sum     seq       cx       cy      th      phi    lsp    mag  flag
   30  -0.601  1529 68962301  290.579  368.563  31.535 -115.459  -6.15   0.67  0000
   31  -0.567  2614 68962302  291.947  371.956  32.365 -116.370  -7.54  -0.72  0000
   32  -0.534  3308 68962303  292.366  374.758  33.088 -116.763  -8.04  -1.22  0000
   33  -0.501  3937 68962304  291.929  378.040  33.981 -116.786  -8.37  -1.55  0000
   34  -0.434  4419 68962306  293.647  384.134  35.535 -117.906  -8.59  -1.77  0000
   35  -0.400  4204 68962307  293.825  387.380  36.399 -118.155  -8.62  -1.80  0000
   36  -0.367  4213 68962308  294.320  390.572  37.239 -118.519  -8.49  -1.67  0000
   37  -0.300  4636 68962310  294.924  397.090  38.978 -119.054  -8.69  -1.87  0000
   38  -0.267  4446 68962311  295.193  400.643  39.932 -119.302  -8.60  -1.78  0000
   39  -0.234  5464 68962312  296.372  403.792  40.751 -119.867  -8.87  -2.05  0000
   40  -0.200  5453 68962313  296.649  407.136  41.656 -120.082  -8.87  -2.05  0000
   41  -0.167  5042 68962314  297.198  410.406  42.534 -120.384  -8.78  -1.96  0000
   42  -0.133  5432 68962315  297.574  413.141  43.275 -120.598  -9.07  -2.25  0000
   43  -0.100  5712 68962316  297.796  416.954  44.317 -120.779  -9.05  -2.23  0000
   44  -0.067  5668 68962317  298.509  420.216  45.200 -121.105  -8.99  -2.17  0000
   45  -0.033  5769 68962318  298.985  423.038  45.969 -121.329  -9.12  -2.30  0000
   46   0.000  6194 68962319  299.643  426.596  46.942 -121.621  -9.16  -2.34  0000
   47   0.033  5614 68962320  300.241  429.703  47.794 -121.874  -8.96  -2.14  0000
   48   0.067  4959 68962321  300.605  432.646  48.608 -122.041  -8.72  -1.90  0000
   49   0.100  4768 68962322  301.328  435.645  49.434 -122.315  -8.77  -1.95  0000
   50   0.133  4293 68962323  301.651  438.865  50.332 -122.460  -8.50  -1.68  0000
   51   0.167  2910 68962324  302.253  441.587  51.088 -122.678  -7.69  -0.87  0000
