#
#   version : 20090611
#    num_fr : 17
#      time : 20130813 07:19:17.562 UTC
#      unix : 1376378357.562875
#       ntp : LOCK -2237 256045 2928
#       seq : 68995149
#       mul : 0 [A]
#      site : 01
#    latlon : 45.5749 -94.3965 370.0
#      text : Collegeville
#     label : 
#     plate : metal_20100816_20100506-404-gd3
#      geom : 640 480
#    reject : 0
#
#  fr    time   sum     seq       cx       cy      th      phi    lsp    mag  flag
   29  -0.300  1639 68995140  154.869  313.046  46.080  -57.743  -5.81   1.01  0000
   30  -0.267  2118 68995141  153.438  314.607  46.622  -58.043  -6.74   0.08  0000
   31  -0.234  2594 68995142  152.418  318.186  47.271  -58.985  -7.39  -0.57  0000
   32  -0.200  2875 68995143  152.681  320.834  47.491  -59.795  -7.50  -0.68  0000
   33  -0.167  3072 68995144  151.938  324.006  48.046  -60.617  -7.94  -1.12  0000
   34  -0.133  3441 68995145  150.671  326.650  48.687  -61.202  -8.02  -1.20  0000
   35  -0.100  4022 68995146  151.382  329.906  48.892  -62.210  -8.16  -1.34  0000
   36  -0.067  3634 68995147  150.276  332.564  49.510  -62.791  -8.19  -1.37  0000
   37  -0.033  4433 68995148  149.103  335.887  50.237  -63.528  -8.54  -1.72  0000
   38   0.000  4911 68995149  148.705  338.315  50.656  -64.118  -8.60  -1.78  0000
   39   0.033  4270 68995150  148.428  341.383  51.137  -64.883  -8.66  -1.84  0000
   40   0.067  4099 68995151  147.437  344.754  51.852  -65.608  -8.41  -1.59  0000
   41   0.100  4727 68995152  147.892  347.815  52.167  -66.450  -8.63  -1.81  0000
   42   0.133  3885 68995153  146.803  350.721  52.861  -67.011  -8.29  -1.47  0000
   43   0.167  4211 68995154  146.363  353.299  53.350  -67.576  -8.42  -1.60  0000
   44   0.200  3607 68995155  146.584  356.816  53.822  -68.457  -8.20  -1.38  0000
   45   0.234  2670 68995156  145.688  358.944  54.371  -68.824  -7.43  -0.61  0000
