#
#   version : 20090611
#    num_fr : 12
#      time : 20130813 09:14:43.221 UTC
#      unix : 1376385283.221565
#       ntp : LOCK -488 1163163 2497
#       seq : 69202707
#       mul : 0 [A]
#      site : 01
#    latlon : 45.5749 -94.3965 370.0
#      text : Collegeville
#     label : 
#     plate : metal_20100816_20100506-404-gd3
#      geom : 640 480
#    reject : 0
#
#  fr    time   sum     seq       cx       cy      th      phi    lsp    mag  flag
   29  -0.300  1651 69202698  264.810  439.090  52.086 -111.386  -6.02   0.80  0000
   30  -0.267  1877 69202699  263.822  441.117  52.717 -111.242  -6.80   0.02  0000
   31  -0.234  2659 69202700  264.911  443.368  53.257 -111.705  -7.29  -0.47  0000
   32  -0.200  2616 69202701  263.850  446.117  54.094 -111.587  -7.57  -0.75  0000
   33  -0.167  3261 69202702  264.938  448.554  54.691 -112.046  -7.98  -1.16  0000
   34  -0.133  3313 69202703  264.520  450.476  55.255 -112.050  -8.10  -1.28  0000
   35  -0.100  3819 69202704  264.067  453.044  56.004 -112.084  -8.27  -1.45  0000
   36  -0.067  4073 69202705  265.027  455.014  56.487 -112.462  -8.54  -1.72  0000
   37  -0.033  3624 69202706  264.579  457.116  57.108 -112.464  -8.32  -1.50  0000
   38   0.000  4749 69202707  264.818  459.617  57.795 -112.670  -8.70  -1.88  0000
   39   0.033  4154 69202708  264.675  462.205  58.536 -112.776  -8.42  -1.60  0000
   40   0.067  2706 69202709  264.421  463.995  59.059 -112.808  -7.54  -0.72  0000
