#
#   version : 20090611
#    num_fr : 20
#      time : 20130813 03:07:40.587 UTC
#      unix : 1376363260.587966
#       ntp : LOCK -1609 369317 2601
#       seq : 68542704
#       mul : 0 [A]
#      site : 01
#    latlon : 45.5749 -94.3965 370.0
#      text : Collegeville
#     label : 
#     plate : metal_20100816_20100506-404-gd3
#      geom : 640 480
#    reject : 0
#
#  fr    time   sum     seq       cx       cy      th      phi    lsp    mag  flag
   29  -0.567  2513 68542687  440.944  410.138  55.471 -164.975  -6.18   0.64  0000
   32  -0.467  2499 68542690  437.709  416.409  56.280 -163.179  -6.56   0.26  0000
   33  -0.434  2496 68542691  438.135  418.863  56.913 -162.857  -6.57   0.25  0000
   34  -0.400  2673 68542692  437.435  420.212  57.096 -162.480  -6.61   0.21  0000
   35  -0.367  2589 68542693  436.350  423.209  57.596 -161.754  -6.68   0.14  0000
   36  -0.334  2566 68542694  435.404  425.111  57.874 -161.244  -6.75   0.07  0000
   37  -0.300  2773 68542695  435.365  426.940  58.296 -160.946  -6.93  -0.11  0000
   38  -0.267  2979 68542696  434.189  428.111  58.371 -160.508  -6.83  -0.01  0000
   39  -0.234  2957 68542697  432.942  430.175  58.649 -159.919  -6.71   0.11  0000
   40  -0.200  2978 68542698  433.674  432.594  59.349 -159.712  -6.93  -0.11  0000
   41  -0.167  3048 68542699  432.833  435.182  59.831 -159.145  -6.98  -0.16  0000
   42  -0.133  2916 68542700  431.376  436.901  60.008 -158.580  -7.14  -0.32  0000
   43  -0.100  3004 68542701  431.164  438.280  60.310 -158.335  -6.98  -0.16  0000
   44  -0.067  3002 68542702  430.981  440.249  60.762 -158.016  -7.17  -0.35  0000
   45  -0.033  3160 68542703  429.373  442.466  61.051 -157.360  -7.12  -0.30  0000
   46   0.000  3179 68542704  428.210  444.967  61.490 -156.767  -7.11  -0.29  0000
   47   0.033  2990 68542705  427.335  445.970  61.605 -156.443  -6.92  -0.10  0000
   48   0.067  2923 68542706  427.255  446.678  61.770 -156.331  -6.70   0.12  0000
   49   0.100  3165 68542707  426.245  448.662  62.115 -155.852  -6.94  -0.12  0000
   50   0.133  2783 68542708  425.391  451.057  62.593 -155.358  -6.50   0.32  0000
