#
#   version : 20090611
#    num_fr : 18
#      time : 20130813 05:46:34.561 UTC
#      unix : 1376372794.561500
#       ntp : LOCK -370 564982 2071
#       seq : 68828430
#       mul : 0 [A]
#      site : 01
#    latlon : 45.5749 -94.3965 370.0
#      text : Collegeville
#     label : 
#     plate : metal_20100816_20100506-404-gd3
#      geom : 640 480
#    reject : 0
#
#  fr    time   sum     seq       cx       cy      th      phi    lsp    mag  flag
   30  -0.334  1671 68828420  284.262  402.572  40.923 -115.277  -6.31   0.51  0000
   31  -0.300  2264 68828421  284.587  406.513  41.971 -115.641  -6.91  -0.09  0000
   32  -0.267  2884 68828422  284.987  408.877  42.591 -115.924  -7.67  -0.85  0000
   33  -0.234  3152 68828423  284.335  411.098  43.226 -115.820  -7.80  -0.98  0000
   34  -0.200  3337 68828424  284.601  414.135  44.039 -116.082  -8.06  -1.24  0000
   35  -0.167  3659 68828425  285.090  416.943  44.782 -116.399  -8.30  -1.48  0000
   36  -0.133  4307 68828426  285.276  419.946  45.595 -116.614  -8.62  -1.80  0000
   37  -0.100  5197 68828427  285.336  422.375  46.258 -116.752  -8.72  -1.90  0000
   38  -0.067  5359 68828428  285.526  425.392  47.080 -116.955  -8.81  -1.99  0000
   39  -0.033  6068 68828429  286.094  427.388  47.605 -117.229  -9.04  -2.22  0000
   40   0.000  6321 68828430  286.519  430.483  48.443 -117.496  -9.08  -2.26  0000
   41   0.033  6225 68828431  286.685  433.104  49.164 -117.655  -9.15  -2.33  0000
   42   0.067  6236 68828432  286.880  435.925  49.940 -117.825  -9.09  -2.27  0000
   43   0.100  6244 68828433  286.889  437.612  50.411 -117.892  -9.05  -2.23  0000
   44   0.133  5558 68828434  287.253  441.102  51.372 -118.130  -8.80  -1.98  0000
   45   0.167  5036 68828435  287.967  443.498  52.017 -118.425  -8.85  -2.03  0000
   46   0.200  3916 68828436  287.847  445.219  52.505 -118.447  -8.32  -1.50  0000
   47   0.234  2498 68828437  288.771  447.900  53.227 -118.802  -7.15  -0.33  0000
