#
#   version : 20090611
#    num_fr : 22
#      time : 20130813 06:16:17.078 UTC
#      unix : 1376374577.078341
#       ntp : LOCK -127 434396 1941
#       seq : 68881850
#       mul : 0 [A]
#      site : 01
#    latlon : 45.5749 -94.3965 370.0
#      text : Collegeville
#     label : 
#     plate : metal_20100816_20100506-404-gd3
#      geom : 640 480
#    reject : 0
#
#  fr    time   sum     seq       cx       cy      th      phi    lsp    mag  flag
   29  -0.601  2025 68881832  465.259   18.806  76.696   87.942  -5.81   1.01  0000
   31  -0.534  2273 68881834  468.679   18.418  77.411   88.496  -6.32   0.50  0000
   32  -0.501  2314 68881835  469.034   18.470  77.463   88.563  -6.80   0.02  0000
   33  -0.467  2396 68881836  468.958   18.983  77.318   88.612  -6.88  -0.06  0000
   34  -0.434  2413 68881837  468.625   19.528  77.118   88.619  -6.63   0.19  0000
   35  -0.400  2692 68881838  471.143   19.385  77.615   89.039  -7.10  -0.28  0000
   36  -0.367  2893 68881839  471.355   19.933  77.515   89.142  -7.41  -0.59  0000
   37  -0.334  3228 68881840  471.524   19.861  77.565   89.162  -7.46  -0.64  0000
   38  -0.300  3465 68881841  473.372   19.954  77.884   89.491  -7.54  -0.72  0000
   39  -0.267  3399 68881842  474.127   20.240  77.953   89.655  -7.59  -0.77  0000
   40  -0.234  3421 68881843  474.785   19.945  78.151   89.731  -7.76  -0.94  0000
   41  -0.200  4696 68881844  475.462   20.095  78.241   89.864  -8.42  -1.60  0000
   42  -0.167  5295 68881845  476.690   20.538  78.361   90.126  -8.66  -1.84  0000
   43  -0.133  5532 68881846  477.139   20.843  78.370   90.240  -8.78  -1.96  0000
   44  -0.100  5445 68881847  477.847   20.983  78.470   90.376  -8.89  -2.07  0000
   45  -0.067  7024 68881848  478.949   20.738  78.742   90.531  -9.34  -2.52  0000
   46  -0.033  7951 68881849  479.752   20.312  79.004   90.612  -9.42  -2.60  0000
   47   0.000  9127 68881850  480.873   21.223  78.992   90.912  -9.79  -2.97  0000
   48   0.033  7264 68881851  481.356   21.382  79.046   91.011  -9.69  -2.87  0000
   49   0.067  7562 68881852  482.903   21.281  79.373   91.254  -9.36  -2.54  0000
   50   0.100  8204 68881853  483.829   21.609  79.473   91.447  -9.54  -2.72  0000
   51   0.133  4661 68881854  484.287   21.855  79.502   91.553  -8.42  -1.60  0000
