#
#   version : 20090611
#    num_fr : 23
#      time : 20130813 04:00:53.349 UTC
#      unix : 1376366453.349987
#       ntp : LOCK -865 958665 2440
#       seq : 68638389
#       mul : 0 [A]
#      site : 01
#    latlon : 45.5749 -94.3965 370.0
#      text : Collegeville
#     label : 
#     plate : metal_20100816_20100506-404-gd3
#      geom : 640 480
#    reject : 0
#
#  fr    time   sum     seq       cx       cy      th      phi    lsp    mag  flag
   29  -0.667  1818 68638369  371.389   92.152  44.694   74.843  -6.03   0.79  0000
   30  -0.634  1674 68638370  371.540   94.358  44.144   75.173  -5.98   0.84  0000
   31  -0.601  2013 68638371  372.299   94.453  44.199   75.436  -6.48   0.34  0000
   32  -0.567  2387 68638372  373.829   96.056  43.952   76.152  -6.80   0.02  0000
   33  -0.534  2214 68638373  373.717   98.749  43.257   76.483  -7.03  -0.21  0000
   34  -0.501  2418 68638374  374.741   99.983  43.057   76.998  -7.01  -0.19  0000
   35  -0.467  2773 68638375  375.261  100.849  42.897   77.296  -7.40  -0.58  0000
   36  -0.434  2845 68638376  375.263  102.428  42.502   77.526  -7.50  -0.68  0000
   37  -0.400  2841 68638377  376.904  104.380  42.202   78.370  -7.74  -0.92  0000
   38  -0.367  2989 68638378  376.846  105.889  41.821   78.583  -7.75  -0.93  0000
   39  -0.334  3416 68638379  377.633  107.722  41.461   79.138  -8.02  -1.20  0000
   40  -0.300  3507 68638380  377.908  109.662  41.016   79.545  -8.04  -1.22  0000
   41  -0.267  3970 68638381  379.445  111.024  40.871   80.296  -8.26  -1.44  0000
   42  -0.234  4519 68638382  379.588  112.605  40.504   80.614  -8.36  -1.54  0000
   43  -0.200  4436 68638383  380.610  114.595  40.152   81.312  -8.53  -1.71  0000
   44  -0.167  4531 68638384  381.085  116.726  39.701   81.858  -8.48  -1.66  0000
   45  -0.133  4512 68638385  381.641  119.062  39.216   82.483  -8.52  -1.70  0000
   46  -0.100  5104 68638386  382.345  121.051  38.838   83.106  -8.68  -1.86  0000
   47  -0.067  4766 68638387  383.503  123.077  38.520   83.909  -8.69  -1.87  0000
   48  -0.033  5017 68638388  384.333  125.104  38.163   84.609  -8.81  -1.99  0000
   49   0.000  5802 68638389  384.609  127.864  37.563   85.281  -9.12  -2.30  0000
   50   0.033  4633 68638390  385.523  129.781  37.255   86.016  -8.63  -1.81  0000
   51   0.067  2711 68638391  386.989  132.083  36.951   87.044  -7.54  -0.72  0000
