#
#   version : 20090611
#    num_fr : 12
#      time : 20130813 08:04:35.013 UTC
#      unix : 1376381075.013648
#       ntp : LOCK -2324 592778 2745
#       seq : 69076589
#       mul : 0 [A]
#      site : 01
#    latlon : 45.5749 -94.3965 370.0
#      text : Collegeville
#     label : 
#     plate : metal_20100816_20100506-404-gd3
#      geom : 640 480
#    reject : 0
#
#  fr    time   sum     seq       cx       cy      th      phi    lsp    mag  flag
   30  -0.267  1623 69076581  344.285  378.689  34.807 -140.262  -6.34   0.48  0000
   31  -0.234  1967 69076582  344.982  382.598  35.877 -140.126  -6.76   0.06  0000
   32  -0.200  2153 69076583  345.568  385.113  36.576 -140.098  -7.05  -0.23  0000
   33  -0.167  2765 69076584  347.502  388.533  37.607 -140.511  -7.47  -0.65  0000
   34  -0.133  2697 69076585  347.340  390.914  38.222 -140.200  -7.59  -0.77  0000
   35  -0.100  2415 69076586  348.455  394.314  39.195 -140.284  -7.53  -0.71  0000
   36  -0.067  2964 69076587  349.658  398.105  40.280 -140.357  -7.57  -0.75  0000
   37  -0.033  3239 69076588  350.115  400.455  40.933 -140.295  -7.96  -1.14  0000
   38   0.000  4077 69076589  350.993  404.107  41.963 -140.261  -8.48  -1.66  0000
   39   0.033  3715 69076590  351.872  406.721  42.720 -140.325  -8.28  -1.46  0000
   40   0.067  3086 69076591  352.797  409.926  43.639 -140.348  -7.77  -0.95  0000
   41   0.100  2173 69076592  353.001  412.659  44.383 -140.170  -7.00  -0.18  0000
