#
#   version : 20090611
#    num_fr : 20
#      time : 20130813 05:37:20.240 UTC
#      unix : 1376372240.240237
#       ntp : LOCK -424 284982 2071
#       seq : 68811817
#       mul : 0 [A]
#      site : 01
#    latlon : 45.5749 -94.3965 370.0
#      text : Collegeville
#     label : 
#     plate : metal_20100816_20100506-404-gd3
#      geom : 640 480
#    reject : 0
#
#  fr    time   sum     seq       cx       cy      th      phi    lsp    mag  flag
   30  -0.434  2552 68811804  144.428   86.069  64.487    6.486  -6.39   0.43  0000
   31  -0.400  2524 68811805  143.004   86.716  64.673    6.128  -6.48   0.34  0000
   32  -0.367  2563 68811806  142.299   88.136  64.544    5.761  -6.85  -0.03  0000
   33  -0.334  2578 68811807  141.752   88.785  64.537    5.555  -6.82   0.00  0000
   34  -0.300  3165 68811808  140.340   89.441  64.726    5.199  -7.03  -0.21  0000
   35  -0.267  3270 68811809  138.250   90.624  64.968    4.640  -7.13  -0.31  0000
   36  -0.234  3596 68811810  137.678   91.104  65.004    4.460  -7.56  -0.74  0000
   37  -0.200  3417 68811811  136.773   92.254  64.988    4.107  -7.65  -0.83  0000
   38  -0.167  3955 68811812  133.847   92.859  65.550    3.518  -7.65  -0.83  0000
   39  -0.133  3936 68811813  133.764   93.335  65.478    3.420  -7.81  -0.99  0000
   40  -0.100  3734 68811814  131.927   94.657  65.656    2.888  -8.01  -1.19  0000
   41  -0.067  3660 68811815  131.275   95.819  65.589    2.576  -8.23  -1.41  0000
   42  -0.033  4411 68811816  130.461   96.236  65.703    2.372  -8.19  -1.37  0000
   43   0.000  4563 68811817  128.482   97.369  65.963    1.856  -8.03  -1.21  0000
   44   0.033  4264 68811818  126.871   98.761  66.091    1.353  -8.19  -1.37  0000
   45   0.067  4464 68811819  125.564   99.813  66.214    0.961  -8.30  -1.48  0000
   46   0.100  3380 68811820  124.846  100.857  66.198    0.661  -8.15  -1.33  0000
   47   0.133  4105 68811821  123.622  101.886  66.311    0.288  -7.98  -1.16  0000
   48   0.167  3306 68811822  122.136  103.058  66.465   -0.151  -7.19  -0.37  0000
   49   0.200  2320 68811823  120.636  103.938  66.680   -0.535  -6.09   0.73  0000
