#
#   version : 20090611
#    num_fr : 12
#      time : 20130813 08:40:55.093 UTC
#      unix : 1376383255.093364
#       ntp : LOCK -1672 1156078 2568
#       seq : 69141926
#       mul : 0 [A]
#      site : 01
#    latlon : 45.5749 -94.3965 370.0
#      text : Collegeville
#     label : 
#     plate : metal_20100816_20100506-404-gd3
#      geom : 640 480
#    reject : 0
#
#  fr    time   sum     seq       cx       cy      th      phi    lsp    mag  flag
   29  -0.167  2009 69141921  388.032  102.764  43.982   81.734  -6.43   0.39  0000
   30  -0.133  3311 69141922  391.134  102.593  44.438   82.672  -7.92  -1.10  0000
   31  -0.100  3884 69141923  391.531  102.323  44.557   82.749  -8.25  -1.43  0000
   32  -0.067  4137 69141924  394.192  102.188  44.957   83.538  -8.45  -1.63  0000
   33  -0.033  4238 69141925  394.748  102.219  45.027   83.711  -8.48  -1.66  0000
   34   0.000  4624 69141926  397.390  102.160  45.417   84.491  -8.58  -1.76  0000
   35   0.033  4492 69141927  397.939  102.252  45.474   84.670  -8.52  -1.70  0000
   36   0.067  4015 69141928  400.749  102.038  45.937   85.456  -8.44  -1.62  0000
   37   0.100  4137 69141929  401.536  102.246  46.005   85.721  -8.50  -1.68  0000
   38   0.133  3482 69141930  404.236  102.114  46.443   86.472  -8.27  -1.45  0000
   39   0.167  3532 69141931  405.604  102.115  46.653   86.860  -8.06  -1.24  0000
   40   0.200  2292 69141932  407.586  102.226  46.936   87.436  -7.23  -0.41  0000
