#
#   version : 20090611
#    num_fr : 15
#      time : 20130813 05:00:37.836 UTC
#      unix : 1376370037.836685
#       ntp : LOCK -1509 209285 2176
#       seq : 68745813
#       mul : 0 [A]
#      site : 01
#    latlon : 45.5749 -94.3965 370.0
#      text : Collegeville
#     label : 
#     plate : metal_20100816_20100506-404-gd3
#      geom : 640 480
#    reject : 0
#
#  fr    time   sum     seq       cx       cy      th      phi    lsp    mag  flag
   29  -0.467  1759 68745799  421.756  414.974  53.214 -159.779  -6.22   0.60  0000
   30  -0.434  1889 68745800  420.937  416.518  53.443 -159.329  -6.32   0.50  0000
   31  -0.400  2066 68745801  421.204  419.383  54.163 -158.930  -6.52   0.30  0000
   32  -0.367  1810 68745802  420.899  420.564  54.395 -158.670  -6.59   0.23  0000
   33  -0.334  1961 68745803  420.347  423.287  54.958 -158.114  -6.58   0.24  0000
   34  -0.300  2266 68745804  420.940  425.177  55.506 -157.965  -6.64   0.18  0000
   35  -0.267  1949 68745805  421.112  426.722  55.905 -157.771  -6.70   0.12  0000
   36  -0.234  1822 68745806  421.324  430.279  56.802 -157.292  -6.01   0.81  0000
   37  -0.200  2062 68745807  421.129  432.424  57.296 -156.935  -6.75   0.07  0000
   38  -0.167  2218 68745808  420.852  433.785  57.587 -156.677  -6.82   0.00  0000
   39  -0.133  2397 68745809  420.739  436.188  58.163 -156.312  -6.96  -0.14  0000
   40  -0.100  2375 68745810  421.048  438.043  58.670 -156.125  -6.90  -0.08  0000
   41  -0.067  2458 68745811  420.985  440.111  59.175 -155.827  -6.95  -0.13  0000
   42  -0.033  2336 68745812  421.670  442.066  59.767 -155.717  -6.77   0.05  0000
   43   0.000  2463 68745813  421.034  444.094  60.181 -155.305  -6.82  -0.00  0000
