#
#   version : 20090611
#    num_fr : 21
#      time : 20130813 06:20:52.053 UTC
#      unix : 1376374852.053466
#       ntp : LOCK -119 574396 1941
#       seq : 68890091
#       mul : 0 [A]
#      site : 01
#    latlon : 45.5749 -94.3965 370.0
#      text : Collegeville
#     label : 
#     plate : metal_20100816_20100506-404-gd3
#      geom : 640 480
#    reject : 0
#
#  fr    time   sum     seq       cx       cy      th      phi    lsp    mag  flag
   29  -0.400  1813 68890079  463.182   51.668  68.240   91.862  -5.97   0.85  0000
   30  -0.367  2052 68890080  464.997   52.838  68.309   92.368  -6.50   0.32  0000
   31  -0.334  2410 68890081  464.818   53.160  68.200   92.382  -6.61   0.21  0000
   32  -0.300  2045 68890082  467.400   53.175  68.691   92.859  -6.48   0.34  0000
   33  -0.267  2440 68890083  467.799   53.730  68.639   93.013  -6.97  -0.15  0000
   34  -0.234  2581 68890084  468.006   54.103  68.593   93.106  -7.02  -0.20  0000
   35  -0.200  2519 68890085  471.309   54.312  69.189   93.735  -7.55  -0.73  0000
   36  -0.167  3138 68890086  472.099   54.729  69.249   93.938  -7.83  -1.01  0000
   37  -0.133  3942 68890087  472.771   55.055  69.307   94.106  -8.03  -1.21  0000
   38  -0.100  3761 68890088  474.471   55.531  69.537   94.479  -8.24  -1.42  0000
   39  -0.067  3519 68890089  475.424   56.013  69.619   94.719  -8.19  -1.37  0000
   40  -0.033  3604 68890090  477.493   56.218  69.990   95.112  -8.20  -1.38  0000
   41   0.000  4427 68890091  477.955   56.691  69.977   95.264  -8.36  -1.54  0000
   42   0.033  4034 68890092  479.639   57.452  70.150   95.670  -8.33  -1.51  0000
   43   0.067  3327 68890093  480.406   57.729  70.246   95.844  -7.86  -1.04  0000
   44   0.100  3101 68890094  482.519   58.144  70.590   96.268  -7.93  -1.11  0000
   45   0.133  3197 68890095  484.228   58.766  70.809   96.651  -7.70  -0.88  0000
   46   0.167  3275 68890096  485.066   58.943  70.946   96.819  -7.74  -0.92  0000
   47   0.200  3254 68890097  485.108   59.756  70.776   96.951  -7.41  -0.59  0000
   48   0.234  2864 68890098  487.587   60.084  71.229   97.414  -7.53  -0.71  0000
   49   0.267  4164 68890099  489.005   60.608  71.417   97.729  -8.21  -1.39  0000
