#
#   version : 20090611
#    num_fr : 18
#      time : 20130813 08:45:12.951 UTC
#      unix : 1376383512.951217
#       ntp : LOCK -752 277663 2497
#       seq : 69149654
#       mul : 0 [A]
#      site : 01
#    latlon : 45.5749 -94.3965 370.0
#      text : Collegeville
#     label : 
#     plate : metal_20100816_20100506-404-gd3
#      geom : 640 480
#    reject : 0
#
#  fr    time   sum     seq       cx       cy      th      phi    lsp    mag  flag
   29  -0.467  2887 69149640  130.211   87.044  67.535    3.938  -7.13  -0.31  0000
   30  -0.434  3595 69149641  129.619   86.905  67.701    3.866  -7.82  -1.00  0000
   31  -0.400  4339 69149642  127.241   86.654  68.311    3.531  -8.30  -1.48  0000
   32  -0.367  4411 69149643  126.981   86.640  68.375    3.493  -8.34  -1.52  0000
   33  -0.334  5575 69149644  126.025   86.476  68.633    3.370  -8.83  -2.01  0000
   34  -0.300  5613 69149645  124.056   86.346  69.128    3.086  -8.76  -1.94  0000
   35  -0.267  5598 69149646  122.606   85.570  69.626    2.993  -8.77  -1.95  0000
   36  -0.234  6441 69149647  121.630   86.042  69.768    2.764  -9.06  -2.24  0000
   37  -0.200  6392 69149648  120.714   85.673  70.060    2.687  -8.95  -2.13  0000
   38  -0.167  6616 69149649  119.037   85.332  70.532    2.490  -8.91  -2.09  0000
   39  -0.133  7092 69149650  118.186   85.142  70.775    2.394  -9.21  -2.39  0000
   40  -0.100  7128 69149651  116.466   84.963  71.229    2.168  -9.18  -2.36  0000
   41  -0.067  9353 69149652  115.063   84.580  71.646    2.024  -9.57  -2.75  0000
   42  -0.033  8428 69149653  112.736   83.945  72.341    1.789  -9.63  -2.81  0000
   43   0.000  9708 69149654  112.286   83.999  72.442    1.715  -9.66  -2.84  0000
   44   0.033  8613 69149655  111.225   84.415  72.625    1.493  -9.43  -2.61  0000
   45   0.067  9076 69149656  109.382   83.752  73.211    1.338  -9.51  -2.69  0000
   46   0.100  7990 69149657  106.782   82.862  74.032    1.115  -9.61  -2.79  0000
