#
#   version : 20090611
#    num_fr : 18
#      time : 20130813 09:15:40.512 UTC
#      unix : 1376385340.512189
#       ntp : LOCK -482 1188163 2497
#       seq : 69204424
#       mul : 0 [A]
#      site : 01
#    latlon : 45.5749 -94.3965 370.0
#      text : Collegeville
#     label : 
#     plate : metal_20100816_20100506-404-gd3
#      geom : 640 480
#    reject : 0
#
#  fr    time   sum     seq       cx       cy      th      phi    lsp    mag  flag
   30  -0.467  1827 69204410  545.365  154.221  70.062  122.541  -6.04   0.78  0000
   31  -0.434  2094 69204411  546.230  154.052  70.328  122.582  -6.22   0.60  0000
   32  -0.400  2404 69204412  547.921  155.382  70.667  123.004  -6.92  -0.10  0000
   33  -0.367  2683 69204413  547.651  156.130  70.508  123.137  -7.18  -0.36  0000
   34  -0.334  2764 69204414  549.117  156.712  70.867  123.382  -7.11  -0.29  0000
   35  -0.300  3081 69204415  551.303  156.855  71.485  123.593  -7.79  -0.97  0000
   36  -0.267  3527 69204416  551.802  157.593  71.551  123.787  -7.86  -1.04  0000
   37  -0.234  4452 69204417  553.343  158.371  71.917  124.072  -8.35  -1.53  0000
   38  -0.200  6016 69204418  554.381  158.904  72.165  124.265  -9.05  -2.23  0000
   39  -0.167  6603 69204419  554.837  159.165  72.271  124.355  -9.28  -2.46  0000
   40  -0.133  6501 69204420  556.672  159.721  72.751  124.613  -9.20  -2.38  0000
   41  -0.100  6973 69204421  557.043  160.171  72.814  124.734  -9.34  -2.52  0000
   42  -0.067  7524 69204422  558.706  161.176  73.202  125.067  -9.49  -2.67  0000
   43  -0.033  7681 69204423  559.273  161.546  73.332  125.185  -9.72  -2.90  0000
   44   0.000  8256 69204424  561.040  162.007  73.810  125.411  -9.48  -2.66  0000
   45   0.033  6515 69204425  561.936  162.811  73.996  125.640  -9.23  -2.41  0000
   46   0.067  5291 69204426  562.102  163.268  74.001  125.745  -8.87  -2.05  0000
   47   0.100  2421 69204427  564.019  164.233  74.479  126.078  -6.98  -0.16  0000
