#
#   version : 20090611
#    num_fr : 14
#      time : 20130813 06:41:52.080 UTC
#      unix : 1376376112.080833
#       ntp : LOCK -87 1204396 1941
#       seq : 68927853
#       mul : 0 [A]
#      site : 01
#    latlon : 45.5749 -94.3965 370.0
#      text : Collegeville
#     label : 
#     plate : metal_20100816_20100506-404-gd3
#      geom : 640 480
#    reject : 0
#
#  fr    time   sum     seq       cx       cy      th      phi    lsp    mag  flag
   29  -0.334  1913 68927843  104.970  312.568  59.935  -52.947  -5.75   1.07  0000
   30  -0.300  2173 68927844  104.178  314.223  60.302  -53.294  -6.53   0.29  0000
   31  -0.267  2677 68927845  104.801  316.481  60.316  -53.888  -7.19  -0.37  0000
   32  -0.234  2456 68927846  103.914  318.195  60.723  -54.234  -7.33  -0.51  0000
   33  -0.200  2939 68927847  103.373  321.200  61.152  -54.911  -7.57  -0.75  0000
   34  -0.167  2958 68927848  102.611  323.000  61.540  -55.276  -7.66  -0.84  0000
   35  -0.133  3766 68927849  102.772  326.320  61.815  -56.069  -7.86  -1.04  0000
   36  -0.100  4151 68927850  101.711  328.413  62.327  -56.467  -8.33  -1.51  0000
   37  -0.067  4351 68927851  100.746  330.368  62.802  -56.836  -8.36  -1.54  0000
   38  -0.033  3937 68927852  100.751  332.855  63.060  -57.404  -8.33  -1.51  0000
   39   0.000  4656 68927853  100.921  335.636  63.310  -58.049  -8.46  -1.64  0000
   40   0.033  3879 68927854  100.081  337.929  63.802  -58.488  -8.29  -1.47  0000
   41   0.067  2955 68927855   99.251  340.312  64.306  -58.942  -7.80  -0.98  0000
   42   0.100  2256 68927856  100.227  342.676  64.301  -59.554  -6.84  -0.02  0000
