#
#   version : 20090611
#    num_fr : 13
#      time : 20130813 06:03:19.200 UTC
#      unix : 1376373799.200001
#       ntp : LOCK -290 1064982 2071
#       seq : 68858538
#       mul : 0 [A]
#      site : 01
#    latlon : 45.5749 -94.3965 370.0
#      text : Collegeville
#     label : 
#     plate : metal_20100816_20100506-404-gd3
#      geom : 640 480
#    reject : 0
#
#  fr    time   sum     seq       cx       cy      th      phi    lsp    mag  flag
   30  -0.167  1766 68858533  324.966  418.887  44.793 -130.211  -6.10   0.72  0000
   31  -0.133  2284 68858534  325.409  420.986  45.382 -130.298  -6.75   0.07  0000
   32  -0.100  2872 68858535  326.753  422.999  45.969 -130.688  -7.38  -0.56  0000
   33  -0.067  3180 68858536  326.780  425.994  46.800 -130.601  -7.57  -0.75  0000
   34  -0.033  3220 68858537  326.721  428.642  47.534 -130.498  -7.97  -1.15  0000
   35   0.000  3422 68858538  327.904  431.148  48.259 -130.800  -7.93  -1.11  0000
   36   0.033  3396 68858539  327.534  433.036  48.776 -130.623  -7.91  -1.09  0000
   37   0.067  3117 68858540  328.229  436.391  49.731 -130.737  -7.83  -1.01  0000
   38   0.100  2857 68858541  328.461  438.689  50.380 -130.737  -7.72  -0.90  0000
   39   0.133  3003 68858542  329.290  441.304  51.135 -130.908  -7.65  -0.83  0000
   40   0.167  2634 68858543  329.216  442.737  51.536 -130.841  -7.37  -0.55  0000
   41   0.200  2320 68858544  330.583  444.933  52.190 -131.179  -6.77   0.05  0000
   43   0.267  1655 68858546  330.582  450.366  53.725 -131.007  -6.16   0.66  0000
