#
#   version : 20090611
#    num_fr : 16
#      time : 20130813 05:04:04.209 UTC
#      unix : 1376370244.209822
#       ntp : LOCK -1434 314285 2176
#       seq : 68751997
#       mul : 0 [A]
#      site : 01
#    latlon : 45.5749 -94.3965 370.0
#      text : Collegeville
#     label : 
#     plate : metal_20100816_20100506-404-gd3
#      geom : 640 480
#    reject : 0
#
#  fr    time   sum     seq       cx       cy      th      phi    lsp    mag  flag
   30  -0.334  2200 68751987  277.056  320.663  20.568  -99.265  -6.77   0.05  0000
   31  -0.300  2272 68751988  277.142  324.236  21.401 -100.429  -6.95  -0.13  0000
   32  -0.267  2705 68751989  276.666  328.566  22.489 -101.364  -7.28  -0.46  0000
   33  -0.234  2830 68751990  276.979  332.649  23.439 -102.620  -7.50  -0.68  0000
   34  -0.200  2810 68751991  277.273  336.144  24.258 -103.632  -7.51  -0.69  0000
   35  -0.167  3231 68751992  277.487  340.172  25.226 -104.646  -7.85  -1.03  0000
   36  -0.133  3966 68751993  277.111  343.929  26.193 -105.210  -8.38  -1.56  0000
   37  -0.100  4758 68751994  276.954  346.993  26.971 -105.719  -8.60  -1.78  0000
   38  -0.067  4741 68751995  276.992  351.332  28.053 -106.525  -8.67  -1.85  0000
   39  -0.033  4624 68751996  276.983  355.539  29.114 -107.227  -8.68  -1.86  0000
   40   0.000  5051 68751997  277.010  358.881  29.958 -107.766  -8.73  -1.91  0000
   41   0.033  4282 68751998  277.115  362.875  30.966 -108.406  -8.53  -1.71  0000
   42   0.067  4301 68751999  277.435  366.417  31.847 -109.043  -8.47  -1.65  0000
   43   0.100  4543 68752000  277.743  370.352  32.836 -109.691  -8.52  -1.70  0000
   44   0.133  3554 68752001  277.359  373.996  33.808 -109.963  -8.25  -1.43  0000
   45   0.167  2527 68752002  277.752  378.297  34.896 -110.625  -7.03  -0.21  0000
