#
#   version : 20090611
#    num_fr : 12
#      time : 20130813 06:48:53.769 UTC
#      unix : 1376376533.769895
#       ntp : LOCK 3165 397463 2224
#       seq : 68940491
#       mul : 0 [A]
#      site : 01
#    latlon : 45.5749 -94.3965 370.0
#      text : Collegeville
#     label : 
#     plate : metal_20100816_20100506-404-gd3
#      geom : 640 480
#    reject : 0
#
#  fr    time   sum     seq       cx       cy      th      phi    lsp    mag  flag
   30  -0.267  1725 68940483  369.104  130.021  34.990   79.899  -6.26   0.56  0000
   31  -0.234  2116 68940484  370.942  131.194  34.934   80.858  -6.78   0.04  0000
   32  -0.200  2123 68940485  371.614  132.327  34.748   81.351  -7.14  -0.32  0000
   33  -0.167  2650 68940486  374.301  133.272  34.873   82.602  -7.17  -0.35  0000
   34  -0.133  3037 68940487  374.554  134.380  34.646   82.936  -7.88  -1.06  0000
   35  -0.100  3367 68940488  376.274  135.752  34.558   83.904  -8.07  -1.25  0000
   36  -0.067  3779 68940489  377.818  136.965  34.493   84.773  -8.23  -1.41  0000
   37  -0.033  3630 68940490  378.233  138.038  34.305   85.178  -8.27  -1.45  0000
   38   0.000  3962 68940491  380.624  139.603  34.297   86.462  -8.49  -1.67  0000
   39   0.033  3602 68940492  381.927  140.515  34.286   87.176  -8.25  -1.43  0000
   40   0.067  3660 68940493  383.293  141.981  34.167   88.052  -8.22  -1.40  0000
   41   0.100  2754 68940494  384.634  143.755  33.985   89.003  -7.74  -0.92  0000
