#
#   version : 20090611
#    num_fr : 16
#      time : 20130813 07:24:13.592 UTC
#      unix : 1376378653.592253
#       ntp : LOCK -2079 406045 2928
#       seq : 69004021
#       mul : 0 [A]
#      site : 01
#    latlon : 45.5749 -94.3965 370.0
#      text : Collegeville
#     label : 
#     plate : metal_20100816_20100506-404-gd3
#      geom : 640 480
#    reject : 0
#
#  fr    time   sum     seq       cx       cy      th      phi    lsp    mag  flag
   29  -0.367  1520 69004010  342.274  448.277  53.548 -134.456  -5.96   0.86  0000
   30  -0.334  2019 69004011  342.112  451.148  54.349 -134.273  -6.37   0.45  0000
   31  -0.300  2315 69004012  343.485  453.006  54.934 -134.572  -6.93  -0.11  0000
   32  -0.267  2632 69004013  344.589  455.381  55.655 -134.765  -7.48  -0.66  0000
   33  -0.234  3331 69004014  344.628  457.506  56.259 -134.674  -7.93  -1.11  0000
   34  -0.200  3651 69004015  344.355  458.941  56.653 -134.532  -8.20  -1.38  0000
   35  -0.167  3841 69004016  345.027  461.343  57.367 -134.602  -8.40  -1.58  0000
   36  -0.133  4728 69004017  344.926  463.245  57.904 -134.487  -8.64  -1.82  0000
   37  -0.100  5781 69004018  345.602  465.193  58.492 -134.577  -9.05  -2.23  0000
   38  -0.067  6686 69004019  345.838  467.593  59.189 -134.530  -9.24  -2.42  0000
   39  -0.033  7002 69004020  346.194  469.345  59.709 -134.543  -9.34  -2.52  0000
   40   0.000  7195 69004021  346.795  471.882  60.466 -134.584  -9.26  -2.44  0000
   41   0.033  6471 69004022  347.162  473.137  60.845 -134.622  -9.17  -2.35  0000
   42   0.067  4895 69004023  347.690  475.115  61.441 -134.667  -8.73  -1.91  0000
   43   0.100  4974 69004024  347.640  476.741  61.909 -134.582  -8.78  -1.96  0000
   44   0.133  2382 69004025  348.678  477.794  62.263 -134.794  -7.82  -1.00  0000
