#
#   version : 20090611
#    num_fr : 13
#      time : 20101013 01:03:16.589 UTC
#      unix : 1286931796.589492
#       ntp : LOCK -16123 224086 13335
#       seq : 87828538
#       mul : 0 [A]
#      site : 01
#    latlon : 45.5749 -94.3965 370.0
#      text : Collegeville
#     label : 
#     plate : metal 20090611
#      geom : 640 480
#    reject : 0
#
#  fr    time   sum     seq       cx       cy      th      phi    lsp    mag  flag
   30  -0.234  1712 87828531  282.575   52.686  49.152   48.046  -6.30  -6.30  0000
   31  -0.200  2120 87828532  283.542   51.690  49.384   48.393  -6.80  -6.80  0000
   32  -0.167  2215 87828533  284.093   51.235  49.486   48.583  -6.59  -6.59  0000
   33  -0.133  2621 87828534  284.173   51.094  49.522   48.615  -7.17  -7.17  0000
   34  -0.100  2359 87828535  284.835   50.139  49.758   48.862  -6.90  -6.90  0000
   35  -0.067  2449 87828536  285.052   49.628  49.890   48.951  -7.12  -7.12  0000
   36  -0.033  2611 87828537  285.708   49.064  50.020   49.176  -7.19  -7.19  0000
   37   0.000  2923 87828538  286.006   48.522  50.159   49.290  -7.57  -7.57  0000
   38   0.033  2605 87828539  285.431   47.991  50.328   49.141  -7.03  -7.03  0000
   39   0.067  2430 87828540  286.370   47.269  50.492   49.454  -6.74  -6.74  0000
   42   0.167  2276 87828543  287.464   45.980  50.810   49.836  -6.39  -6.39  0000
   46   0.300  2872 87828547  289.600   43.083  51.543   50.582  -7.59  -7.59  0000
   47   0.334  2424 87828548  291.162   43.370  51.414   51.033  -7.00  -7.00  0000
