#
#   version : 20090611
#    num_fr : 15
#      time : 20141031 08:27:04.421 UTC
#      unix : 1414744024.421242
#       ntp : LOCK 1219 316178 1071
#       seq : 190728136
#       mul : 0 [A]
#      site : 01
#    latlon : 45.5749 -94.3965 370.0
#      text : Collegeville
#     label : 
#     plate : metal_20100816_20100506-404-gd3
#      geom : 640 480
#    reject : 0
#
#  fr    time   sum     seq       cx       cy      th      phi    lsp    mag  flag
   30  -0.367  1799 190728125  385.996   21.658  64.979   71.899  -6.26   0.56  0000
   31  -0.334  1991 190728126  387.372   20.828  65.342   72.156  -6.45   0.37  0000
   32  -0.300  2434 190728127  390.157   20.771  65.630   72.798  -7.11  -0.29  0000
   33  -0.267  2502 190728128  390.913   20.888  65.672   72.983  -7.04  -0.22  0000
   34  -0.234  2857 190728129  393.543   20.517  66.043   73.557  -7.39  -0.57  0000
   35  -0.200  2798 190728130  395.219   19.910  66.386   73.888  -7.31  -0.49  0000
   36  -0.167  2576 190728131  397.059   20.292  66.476   74.339  -7.12  -0.30  0000
   37  -0.133  2135 190728132  398.440   19.750  66.775   74.604  -6.91  -0.09  0000
   38  -0.100  3722 190728133  401.452   19.240  67.248   75.233  -8.11  -1.29  0000
   39  -0.067  3736 190728134  402.129   19.298  67.308   75.389  -8.05  -1.23  0000
   40  -0.033  3508 190728135  405.279   18.971  67.759   76.057  -8.15  -1.33  0000
   41   0.000  4415 190728136  406.366   18.705  67.960   76.271  -8.32  -1.50  0000
   42   0.033  3577 190728137  408.949   18.606  68.294   76.825  -8.14  -1.32  0000
   43   0.067  2522 190728138  411.629   18.807  68.565   77.424  -7.12  -0.30  0000
   44   0.100  2237 190728139  411.622   18.968  68.520   77.438  -6.62   0.20  0000
