#
#   version : 20090611
#    num_fr : 27
#      time : 20141031 07:33:23.394 UTC
#      unix : 1414740803.394945
#       ntp : LOCK 2347 731961 1112
#       seq : 190631603
#       mul : 0 [A]
#      site : 01
#    latlon : 45.5749 -94.3965 370.0
#      text : Collegeville
#     label : 
#     plate : metal_20100816_20100506-404-gd3
#      geom : 640 480
#    reject : 0
#
#  fr    time   sum     seq       cx       cy      th      phi    lsp    mag  flag
   29  -0.567  1590 190631586  351.182  152.035  27.612   76.229  -6.03   0.79  0000
   30  -0.534  2044 190631587  355.833  152.470  28.013   78.686  -6.44   0.38  0000
   31  -0.501  2282 190631588  359.862  152.498  28.483   80.672  -6.67   0.15  0000
   32  -0.467  2293 190631589  363.609  152.990  28.842   82.577  -6.95  -0.13  0000
   33  -0.434  2468 190631590  368.658  153.212  29.477   84.949  -7.24  -0.42  0000
   34  -0.400  2956 190631591  372.120  153.050  30.011   86.432  -7.52  -0.70  0000
   35  -0.367  3081 190631592  375.877  153.719  30.427   88.218  -7.74  -0.92  0000
   36  -0.334  3222 190631593  379.597  153.974  30.956   89.821  -7.90  -1.08  0000
   37  -0.300  3445 190631594  382.993  154.201  31.462   91.236  -8.10  -1.28  0000
   38  -0.267  3454 190631595  387.549  154.956  32.077   93.198  -8.16  -1.34  0000
   39  -0.234  4011 190631596  390.840  155.512  32.542   94.572  -8.38  -1.56  0000
   40  -0.200  4425 190631597  394.620  155.696  33.190   95.964  -8.53  -1.71  0000
   41  -0.167  4316 190631598  398.130  156.179  33.748   97.305  -8.51  -1.69  0000
   42  -0.133  4221 190631599  401.548  156.584  34.323   98.549  -8.65  -1.83  0000
   43  -0.100  4958 190631600  405.435  157.250  34.958   99.979  -8.77  -1.95  0000
   44  -0.067  5042 190631601  408.977  157.639  35.595  101.170  -8.81  -1.99  0000
   45  -0.033  5002 190631602  412.746  157.915  36.316  102.350  -8.87  -2.05  0000
   46   0.000  5493 190631603  417.034  158.636  37.085  103.764  -8.96  -2.14  0000
   47   0.033  5298 190631604  420.234  159.430  37.630  104.862  -8.83  -2.01  0000
   48   0.067  4294 190631605  423.693  159.899  38.300  105.893  -8.57  -1.75  0000
   49   0.100  4205 190631606  426.923  160.399  38.928  106.844  -8.47  -1.65  0000
   50   0.133  4709 190631607  430.823  161.293  39.654  108.044  -8.55  -1.73  0000
   51   0.167  4199 190631608  434.726  161.696  40.476  109.051  -8.53  -1.71  0000
   52   0.200  3629 190631609  437.816  162.341  41.087  109.920  -8.24  -1.42  0000
   53   0.234  3424 190631610  441.215  162.818  41.805  110.777  -8.26  -1.44  0000
   54   0.267  2854 190631611  444.564  163.738  42.457  111.731  -7.52  -0.70  0000
   55   0.300  2027 190631612  447.696  163.988  43.166  112.413  -6.63   0.19  0000
