#
#   version : 20090611
#    num_fr : 14
#      time : 20160115 11:39:46.345 UTC
#      unix : 1452857986.345289
#       ntp : LOCK -1270 144395 1413
#       seq : 4861303
#       mul : 0 [A]
#      site : 01
#    latlon : 45.5749 -94.3965 370.0
#      text : Collegeville
#     label : 
#     plate : metal_20100816_20100506-404-gd3
#      geom : 640 480
#    reject : 0
#
#  fr    time   sum     seq       cx       cy      th      phi    lsp    mag  flag
   30  -0.133  2187 4861299  464.936  264.901  41.520  149.734  -6.76   0.06  0000
   31  -0.100  3526 4861300  466.018  261.930  41.753  148.626  -7.82  -1.00  0000
   32  -0.067  4735 4861301  468.051  260.214  42.289  147.963  -8.58  -1.76  0000
   33  -0.033  6902 4861302  470.270  257.843  42.875  147.081  -9.07  -2.25  0000
   34   0.000  7762 4861303  472.173  254.696  43.376  145.954  -9.34  -2.52  0000
   35   0.033  6841 4861304  474.233  252.730  43.944  145.261  -9.13  -2.31  0000
   36   0.067  7138 4861305  475.845  250.924  44.392  144.638  -9.45  -2.63  0000
   37   0.100  7665 4861306  478.363  247.732  45.106  143.565  -9.33  -2.51  0000
   38   0.133  6683 4861307  480.273  244.724  45.664  142.577  -9.13  -2.31  0000
   39   0.167  5739 4861308  481.986  242.163  46.175  141.756  -8.97  -2.15  0000
   40   0.200  3874 4861309  484.875  239.418  47.033  140.919  -8.17  -1.35  0000
   41   0.234  2992 4861310  487.657  235.839  47.890  139.843  -7.34  -0.52  0000
   42   0.267  3594 4861311  488.197  233.787  48.091  139.209  -7.75  -0.93  0000
   43   0.300  2782 4861312  490.210  231.075  48.734  138.426  -7.17  -0.35  0000
