#
#   version : 20090611
#    num_fr : 13
#      time : 20130729 07:29:49.775 UTC
#      unix : 1375082989.775901
#       ntp : LOCK -1570 573410 718
#       seq : 30174072
#       mul : 0 [A]
#      site : 01
#    latlon : 45.5749 -94.3965 370.0
#      text : Collegeville
#     label : 
#     plate : metal_20100816_20100506-404-gd3
#      geom : 640 480
#    reject : 0
#
#  fr    time   sum     seq       cx       cy      th      phi    lsp    mag  flag
   29  -0.367  1741 30174061  470.447  198.584  45.050  126.682  -6.07   0.75  0000
   30  -0.334  2100 30174062  470.953  199.697  45.096  127.094  -6.86  -0.04  0000
   31  -0.300  2735 30174063  472.565  200.513  45.466  127.521  -7.63  -0.81  0000
   32  -0.267  3256 30174064  473.072  201.654  45.514  127.937  -7.88  -1.06  0000
   33  -0.234  3561 30174065  474.779  202.756  45.894  128.455  -8.10  -1.28  0000
   34  -0.200  4297 30174066  475.478  203.471  46.031  128.749  -8.42  -1.60  0000
   35  -0.167  4079 30174067  477.595  204.452  46.538  129.252  -8.32  -1.50  0000
   36  -0.133  4312 30174068  478.686  205.651  46.753  129.726  -8.59  -1.77  0000
   37  -0.100  4486 30174069  480.192  207.073  47.070  130.301  -8.56  -1.74  0000
   38  -0.067  4853 30174070  481.507  208.118  47.364  130.735  -8.67  -1.85  0000
   39  -0.033  5165 30174071  482.538  209.195  47.581  131.152  -8.77  -1.95  0000
   40   0.000  5560 30174072  484.717  210.235  48.121  131.640  -8.82  -2.00  0000
   41   0.033  3445 30174073  484.864  211.533  48.084  132.052  -7.93  -1.11  0000
