#
#   version : 20090611
#    num_fr : 64
#      time : 20131207 00:05:32.946 UTC
#      unix : 1386374732.946055
#       ntp : LOCK 6048 1298833 5080
#       seq : 263767122
#       mul : 0 [A]
#      site : 01
#    latlon : 45.5749 -94.3965 370.0
#      text : Collegeville
#     label : 
#     plate : metal_20100816_20100506-404-gd3
#      geom : 640 480
#    reject : 0
#
#  fr    time   sum     seq       cx       cy      th      phi    lsp    mag  flag
   29  -1.802  2794 263767068  350.029   68.980  49.133   65.745  -6.13   0.69  0000
   30  -1.768  2948 263767069  350.773   68.032  49.436   65.912  -6.32   0.50  0000
   32  -1.702  3085 263767071  348.155   66.940  49.581   65.023  -6.71   0.11  0000
   33  -1.668  2971 263767072  347.565   65.751  49.874   64.763  -6.84  -0.02  0000
   34  -1.635  3294 263767073  345.603   64.702  50.057   64.091  -6.93  -0.11  0000
   35  -1.602  3251 263767074  346.131   63.792  50.335   64.200  -7.17  -0.35  0000
   36  -1.568  3606 263767075  345.682   63.495  50.394   64.044  -7.08  -0.26  0000
   37  -1.535  3735 263767076  344.320   62.092  50.712   63.545  -7.33  -0.51  0000
   38  -1.502  3826 263767077  343.748   61.637  50.809   63.344  -7.30  -0.48  0000
   39  -1.468  3947 263767078  342.680   60.753  51.003   62.970  -7.44  -0.62  0000
   40  -1.435  3764 263767079  342.258   59.222  51.408   62.761  -7.45  -0.63  0000
   41  -1.401  2849 263767080  341.898   58.723  51.530   62.626  -7.54  -0.72  0000
   42  -1.368  4090 263767081  339.700   57.943  51.652   61.923  -7.58  -0.76  0000
   43  -1.335  3972 263767082  340.134   56.890  51.963   62.004  -7.72  -0.90  0000
   44  -1.301  4216 263767083  339.626   56.647  52.010   61.840  -7.64  -0.82  0000
   45  -1.268  3824 263767084  338.201   55.067  52.393   61.341  -7.60  -0.78  0000
   46  -1.235  3960 263767085  338.118   54.755  52.477   61.302  -7.82  -1.00  0000
   47  -1.201  4077 263767086  337.667   54.093  52.645   61.139  -7.63  -0.81  0000
   48  -1.168  4128 263767087  335.895   53.230  52.822   60.576  -7.77  -0.95  0000
   49  -1.134  3855 263767088  335.425   52.635  52.973   60.413  -7.78  -0.96  0000
   50  -1.101  3994 263767089  335.357   51.724  53.226   60.358  -7.86  -1.04  0000
   51  -1.068  4151 263767090  333.723   50.714  53.456   59.838  -7.91  -1.09  0000
   52  -1.034  4226 263767091  333.834   49.906  53.687   59.842  -7.98  -1.16  0000
   53  -1.001  4546 263767092  332.391   49.178  53.848   59.394  -7.86  -1.04  0000
   54  -0.968  4559 263767093  331.973   48.839  53.931   59.260  -7.92  -1.10  0000
   55  -0.934  4040 263767094  331.133   47.672  54.237   58.978  -8.14  -1.32  0000
   56  -0.901  4186 263767095  330.694   47.469  54.283   58.844  -8.05  -1.23  0000
   57  -0.868  4839 263767096  329.535   45.923  54.690   58.462  -8.17  -1.35  0000
   58  -0.834  4816 263767097  329.111   45.742  54.731   58.334  -8.18  -1.36  0000
   59  -0.801  4728 263767098  327.577   44.998  54.906   57.871  -8.14  -1.32  0000
   60  -0.767  4896 263767099  327.229   44.128  55.146   57.749  -8.20  -1.38  0000
   61  -0.734  4859 263767100  325.880   43.058  55.422   57.336  -8.15  -1.33  0000
   62  -0.701  5066 263767101  325.376   42.882  55.463   57.188  -8.15  -1.33  0000
   63  -0.667  4186 263767102  324.670   42.027  55.693   56.968  -8.40  -1.58  0000
   64  -0.634  4240 263767103  324.507   41.455  55.853   56.910  -8.19  -1.37  0000
   65  -0.601  5165 263767104  323.926   41.217  55.911   56.740  -8.34  -1.52  0000
   66  -0.567  5119 263767105  322.680   39.799  56.297   56.360  -8.25  -1.43  0000
   67  -0.534  5040 263767106  322.689   39.540  56.371   56.358  -8.21  -1.39  0000
   68  -0.501  4719 263767107  321.477   38.182  56.742   55.994  -8.10  -1.28  0000
   69  -0.467  4804 263767108  321.139   37.798  56.848   55.893  -8.01  -1.19  0000
   70  -0.434  4896 263767109  320.672   37.600  56.899   55.759  -8.05  -1.23  0000
   71  -0.400  4717 263767110  319.599   36.897  57.089   55.449  -7.88  -1.06  0000
   72  -0.367  4907 263767111  318.500   35.979  57.342   55.131  -8.08  -1.26  0000
   73  -0.334  4524 263767112  318.327   35.659  57.432   55.079  -7.93  -1.11  0000
   74  -0.300  4749 263767113  317.932   35.350  57.518   54.966  -7.87  -1.05  0000
   75  -0.267  4456 263767114  316.644   33.910  57.923   54.594  -7.80  -0.98  0000
   76  -0.234  4468 263767115  316.397   33.897  57.925   54.526  -7.76  -0.94  0000
   77  -0.200  3976 263767116  315.901   33.293  58.097   54.384  -7.63  -0.81  0000
   78  -0.167  3711 263767117  314.454   32.126  58.428   53.978  -7.70  -0.88  0000
   79  -0.133  4477 263767118  314.252   31.650  58.564   53.920  -7.59  -0.77  0000
   80  -0.100  4215 263767119  312.719   30.958  58.762   53.498  -7.59  -0.77  0000
   81  -0.067  3725 263767120  311.826   29.916  59.063   53.251  -7.87  -1.05  0000
   82  -0.033  5062 263767121  312.158   29.150  59.284   53.338  -8.23  -1.41  0000
   83   0.000  7351 263767122  309.798   28.650  59.435   52.701  -9.18  -2.36  0000
   84   0.033  6889 263767123  309.511   28.201  59.565   52.623  -9.00  -2.18  0000
   85   0.067  6208 263767124  309.410   27.484  59.773   52.595  -8.71  -1.89  0000
   86   0.100  5661 263767125  308.179   26.786  59.982   52.266  -8.54  -1.72  0000
   87   0.133  5646 263767126  307.801   26.449  60.082   52.165  -8.55  -1.73  0000
   88   0.167  5320 263767127  307.989   25.723  60.291   52.216  -8.36  -1.54  0000
   89   0.200  5164 263767128  307.786   25.801  60.270   52.162  -8.08  -1.26  0000
   90   0.234  3420 263767129  305.958   24.812  60.572   51.679  -7.46  -0.64  0000
   91   0.267  3578 263767130  304.674   24.044  60.808   51.343  -7.26  -0.44  0000
   92   0.300  4112 263767131  305.113   23.813  60.870   51.460  -7.26  -0.44  0000
   93   0.334  2934 263767132  304.462   23.776  60.888   51.289  -6.83  -0.01  0000
