#
#   version : 20090611
#    num_fr : 16
#      time : 20131207 06:37:28.718 UTC
#      unix : 1386398248.718079
#       ntp : LOCK 3569 804644 5850
#       seq : 264471870
#       mul : 0 [A]
#      site : 01
#    latlon : 45.5749 -94.3965 370.0
#      text : Collegeville
#     label : 
#     plate : metal_20100816_20100506-404-gd3
#      geom : 640 480
#    reject : 0
#
#  fr    time   sum     seq       cx       cy      th      phi    lsp    mag  flag
   30  -0.367  1831 264471859  297.014  369.155  31.411 -118.598  -6.25   0.57  0000
   31  -0.334  1888 264471860  296.246  370.891  31.901 -118.329  -6.21   0.61  0000
   32  -0.300  1678 264471861  296.523  374.588  32.876 -118.666  -6.00   0.82  0000
   33  -0.267  1922 264471862  295.157  377.090  33.594 -118.178  -6.78   0.04  0000
   34  -0.234  2200 264471863  294.613  378.597  34.017 -118.019  -6.85  -0.03  0000
   35  -0.200  2578 264471864  294.934  382.387  35.018 -118.368  -7.20  -0.38  0000
   36  -0.167  2586 264471865  294.822  384.614  35.619 -118.434  -7.45  -0.63  0000
   37  -0.133  2646 264471866  293.544  387.006  36.310 -118.017  -7.32  -0.50  0000
   38  -0.100  2667 264471867  293.205  389.255  36.927 -117.994  -7.15  -0.33  0000
   39  -0.067  2797 264471868  293.363  392.497  37.793 -118.223  -7.59  -0.77  0000
   40  -0.033  3160 264471869  292.324  395.099  38.535 -117.937  -8.04  -1.22  0000
   41   0.000  3785 264471870  292.475  397.315  39.128 -118.106  -8.07  -1.25  0000
   42   0.033  3456 264471871  292.059  400.156  39.913 -118.081  -8.07  -1.25  0000
   43   0.067  3173 264471872  291.719  402.579  40.583 -118.065  -7.97  -1.15  0000
   44   0.100  3271 264471873  291.254  404.753  41.191 -117.992  -7.95  -1.13  0000
   45   0.133  1935 264471874  291.345  406.925  41.778 -118.125  -6.34   0.48  0000
