#
#   version : 20090611
#    num_fr : 22
#      time : 20131207 04:32:00.531 UTC
#      unix : 1386390720.531163
#       ntp : LOCK 2139 109143 5272
#       seq : 264246256
#       mul : 0 [A]
#      site : 01
#    latlon : 45.5749 -94.3965 370.0
#      text : Collegeville
#     label : 
#     plate : metal_20100816_20100506-404-gd3
#      geom : 640 480
#    reject : 0
#
#  fr    time   sum     seq       cx       cy      th      phi    lsp    mag  flag
   29  -0.501  2594 264246241  387.749  151.179  32.899   92.170  -6.77   0.05  0000
   30  -0.467  2457 264246242  388.475  151.038  33.052   92.397  -6.65   0.17  0000
   31  -0.434  2513 264246243  391.239  151.054  33.526   93.401  -7.31  -0.49  0000
   32  -0.400  2969 264246244  392.182  151.109  33.680   93.751  -7.28  -0.46  0000
   33  -0.367  3162 264246245  394.968  150.844  34.230   94.644  -7.82  -1.00  0000
   34  -0.334  3278 264246246  397.678  151.095  34.671   95.633  -7.72  -0.90  0000
   35  -0.300  3825 264246247  398.663  150.826  34.905   95.882  -7.92  -1.10  0000
   36  -0.267  3571 264246248  401.157  151.150  35.304   96.790  -8.10  -1.28  0000
   37  -0.234  4100 264246249  404.126  150.873  35.920   97.651  -8.11  -1.29  0000
   38  -0.200  3859 264246250  404.747  151.291  35.958   97.966  -8.16  -1.34  0000
   39  -0.167  3893 264246251  408.199  150.951  36.691   98.919  -8.23  -1.41  0000
   40  -0.133  4506 264246252  410.348  150.857  37.132   99.528  -8.25  -1.43  0000
   41  -0.100  4433 264246253  411.836  150.977  37.405   99.995  -8.37  -1.55  0000
   42  -0.067  3770 264246254  414.477  150.805  37.967  100.697  -8.32  -1.50  0000
   43  -0.033  5203 264246255  417.462  150.928  38.551  101.559  -8.61  -1.79  0000
   44   0.000  5591 264246256  418.563  150.589  38.839  101.758  -8.86  -2.04  0000
   45   0.033  4552 264246257  420.885  150.501  39.335  102.351  -8.58  -1.76  0000
   46   0.067  4845 264246258  423.905  150.777  39.919  103.213  -8.61  -1.79  0000
   47   0.100  5071 264246259  425.191  151.218  40.113  103.666  -8.60  -1.78  0000
   48   0.133  3674 264246260  427.763  151.365  40.636  104.347  -8.12  -1.30  0000
   49   0.167  4009 264246261  430.576  151.406  41.237  105.038  -8.27  -1.45  0000
   50   0.200  2442 264246262  431.987  151.742  41.487  105.468  -6.61   0.21  0000
