#
#   version : 20090611
#    num_fr : 12
#      time : 20131207 08:35:55.987 UTC
#      unix : 1386405355.987523
#       ntp : LOCK -6718 771177 6335
#       seq : 264684870
#       mul : 0 [A]
#      site : 01
#    latlon : 45.5749 -94.3965 370.0
#      text : Collegeville
#     label : 
#     plate : metal_20100816_20100506-404-gd3
#      geom : 640 480
#    reject : 0
#
#  fr    time   sum     seq       cx       cy      th      phi    lsp    mag  flag
   30  -0.367  2536 264684859   67.222  281.757  69.445  -43.974  -6.05   0.77  0000
   31  -0.334  2601 264684860   66.939  281.895  69.539  -43.998  -6.54   0.28  0000
   33  -0.267  3146 264684862   66.057  280.023  69.744  -43.563  -6.56   0.26  0000
   34  -0.234  3382 264684863   65.562  279.842  69.892  -43.512  -7.15  -0.33  0000
   35  -0.200  2967 264684864   63.542  279.056  70.496  -43.293  -6.83  -0.01  0000
   36  -0.167  3047 264684865   63.963  278.096  70.331  -43.093  -6.89  -0.07  0000
   37  -0.133  3274 264684866   63.841  277.823  70.360  -43.030  -7.08  -0.26  0000
   38  -0.100  3318 264684867   62.128  276.954  70.870  -42.805  -7.01  -0.19  0000
   39  -0.067  3561 264684868   60.890  276.161  71.234  -42.609  -7.21  -0.39  0000
   40  -0.033  3313 264684869   60.640  275.669  71.298  -42.498  -7.46  -0.64  0000
   41   0.000  3706 264684870   60.570  275.622  71.318  -42.486  -7.38  -0.56  0000
   42   0.033  2760 264684871   58.913  274.036  71.794  -42.115  -5.94   0.88  0000
