#
#   version : 20090611
#    num_fr : 12
#      time : 20110806 06:05:46.657 UTC
#      unix : 1312610746.657670
#       ntp : LOCK 10697 210233 6321
#       seq : 6862648
#       mul : 0 [A]
#      site : 01
#    latlon : 45.5749 -94.3965 370.0
#      text : Collegeville
#     label : 
#     plate : metal_20100816_20100506-404-gd3
#      geom : 640 480
#    reject : 0
#
#  fr    time   sum     seq       cx       cy      th      phi    lsp    mag  flag
   29  -0.300  1812 6862639  278.678  362.242  30.675 -109.059  -6.26   0.56  0000
   31  -0.234  2082 6862641  275.641  368.869  32.624 -108.555  -6.68   0.14  0000
   32  -0.200  2014 6862642  273.545  372.347  33.694 -108.095  -6.61   0.21  0000
   33  -0.167  2205 6862643  272.578  374.693  34.379 -107.990  -6.91  -0.09  0000
   34  -0.133  2291 6862644  271.500  377.868  35.289 -107.949  -7.08  -0.26  0000
   35  -0.100  2394 6862645  269.624  381.560  36.404 -107.654  -7.19  -0.37  0000
   36  -0.067  3097 6862646  268.148  384.362  37.257 -107.420  -7.79  -0.97  0000
   37  -0.033  3226 6862647  266.304  387.945  38.347 -107.153  -7.92  -1.10  0000
   38   0.000  3233 6862648  264.937  390.586  39.154 -106.961  -7.97  -1.15  0000
   39   0.033  2947 6862649  262.737  393.812  40.192 -106.545  -7.75  -0.93  0000
   40   0.067  2808 6862650  261.585  396.820  41.079 -106.493  -7.55  -0.73  0000
   41   0.100  2184 6862651  259.647  400.063  42.104 -106.199  -6.93  -0.11  0000
