#
#   version : 20090611
#    num_fr : 15
#      time : 20110806 08:25:40.888 UTC
#      unix : 1312619140.888712
#       ntp : LOCK 9538 329195 6591
#       seq : 7114222
#       mul : 0 [A]
#      site : 01
#    latlon : 45.5749 -94.3965 370.0
#      text : Collegeville
#     label : 
#     plate : metal_20100816_20100506-404-gd3
#      geom : 640 480
#    reject : 0
#
#  fr    time   sum     seq       cx       cy      th      phi    lsp    mag  flag
   29  -0.434  1449 7114209  352.965   88.649  44.024   68.267  -6.39   0.43  0000
   30  -0.400  1747 7114210  353.136   88.670  44.031   68.328  -6.76   0.06  0000
   31  -0.367  2201 7114211  353.523   87.868  44.272   68.388  -7.39  -0.57  0000
   32  -0.334  2178 7114212  354.036   87.055  44.525   68.489  -7.40  -0.58  0000
   33  -0.300  2922 7114213  353.976   86.588  44.645   68.427  -7.84  -1.02  0000
   34  -0.267  3449 7114214  353.722   86.191  44.732   68.304  -8.03  -1.21  0000
   35  -0.234  3344 7114215  353.390   85.197  44.974   68.104  -8.04  -1.22  0000
   36  -0.200  4281 7114216  353.321   84.756  45.087   68.042  -8.39  -1.57  0000
   37  -0.167  4818 7114217  353.113   83.799  45.328   67.889  -8.73  -1.91  0000
   38  -0.133  4149 7114218  353.178   83.156  45.505   67.856  -8.50  -1.68  0000
   39  -0.100  4721 7114219  353.079   82.567  45.656   67.773  -8.70  -1.88  0000
   40  -0.067  4472 7114220  353.298   81.417  45.979   67.748  -8.60  -1.78  0000
   41  -0.033  5239 7114221  353.054   80.130  46.307   67.560  -8.87  -2.05  0000
   42   0.000  7180 7114222  353.353   79.374  46.531   67.596  -9.37  -2.55  0000
   43   0.033  2630 7114223  352.627   79.052  46.569   67.332  -7.71  -0.89  0000
