#
#   version : 20090611
#    num_fr : 23
#      time : 20101110 05:06:40.861 UTC
#      unix : 1289365600.861680
#       ntp : LOCK -1096 815009 892
#       seq : 3359543
#       mul : 0 [A]
#      site : 01
#    latlon : 45.5749 -94.3965 370.0
#      text : Collegeville
#     label : 
#     plate : metal_20100816_20100506-404-gd3
#      geom : 640 480
#    reject : 0
#
#  fr    time   sum     seq       cx       cy      th      phi    lsp    mag  flag
   30  -0.300  2560 3359534  240.975  159.493  30.420   14.620  -7.08  -7.08  0000
   31  -0.267  3415 3359535  241.265  159.096  30.452   14.857  -7.81  -7.81  0000
   32  -0.234  3224 3359536  242.008  157.960  30.564   15.498  -7.70  -7.70  0000
   33  -0.200  3797 3359537  242.320  156.935  30.728   15.927  -8.20  -8.20  0000
   34  -0.167  4433 3359538  242.864  156.434  30.743   16.293  -8.33  -8.33  0000
   35  -0.133  4438 3359539  244.594  155.655  30.624   17.222  -8.29  -8.29  0000
   36  -0.100  4785 3359540  245.347  154.548  30.742   17.846  -8.50  -8.50  0000
   37  -0.067  4968 3359541  244.885  153.482  31.048   17.955  -8.55  -8.55  0000
   38  -0.033  4622 3359542  246.704  152.831  30.902   18.882  -8.49  -8.49  0000
   39   0.000  5117 3359543  246.565  151.511  31.215   19.181  -8.54  -8.54  0000
   40   0.033  4677 3359544  247.894  151.055  31.111   19.853  -8.40  -8.40  0000
   41   0.067  4561 3359545  248.473  149.824  31.299   20.416  -8.47  -8.47  0000
   42   0.100  3782 3359546  249.065  148.794  31.442   20.927  -8.06  -8.06  0000
   43   0.133  4289 3359547  250.092  147.745  31.528   21.620  -8.34  -8.34  0000
   44   0.167  4667 3359548  250.504  146.899  31.661   22.001  -8.43  -8.43  0000
   45   0.200  4380 3359549  251.489  145.915  31.746   22.653  -8.29  -8.29  0000
   46   0.234  4394 3359550  252.240  144.790  31.900   23.235  -8.31  -8.31  0000
   47   0.267  4152 3359551  252.841  143.125  32.204   23.872  -7.83  -7.83  0000
   48   0.300  3463 3359552  253.868  142.278  32.263   24.496  -7.63  -7.63  0000
   49   0.334  2419 3359553  254.900  141.204  32.378   25.168  -6.52  -6.52  0000
   50   0.367  2833 3359554  255.633  140.409  32.471   25.649  -7.03  -7.03  0000
   51   0.400  3228 3359555  257.569  139.673  32.399   26.628  -7.16  -7.16  0000
   52   0.434  3017 3359556  258.245  138.067  32.701   27.244  -7.13  -7.13  0000
