#
#   version : 20090611
#    num_fr : 26
#      time : 20101110 07:19:06.820 UTC
#      unix : 1289373546.820445
#       ntp : LOCK 1439 983849 1471
#       seq : 3597684
#       mul : 0 [A]
#      site : 01
#    latlon : 45.5749 -94.3965 370.0
#      text : Collegeville
#     label : 
#     plate : metal_20100816_20100506-404-gd3
#      geom : 640 480
#    reject : 0
#
#  fr    time   sum     seq       cx       cy      th      phi    lsp    mag  flag
   30  -0.567  1561 3597667  453.953  111.624  53.506  100.466  -6.17  -6.17  0000
   32  -0.500  1687 3597669  452.426  109.822  53.540   99.777  -6.11  -6.11  0000
   33  -0.467  1651 3597670  452.550  109.195  53.689   99.673  -6.37  -6.37  0000
   34  -0.434  1723 3597671  452.160  108.959  53.655   99.544  -6.28  -6.28  0000
   35  -0.400  1752 3597672  451.387  107.709  53.744   99.127  -6.34  -6.34  0000
   36  -0.367  1791 3597673  451.664  107.961  53.750   99.237  -6.17  -6.17  0000
   37  -0.334  1542 3597674  450.874  107.716  53.637   99.022  -5.94  -5.94  0000
   38  -0.300  1604 3597675  450.431  105.795  53.931   98.540  -6.08  -6.08  0000
   39  -0.267  1680 3597676  450.063  105.436  53.929   98.390  -6.24  -6.24  0000
   40  -0.234  1956 3597677  450.037  105.904  53.829   98.479  -6.32  -6.32  0000
   41  -0.200  1742 3597678  448.781  104.116  53.938   97.856  -6.42  -6.42  0000
   42  -0.167  1799 3597679  448.444  103.493  53.997   97.661  -6.49  -6.49  0000
   43  -0.133  2158 3597680  448.140  103.632  53.908   97.624  -6.71  -6.71  0000
   44  -0.100  1943 3597681  447.670  101.889  54.172   97.180  -6.52  -6.52  0000
   45  -0.067  2028 3597682  446.435  101.348  54.039   96.810  -6.82  -6.82  0000
   46  -0.033  2126 3597683  446.159  100.689  54.122   96.622  -6.98  -6.98  0000
   47   0.000  2519 3597684  445.678  100.526  54.061   96.487  -7.12  -7.12  0000
   48   0.033  2220 3597685  444.641   99.581  54.056   96.080  -6.86  -6.86  0000
   49   0.067  2215 3597686  444.308   98.865  54.142   95.870  -7.21  -7.21  0000
   50   0.100  2302 3597687  444.335   98.694  54.183   95.843  -7.06  -7.06  0000
   51   0.133  2054 3597688  444.427   97.875  54.373   95.707  -6.62  -6.62  0000
   52   0.167  2030 3597689  442.856   97.147  54.226   95.226  -6.64  -6.64  0000
   53   0.200  1983 3597690  442.410   96.881  54.197   95.077  -6.51  -6.51  0000
   54   0.234  1625 3597691  441.745   96.218  54.212   94.806  -6.26  -6.26  0000
   56   0.300  1754 3597693  440.799   94.555  54.390   94.287  -6.12  -6.12  0000
   58   0.367  1383 3597695  439.744   94.177  54.274   93.982  -5.64  -5.64  0000
