#
#   version : 20090611
#    num_fr : 21
#      time : 20101110 09:22:58.831 UTC
#      unix : 1289380978.831524
#       ntp : LOCK -2317 586290 1194
#       seq : 3820422
#       mul : 0 [A]
#      site : 01
#    latlon : 45.5749 -94.3965 370.0
#      text : Collegeville
#     label : 
#     plate : metal_20100816_20100506-404-gd3
#      geom : 640 480
#    reject : 0
#
#  fr    time   sum     seq       cx       cy      th      phi    lsp    mag  flag
   30  -0.701  1209 3820401  518.817  372.143  66.227  174.689  -5.89  -5.89  0000
   31  -0.667  1248 3820402  519.257  371.055  66.182  174.414  -5.91  -5.91  0000
   32  -0.634  1617 3820403  520.329  370.546  66.391  174.187  -6.22  -6.22  0000
   33  -0.601  1333 3820404  520.321  370.134  66.329  174.102  -5.85  -5.85  0000
   34  -0.567  1299 3820405  521.239  369.344  66.458  173.835  -5.75  -5.75  0000
   35  -0.534  1420 3820406  521.623  369.227  66.543  173.768  -6.11  -6.11  0000
   39  -0.400  1576 3820410  524.927  366.352  67.019  172.811  -6.11  -6.11  0000
   40  -0.367  1712 3820411  525.494  366.142  67.143  172.707  -6.52  -6.52  0000
   41  -0.334  1715 3820412  525.588  365.276  67.047  172.517  -6.42  -6.42  0000
   42  -0.300  1470 3820413  526.619  364.212  67.179  172.186  -6.08  -6.08  0000
   43  -0.267  1488 3820414  526.617  364.185  67.175  172.181  -5.88  -5.88  0000
   44  -0.234  1506 3820415  527.428  363.216  67.263  171.895  -6.26  -6.26  0000
   45  -0.200  1645 3820416  527.785  362.844  67.309  171.780  -6.34  -6.34  0000
   46  -0.167  1730 3820417  528.654  362.278  67.470  171.573  -6.45  -6.45  0000
   47  -0.133  1612 3820418  528.674  361.573  67.380  171.424  -6.38  -6.38  0000
   48  -0.100  1574 3820419  529.389  361.138  67.518  171.261  -6.08  -6.08  0000
   51   0.000  1875 3820422  531.751  359.316  67.926  170.645  -6.70  -6.70  0000
   54   0.100  1362 3820425  533.718  357.432  68.226  170.061  -5.76  -5.76  0000
   55   0.133  1704 3820426  534.248  356.679  68.277  169.853  -6.59  -6.59  0000
   56   0.167  1428 3820427  534.983  355.976  68.392  169.637  -6.04  -6.04  0000
   57   0.200  1606 3820428  535.521  356.069  68.554  169.606  -6.46  -6.46  0000
