#
#   version : 20090611
#    num_fr : 23
#      time : 20101110 07:50:13.815 UTC
#      unix : 1289375413.815807
#       ntp : LOCK -114 333919 1352
#       seq : 3653638
#       mul : 0 [A]
#      site : 01
#    latlon : 45.5749 -94.3965 370.0
#      text : Collegeville
#     label : 
#     plate : metal_20100816_20100506-404-gd3
#      geom : 640 480
#    reject : 0
#
#  fr    time   sum     seq       cx       cy      th      phi    lsp    mag  flag
   30  -0.567  1213 3653621  507.198  213.120  54.289  133.920  -5.94  -5.94  0000
   31  -0.534  1507 3653622  510.451  213.185  55.215  134.114  -6.13  -6.13  0000
   32  -0.500  1763 3653623  511.246  213.290  55.438  134.185  -6.37  -6.37  0000
   33  -0.467  1704 3653624  513.423  214.111  56.022  134.522  -6.61  -6.61  0000
   34  -0.434  1718 3653625  514.131  214.090  56.227  134.552  -6.48  -6.48  0000
   35  -0.400  1753 3653626  516.580  214.112  56.931  134.681  -6.53  -6.53  0000
   36  -0.367  1857 3653627  519.222  214.519  57.676  134.918  -6.47  -6.47  0000
   37  -0.334  1886 3653628  521.012  214.525  58.194  135.005  -6.75  -6.75  0000
   38  -0.300  1699 3653629  522.654  214.554  58.670  135.089  -6.86  -6.86  0000
   39  -0.267  2211 3653630  524.024  214.279  59.081  135.081  -7.13  -7.13  0000
   40  -0.234  1952 3653631  526.089  214.888  59.655  135.332  -6.81  -6.81  0000
   41  -0.200  1864 3653632  528.513  215.229  60.348  135.526  -6.96  -6.96  0000
   42  -0.167  2043 3653633  529.686  214.988  60.703  135.517  -6.94  -6.94  0000
   43  -0.133  1760 3653634  531.982  215.192  61.368  135.667  -6.82  -6.82  0000
   44  -0.100  1882 3653635  532.701  215.615  61.561  135.802  -6.78  -6.78  0000
   45  -0.067  1806 3653636  535.327  215.776  62.328  135.951  -6.92  -6.92  0000
   46  -0.033  2282 3653637  535.786  215.847  62.460  135.987  -7.00  -7.00  0000
   47   0.000  2711 3653638  538.444  215.994  63.241  136.129  -7.64  -7.64  0000
   48   0.033  2347 3653639  538.733  216.036  63.325  136.151  -7.41  -7.41  0000
   49   0.067  2119 3653640  541.358  216.137  64.101  136.278  -7.12  -7.12  0000
   50   0.100  2052 3653641  542.471  216.923  64.400  136.509  -6.99  -6.99  0000
   51   0.133  1652 3653642  544.822  216.297  65.127  136.448  -6.25  -6.25  0000
   52   0.167  1624 3653643  545.893  217.071  65.417  136.671  -6.28  -6.28  0000
