#
#   version : 20090611
#    num_fr : 28
#      time : 20120513 02:46:14.172 UTC
#      unix : 1336877174.172781
#       ntp : LOCK 1283 988678 1495
#       seq : 286189742
#       mul : 0 [A]
#      site : 01
#    latlon : 45.5749 -94.3965 370.0
#      text : Collegeville
#     label : 
#     plate : metal_20100816_20100506-404-gd3
#      geom : 640 480
#    reject : 0
#
#  fr    time   sum     seq       cx       cy      th      phi    lsp    mag  flag
   30  -0.400  3078 286189730  287.230  155.657  25.455   38.600  -6.20   0.62  0000
   31  -0.367  3893 286189731  287.090  156.046  25.365   38.460  -6.58   0.24  0000
   32  -0.334  2747 286189732  287.977  155.377  25.474   39.079  -6.74   0.08  0000
   34  -0.267  3618 286189734  290.852  154.760  25.446   40.858  -6.35   0.47  0000
   35  -0.234  3404 286189735  291.488  154.597  25.450   41.255  -6.72   0.10  0000
   36  -0.200  4374 286189736  292.096  153.765  25.630   41.713  -7.21  -0.39  0000
   37  -0.167  3550 286189737  292.981  152.739  25.847   42.350  -6.74   0.08  0000
   38  -0.133  3844 286189738  294.046  152.015  25.980   43.049  -7.20  -0.38  0000
   39  -0.100  3603 286189739  294.152  151.909  26.002   43.122  -7.32  -0.50  0000
   40  -0.067  3265 286189740  295.125  151.127  26.159   43.766  -7.64  -0.82  0000
   41  -0.033  4853 286189741  296.861  150.238  26.314   44.854  -7.38  -0.56  0000
   42   0.000  5060 286189742  297.095  149.955  26.378   45.013  -7.64  -0.82  0000
   43   0.033  5008 286189743  297.989  149.151  26.553   45.592  -7.82  -1.00  0000
   44   0.067  4698 286189744  298.124  148.898  26.614   45.689  -7.84  -1.02  0000
   45   0.100  4852 286189745  299.237  148.317  26.726   46.368  -7.47  -0.65  0000
   46   0.133  4759 286189746  299.611  148.055  26.782   46.600  -7.19  -0.37  0000
   47   0.167  4715 286189747  302.611  147.073  26.952   48.371  -7.53  -0.71  0000
   48   0.200  3401 286189748  302.483  146.991  26.977   48.301  -7.50  -0.68  0000
   49   0.234  4211 286189749  303.237  146.910  26.979   48.736  -7.62  -0.80  0000
   50   0.267  3656 286189750  304.089  145.711  27.277   49.268  -7.46  -0.64  0000
   51   0.300  3950 286189751  304.125  145.810  27.250   49.285  -7.35  -0.53  0000
   52   0.334  4254 286189752  306.655  145.628  27.253   50.722  -7.25  -0.43  0000
   53   0.367  2863 286189753  307.220  144.657  27.502   51.063  -7.12  -0.30  0000
   54   0.400  2664 286189754  307.165  143.843  27.719   51.049  -7.13  -0.31  0000
   55   0.434  3243 286189755  308.085  143.118  27.901   51.573  -6.60   0.22  0000
   57   0.500  3620 286189757  310.939  142.751  27.979   53.155  -6.85  -0.03  0000
   58   0.534  3750 286189758  311.844  141.826  28.223   53.651  -6.78   0.04  0000
   59   0.567  3876 286189759  311.985  141.522  28.304   53.727  -6.33   0.49  0000
