#
#   version : 20090611
#    num_fr : 13
#      time : 20140812 02:51:22.473 UTC
#      unix : 1407811882.473085
#       ntp : LOCK 581 203617 279
#       seq : 26645876
#       mul : 0 [A]
#      site : 01
#    latlon : 45.5749 -94.3965 370.0
#      text : Collegeville
#     label : 
#     plate : metal_20100816_20100506-404-gd3
#      geom : 640 480
#    reject : 0
#
#  fr    time   sum     seq       cx       cy      th      phi    lsp    mag  flag
   30  -0.367  5375 26645865  142.270   55.105  71.631   10.936  -7.16  -0.34  0000
   31  -0.334  3074 26645866  139.994   56.630  71.769   10.328  -7.15  -0.33  0000
   33  -0.267  2900 26645868  138.881   58.116  71.675    9.925  -7.38  -0.56  0000
   34  -0.234  3853 26645869  137.915   58.815  71.728    9.661  -7.48  -0.66  0000
   35  -0.200  4291 26645870  137.859   60.167  71.439    9.454  -7.06  -0.24  0000
   36  -0.167  3546 26645871  135.344   60.541  71.905    8.978  -7.65  -0.83  0000
   37  -0.133  3527 26645872  133.811   61.835  71.959    8.533  -7.44  -0.62  0000
   38  -0.100  4317 26645873  133.091   62.813  71.905    8.269  -7.52  -0.70  0000
   39  -0.067  4764 26645874  131.743   63.744  72.003    7.909  -7.65  -0.83  0000
   40  -0.033  4155 26645875  131.416   64.933  71.820    7.677  -7.82  -1.00  0000
   41   0.000  6290 26645876  130.585   66.003  71.777    7.380  -8.05  -1.23  0000
   42   0.033  5492 26645877  128.017   66.894  72.169    6.831  -7.74  -0.92  0000
   43   0.067  5200 26645878  127.774   67.976  71.995    6.627  -7.43  -0.61  0000
