#
#   version : 20090611
#    num_fr : 15
#      time : 20140812 05:10:30.186 UTC
#      unix : 1407820230.186261
#       ntp : LOCK 562 773007 387
#       seq : 26896051
#       mul : 0 [A]
#      site : 01
#    latlon : 45.5749 -94.3965 370.0
#      text : Collegeville
#     label : 
#     plate : metal_20100816_20100506-404-gd3
#      geom : 640 480
#    reject : 0
#
#  fr    time   sum     seq       cx       cy      th      phi    lsp    mag  flag
   29  -0.300  4222 26896042  521.458  163.130  62.355  122.283  -6.51   0.31  0000
   30  -0.267  4746 26896043  524.057  164.066  62.976  122.750  -7.70  -0.88  0000
   31  -0.234  4342 26896044  525.453  165.866  63.175  123.295  -8.34  -1.52  0000
   32  -0.200  6212 26896045  526.895  167.727  63.386  123.856  -8.49  -1.67  0000
   33  -0.167  5298 26896046  527.537  168.766  63.462  124.153  -8.39  -1.57  0000
   34  -0.133  6247 26896047  528.218  170.231  63.507  124.551  -8.38  -1.56  0000
   35  -0.100  7323 26896048  529.347  171.934  63.661  125.041  -8.80  -1.98  0000
   36  -0.067  6277 26896049  530.985  173.773  63.951  125.603  -8.65  -1.83  0000
   37  -0.033  6834 26896050  531.646  174.862  64.037  125.909  -9.18  -2.36  0000
   38   0.000  9502 26896051  532.943  177.786  64.143  126.689  -8.81  -1.99  0000
   39   0.033  7928 26896052  534.653  178.824  64.542  127.061  -8.56  -1.74  0000
   40   0.067  5486 26896053  535.676  180.289  64.711  127.476  -8.61  -1.79  0000
   41   0.100  5109 26896054  536.636  182.699  64.786  128.102  -7.24  -0.42  0000
   42   0.133  4488 26896055  538.902  184.053  65.334  128.574    nan    nan  0000
   43   0.167  2715 26896056  538.937  184.523  65.306  128.685    nan    nan  0000
