#
#   version : 20090611
#    num_fr : 14
#      time : 20140812 03:25:28.117 UTC
#      unix : 1407813928.117906
#       ntp : LOCK 1145 197926 335
#       seq : 26707183
#       mul : 0 [A]
#      site : 01
#    latlon : 45.5749 -94.3965 370.0
#      text : Collegeville
#     label : 
#     plate : metal_20100816_20100506-404-gd3
#      geom : 640 480
#    reject : 0
#
#  fr    time   sum     seq       cx       cy      th      phi    lsp    mag  flag
   29  -0.133  6693 26707179  545.985   97.588  78.160  111.791  -9.06  -2.24  0000
   30  -0.100  8882 26707180  539.632  101.067  75.873  111.666  -9.62  -2.80  0000
   31  -0.067  7800 26707181  524.133  104.009  71.319  110.302  -9.65  -2.83  0000
   32  -0.033  7530 26707182  506.834   99.612  67.746  107.141  -9.08  -2.26  0000
   33   0.000  9727 26707183  488.855   95.389  64.275  103.604  -9.36  -2.54  0000
   34   0.033  9535 26707184  474.435   91.264  61.874  100.384  -9.65  -2.83  0000
   35   0.067  6954 26707185  457.005   86.763  59.190   96.279  -9.29  -2.47  0000
   36   0.100  6609 26707186  437.147   80.568  56.824   91.020  -9.09  -2.27  0000
   37   0.133  8918 26707187  421.571   76.692  55.117   86.783  -9.37  -2.55  0000
   38   0.167  8966 26707188  397.006   70.514  53.140   79.643  -9.12  -2.30  0000
   39   0.200  6551 26707189  369.152   67.616  50.911   71.459  -8.76  -1.94  0000
   40   0.234  7205 26707190  347.906   74.809  47.421   65.473  -9.25  -2.43  0000
   41   0.267  9398 26707191  337.119   78.472  45.886   62.120  -9.71  -2.89  0000
   42   0.300  5540 26707192  317.542   89.806  42.278   55.583  -8.74  -1.92  0000
