#
#   version : 20090611
#    num_fr : 24
#      time : 20140812 05:06:21.737 UTC
#      unix : 1407819981.737851
#       ntp : LOCK 596 653007 387
#       seq : 26888605
#       mul : 0 [A]
#      site : 01
#    latlon : 45.5749 -94.3965 370.0
#      text : Collegeville
#     label : 
#     plate : metal_20100816_20100506-404-gd3
#      geom : 640 480
#    reject : 0
#
#  fr    time   sum     seq       cx       cy      th      phi    lsp    mag  flag
   29  -0.734  3047 26888583  347.159  361.992  30.720 -143.745  -5.96   0.86  0000
   31  -0.667  3230 26888585  349.584  368.855  32.673 -143.831  -6.64   0.18  0000
   32  -0.634  3108 26888586  349.181  370.670  33.103 -143.392  -7.36  -0.54  0000
   33  -0.601  4240 26888587  350.100  374.983  34.285 -143.197  -7.75  -0.93  0000
   34  -0.567  5245 26888588  351.370  378.483  35.290 -143.264  -8.07  -1.25  0000
   35  -0.534  5355 26888589  350.324  380.621  35.757 -142.558  -8.20  -1.38  0000
   36  -0.500  5044 26888590  350.469  384.310  36.724 -142.166  -8.17  -1.35  0000
   37  -0.467  6049 26888591  350.859  386.669  37.368 -142.042  -8.44  -1.62  0000
   38  -0.434  5626 26888592  350.885  390.360  38.333 -141.631  -8.38  -1.56  0000
   39  -0.400  5977 26888593  351.696  394.630  39.512 -141.472  -8.53  -1.71  0000
   40  -0.367  6234 26888594  352.233  397.027  40.183 -141.417  -8.70  -1.88  0000
   41  -0.334  6754 26888595  352.410  400.682  41.159 -141.103  -8.91  -2.09  0000
   42  -0.300  6567 26888596  353.531  404.194  42.170 -141.150  -8.85  -2.03  0000
   43  -0.267  7563 26888597  353.042  406.139  42.649 -140.788  -8.85  -2.03  0000
   44  -0.234  5739 26888598  353.836  410.380  43.835 -140.660  -8.86  -2.04  0000
   45  -0.200  6993 26888599  354.363  412.757  44.506 -140.618  -8.71  -1.89  0000
   46  -0.167  7672 26888600  354.488  414.848  45.074 -140.470  -8.93  -2.11  0000
   47  -0.133  5998 26888601  354.685  418.787  46.144 -140.187  -8.61  -1.79  0000
   48  -0.100  7357 26888602  354.948  420.798  46.704 -140.099  -8.86  -2.04  0000
   49  -0.067  7275 26888603  355.681  424.089  47.643 -140.054  -8.78  -1.96  0000
   50  -0.033  7549 26888604  355.929  427.239  48.512 -139.872  -8.97  -2.15  0000
   51   0.000  8145 26888605  356.097  430.001  49.274 -139.702  -9.09  -2.27  0000
   52   0.033  6532 26888606  357.147  432.375  49.993 -139.832  -8.72  -1.90  0000
   53   0.067  5525 26888607  357.230  434.363  50.540 -139.701  -8.09  -1.27  0000
