#
#   version : 20090611
#    num_fr : 15
#      time : 20140812 02:46:09.627 UTC
#      unix : 1407811569.627035
#       ntp : LOCK 200 1053713 277
#       seq : 26636500
#       mul : 0 [A]
#      site : 01
#    latlon : 45.5749 -94.3965 370.0
#      text : Collegeville
#     label : 
#     plate : metal_20100816_20100506-404-gd3
#      geom : 640 480
#    reject : 0
#
#  fr    time   sum     seq       cx       cy      th      phi    lsp    mag  flag
   29  -0.434  3045 26636487  162.971   51.995  68.190   15.119  -6.67   0.15  0000
   30  -0.400  4302 26636488  161.751   52.998  68.186   14.750  -6.81   0.01  0000
   31  -0.367  3136 26636489  160.912   54.047  68.101   14.447  -7.07  -0.25  0000
   33  -0.300  4121 26636491  158.021   56.053  68.197   13.625  -7.50  -0.68  0000
   34  -0.267  4377 26636492  156.940   57.017  68.187   13.288  -6.90  -0.08  0000
   35  -0.234  4487 26636493  155.648   57.964  68.226   12.914  -7.14  -0.32  0000
   37  -0.167  4218 26636495  151.969   60.744  68.335   11.839  -7.54  -0.72  0000
   38  -0.133  3816 26636496  151.962   61.003  68.278   11.800  -7.30  -0.48  0000
   39  -0.100  4039 26636497  150.718   61.780  68.357   11.461  -7.71  -0.89  0000
   40  -0.067  4820 26636498  148.685   63.590  68.373   10.829  -7.71  -0.89  0000
   41  -0.033  4276 26636499  147.774   64.652  68.327   10.508  -7.83  -1.01  0000
   42   0.000  6090 26636500  145.299   65.070  68.757   10.007  -8.57  -1.75  0000
   43   0.033  4812 26636501  144.209   65.967  68.792    9.681  -8.13  -1.31  0000
   44   0.067  4015 26636502  143.746   67.755  68.500    9.328  -7.98  -1.16  0000
   45   0.100  3055 26636503  141.361   68.123  68.935    8.859  -7.41  -0.59  0000
