#
#   version : 20090611
#    num_fr : 17
#      time : 20140812 03:01:06.490 UTC
#      unix : 1407812466.490212
#       ntp : LOCK 504 493617 279
#       seq : 26663378
#       mul : 0 [A]
#      site : 01
#    latlon : 45.5749 -94.3965 370.0
#      text : Collegeville
#     label : 
#     plate : metal_20100816_20100506-404-gd3
#      geom : 640 480
#    reject : 0
#
#  fr    time   sum     seq       cx       cy      th      phi    lsp    mag  flag
   29  -0.167  4029 26663373  394.824   40.502  60.720   75.687  -6.88  -0.06  0000
   31  -0.100  4656 26663375  401.715   49.124  59.238   78.279  -7.27  -0.45  0000
   32  -0.067  3104 26663376  404.548   54.607  58.168   79.607  -6.99  -0.17  0000
   33  -0.033  4977 26663377  406.416   58.678  57.366   80.563  -7.43  -0.61  0000
   34   0.000  5149 26663378  409.193   64.559  56.252   82.007  -7.75  -0.93  0000
   35   0.033  4942 26663379  412.071   70.779  55.112   83.575  -7.57  -0.75  0000
   36   0.067  3644 26663380  414.825   76.448  54.135   85.089  -7.21  -0.39  0000
   37   0.100  4074 26663381  417.572   78.324  54.103   86.057  -7.09  -0.27  0000
   38   0.133  4147 26663382  421.106   82.715  53.620   87.621  -7.41  -0.59  0000
   39   0.167  3633 26663383  424.435   84.516  53.743   88.726  -6.90  -0.08  0000
   40   0.200  4246 26663384  427.374   85.854  53.927   89.655  -6.80   0.02  0000
   41   0.234  3500 26663385  432.971   86.974  54.638   91.158  -6.64   0.18  0000
   42   0.267  2935 26663386  435.777   87.228  55.079   91.844  -6.63   0.19  0000
   44   0.334  2998 26663388  441.123   89.066  55.644   93.363  -6.68   0.14  0000
   45   0.367  3647 26663389  443.942   89.714  56.029   94.094  -6.56   0.26  0000
   50   0.534  2695 26663394  456.083   92.934  57.707   97.214  -5.70   1.12  0000
   54   0.667  2398 26663398  464.378   97.465  58.489   99.689  -6.37   0.45  0000
