#
#   version : 20090611
#    num_fr : 26
#      time : 20140812 03:51:52.869 UTC
#      unix : 1407815512.869184
#       ntp : LOCK 1281 468739 336
#       seq : 26754677
#       mul : 0 [A]
#      site : 01
#    latlon : 45.5749 -94.3965 370.0
#      text : Collegeville
#     label : 
#     plate : metal_20100816_20100506-404-gd3
#      geom : 640 480
#    reject : 0
#
#  fr    time   sum     seq       cx       cy      th      phi    lsp    mag  flag
   30  -0.033  9237 26754676  336.381   51.368  53.361   60.646  -9.71  -2.89  0000
   31   0.000  9444 26754677  338.125   60.580  50.856   61.564  -9.40  -2.58  0000
   32   0.033  7521 26754678  348.036   78.846  46.334   65.803  -9.62  -2.80  0000
   33   0.067  6241 26754679  356.317   94.926  42.614   70.043  -9.07  -2.25  0000
   34   0.100  7710 26754680  364.237  114.327  38.326   75.355  -9.18  -2.36  0000
   35   0.133  9265 26754681  369.227  135.815  33.614   81.107  -9.74  -2.92  0000
   36   0.167  6299 26754682  370.842  146.577  31.302   84.213  -8.81  -1.99  0000
   37   0.200  6904 26754683  374.503  164.831  27.808   90.991  -9.07  -2.25  0000
   38   0.234  8837 26754684  378.402  184.622  24.589  100.259  -9.29  -2.47  0000
   39   0.267  6947 26754685  383.119  202.059  22.720  110.809  -9.28  -2.46  0000
   40   0.300  8122 26754686  391.793  216.698  23.007  121.989  -9.10  -2.28  0000
   41   0.334  5739 26754687  400.665  230.837  24.215  132.232  -8.98  -2.16  0000
   42   0.367  9042 26754688  410.518  247.980  26.361  142.993  -9.30  -2.48  0000
   43   0.400  7086 26754689  417.983  263.832  28.613  151.407  -9.11  -2.29  0000
   44   0.434  7191 26754690  422.857  274.308  30.390  156.242  -9.11  -2.29  0000
   45   0.467  6169 26754691  430.523  288.560  33.395  161.813  -8.76  -1.94  0000
   46   0.501  6491 26754692  435.874  304.438  36.264  167.449  -8.79  -1.97  0000
   47   0.534  6746 26754693  439.558  316.258  38.539  171.151  -8.83  -2.01  0000
   48   0.567  5878 26754694  441.669  324.765  40.145  173.660  -8.58  -1.76  0000
   49   0.601  5405 26754695  448.068  334.322  43.007  175.504  -8.15  -1.33  0000
   50   0.634  5954 26754696  453.246  338.879  44.904  175.924  -8.03  -1.21  0000
   51   0.667  4380 26754697  458.138  342.296  46.579  176.046  -8.00  -1.18  0000
   52   0.701  5070 26754698  464.697  347.962  48.996  176.488  -7.45  -0.63  0000
   53   0.734  3949 26754699  471.351  350.431  50.981  176.065  -7.32  -0.50  0000
   54   0.767  4838 26754700  477.431  355.950  53.291  176.516  -7.20  -0.38  0000
   55   0.801  2976 26754701  484.394  359.710  55.574  176.391  -6.81   0.01  0000
