#
#   version : 20090611
#    num_fr : 17
#      time : 20140812 06:13:34.535 UTC
#      unix : 1407824014.535893
#       ntp : LOCK -434 108455 432
#       seq : 27009466
#       mul : 0 [A]
#      site : 01
#    latlon : 45.5749 -94.3965 370.0
#      text : Collegeville
#     label : 
#     plate : metal_20100816_20100506-404-gd3
#      geom : 640 480
#    reject : 0
#
#  fr    time   sum     seq       cx       cy      th      phi    lsp    mag  flag
   29  -0.400  3004 27009454  331.084   59.817  50.828   59.361  -6.20   0.62  0000
   30  -0.367  2982 27009455  331.845   60.693  50.606   59.628  -6.71   0.11  0000
   31  -0.334  3630 27009456  332.033   60.835  50.572   59.692  -7.05  -0.23  0000
   32  -0.300  3544 27009457  332.241   61.098  50.505   59.766  -7.05  -0.23  0000
   33  -0.267  3871 27009458  332.968   62.700  50.082   60.053  -7.52  -0.70  0000
   34  -0.234  3788 27009459  334.216   62.258  50.246   60.426  -7.71  -0.89  0000
   35  -0.200  4458 27009460  335.927   63.719  49.901   61.022  -8.15  -1.33  0000
   36  -0.167  5771 27009461  336.136   64.030  49.822   61.102  -8.04  -1.22  0000
   37  -0.133  4847 27009462  338.019   65.043  49.615   61.740  -8.24  -1.42  0000
   38  -0.100  5835 27009463  337.438   65.911  49.351   61.598  -8.19  -1.37  0000
   39  -0.067  6203 27009464  338.666   66.774  49.163   62.029  -8.22  -1.40  0000
   40  -0.033  5261 27009465  340.391   67.883  48.931   62.633  -8.46  -1.64  0000
   41   0.000  6435 27009466  340.756   68.129  48.880   62.763  -8.52  -1.70  0000
   42   0.033  5412 27009467  342.388   69.569  48.560   63.363  -8.48  -1.66  0000
   43   0.067  6079 27009468  342.795   70.005  48.460   63.518  -8.30  -1.48  0000
   44   0.100  3579 27009469  344.689   71.528  48.138   64.217  -8.10  -1.28  0000
   45   0.133  5293 27009470  345.255   72.678  47.854   64.472  -7.52  -0.70  0000
