#
#   version : 20090611
#    num_fr : 32
#      time : 20140812 03:04:41.238 UTC
#      unix : 1407812681.238218
#       ntp : LOCK 477 603617 279
#       seq : 26669814
#       mul : 0 [A]
#      site : 01
#    latlon : 45.5749 -94.3965 370.0
#      text : Collegeville
#     label : 
#     plate : metal_20100816_20100506-404-gd3
#      geom : 640 480
#    reject : 0
#
#  fr    time   sum     seq       cx       cy      th      phi    lsp    mag  flag
   30  -0.334  4771 26669804  351.146   88.496  43.939   67.626  -7.90  -1.08  0000
   31  -0.300  4098 26669805  356.093   98.495  41.660   70.340  -7.96  -1.14  0000
   32  -0.267  3302 26669806  361.286  108.315  39.566   73.409  -7.98  -1.16  0000
   33  -0.234  5573 26669807  368.334  119.032  37.589   77.641  -8.10  -1.28  0000
   34  -0.200  4613 26669808  374.235  128.013  36.112   81.506  -8.31  -1.49  0000
   35  -0.167  4367 26669809  381.217  140.295  34.228   86.854  -8.40  -1.58  0000
   36  -0.133  5518 26669810  387.034  151.766  32.654   92.073  -8.12  -1.30  0000
   37  -0.100  4564 26669811  393.608  162.004  31.763   97.606  -8.02  -1.20  0000
   38  -0.067  3970 26669812  398.247  170.248  31.140  102.031  -8.01  -1.19  0000
   39  -0.033  5105 26669813  409.540  182.407  31.581  110.063  -8.15  -1.33  0000
   40   0.000  5689 26669814  410.393  186.349  31.202  111.875  -7.66  -0.84  0000
   41   0.033  5521 26669815  419.535  196.034  32.133  118.069  -7.83  -1.01  0000
   42   0.067  5215 26669816  430.021  206.721  33.678  124.495  -7.82  -1.00  0000
   43   0.100  4348 26669817  437.438  216.282  34.873  129.505  -7.61  -0.79  0000
   44   0.133  4588 26669818  442.600  224.696  35.766  133.511  -7.61  -0.79  0000
   45   0.167  5225 26669819  447.567  234.415  36.735  137.832  -7.74  -0.92  0000
   46   0.200  4075 26669820  449.515  239.035  37.154  139.791  -7.69  -0.87  0000
   47   0.234  3642 26669821  455.181  250.342  38.610  144.395  -7.66  -0.84  0000
   48   0.267  3370 26669822  458.119  254.924  39.448  146.157  -7.53  -0.71  0000
   49   0.300  5458 26669823  464.118  264.402  41.280  149.578  -7.56  -0.74  0000
   50   0.334  3736 26669824  467.653  272.334  42.512  152.289  -7.86  -1.04  0000
   51   0.367  4223 26669825  472.368  280.579  44.183  154.884  -7.67  -0.85  0000
   52   0.400  3629 26669826  478.361  292.627  46.545  158.420  -7.43  -0.61  0000
   53   0.434  3692 26669827  481.341  299.040  47.819  160.183  -7.37  -0.55  0000
   54   0.467  3498 26669828  485.160  306.648  49.472  162.135  -6.55   0.27  0000
   55   0.500  3694 26669829  488.092  312.577  50.792  163.578  -6.85  -0.03  0000
   56   0.534  4424 26669830  491.197  318.913  52.236  165.047  -6.67   0.15  0000
   58   0.601  3489 26669832  496.316  328.387  54.598  167.057  -6.13   0.69  0000
   59   0.634  4489 26669833  501.056  336.055  56.731  168.506  -6.62   0.20  0000
   61   0.701  3108 26669835  504.300  348.416  59.107  171.139  -6.14   0.68  0000
   63   0.767  3011 26669837  505.305  364.361  61.558  174.649  -6.92  -0.10  0000
   67   0.901  4461 26669841  507.999  388.858  66.098  179.399  -6.85  -0.03  0000
