#
#   version : 20090611
#    num_fr : 24
#      time : 20140812 03:04:37.734 UTC
#      unix : 1407812677.734715
#       ntp : LOCK 479 598617 279
#       seq : 26669709
#       mul : 0 [A]
#      site : 01
#    latlon : 45.5749 -94.3965 370.0
#      text : Collegeville
#     label : 
#     plate : metal_20100816_20100506-404-gd3
#      geom : 640 480
#    reject : 0
#
#  fr    time   sum     seq       cx       cy      th      phi    lsp    mag  flag
   30  -0.367  3260 26669698  195.083  250.811  31.499  -36.856  -6.77   0.05  0000
   32  -0.300  4187 26669700  192.069  268.429  32.704  -44.943  -6.30   0.52  0000
   33  -0.267  3802 26669701  189.921  290.537  34.656  -54.298  -6.97  -0.15  0000
   34  -0.234  5517 26669702  187.210  296.249  35.874  -56.214  -7.39  -0.57  0000
   35  -0.200  4067 26669703  185.066  312.831  38.178  -62.063  -7.46  -0.64  0000
   36  -0.167  5907 26669704  181.024  324.753  40.692  -65.367  -7.97  -1.15  0000
   37  -0.133  3559 26669705  180.602  330.895  41.640  -67.229  -7.77  -0.95  0000
   38  -0.100  5370 26669706  174.937  346.206  45.286  -70.608  -7.81  -0.99  0000
   39  -0.067  4169 26669707  172.186  354.114  47.202  -72.185  -7.89  -1.07  0000
   40  -0.033  5040 26669708  170.265  362.415  49.041  -73.898  -7.79  -0.97  0000
   41   0.000  6830 26669709  168.403  370.691  50.917  -75.496  -7.82  -1.00  0000
   42   0.033  5686 26669710  168.068  378.395  52.400  -77.154  -7.92  -1.10  0000
   43   0.067  4235 26669711  166.711  386.045  54.147  -78.514  -8.03  -1.21  0000
   44   0.100  4553 26669712  166.427  392.291  55.428  -79.723  -8.03  -1.21  0000
   45   0.133  6779 26669713  164.373  398.239  57.058  -80.480  -8.09  -1.27  0000
   46   0.167  5255 26669714  163.941  404.972  58.527  -81.649  -7.89  -1.07  0000
   47   0.200  4563 26669715  163.320  416.463  61.090  -83.540  -8.46  -1.64  0000
   48   0.234  6237 26669716  164.083  420.792  61.878  -84.403  -8.53  -1.71  0000
   49   0.267  5027 26669717  165.198  432.500  64.286  -86.453  -8.66  -1.84  0000
   50   0.300  4269 26669718  167.451  442.446  66.172  -88.328  -8.24  -1.42  0000
   51   0.334  5394 26669719  166.986  446.777  67.294  -88.841  -7.77  -0.95  0000
   52   0.367  4800 26669720  167.935  460.324  70.439  -90.787  -8.27  -1.45  0000
   53   0.400  6110 26669721  168.187  469.110  72.617  -91.897  -8.86  -2.04  0000
   54   0.434  3816 26669722  169.653  475.464  74.000  -92.894  -8.90  -2.08  0000
