#
#   version : 20090611
#    num_fr : 29
#      time : 20140812 02:49:29.026 UTC
#      unix : 1407811769.026348
#       ntp : LOCK 598 143617 279
#       seq : 26642476
#       mul : 0 [A]
#      site : 01
#    latlon : 45.5749 -94.3965 370.0
#      text : Collegeville
#     label : 
#     plate : metal_20100816_20100506-404-gd3
#      geom : 640 480
#    reject : 0
#
#  fr    time   sum     seq       cx       cy      th      phi    lsp    mag  flag
   29  -0.567  3365 26642459  435.508   58.300  61.778   87.250  -7.75  -0.93  0000
   30  -0.534  5489 26642460  425.497   61.096  59.501   85.420  -8.23  -1.41  0000
   31  -0.501  6106 26642461  420.691   61.864  58.579   84.416  -8.28  -1.46  0000
   32  -0.467  4302 26642462  415.023   64.104  57.190   83.374  -8.23  -1.41  0000
   33  -0.434  5346 26642463  407.638   68.582  55.031   82.156  -7.96  -1.14  0000
   34  -0.400  6228 26642464  403.886   72.022  53.659   81.661  -7.92  -1.10  0000
   35  -0.367  6497 26642465  398.463   78.576  51.301   81.121  -7.75  -0.93  0000
   36  -0.334  6610 26642466  395.381   84.646  49.388   81.129  -7.80  -0.98  0000
   37  -0.300  5893 26642467  393.769   90.199  47.806   81.488  -7.68  -0.86  0000
   38  -0.267  4921 26642468  389.808   98.691  45.206   81.625  -7.42  -0.60  0000
   39  -0.234  3676 26642469  386.470  105.112  43.207   81.628  -7.83  -1.01  0000
   40  -0.200  4597 26642470  381.946  112.589  40.809   81.415  -7.86  -1.04  0000
   41  -0.167  3668 26642471  375.648  124.510  37.131   81.359  -8.09  -1.27  0000
   42  -0.133  3877 26642472  368.417  136.370  33.380   80.889  -8.02  -1.20  0000
   43  -0.100  6099 26642473  365.733  142.118  31.675   80.979  -7.99  -1.17  0000
   44  -0.067  6003 26642474  355.290  156.674  26.941   79.398  -8.02  -1.20  0000
   45  -0.033  6016 26642475  351.215  164.335  24.636   79.132  -8.08  -1.26  0000
   46   0.000  6859 26642476  344.947  184.531  19.127   81.372  -8.48  -1.66  0000
   47   0.033  5591 26642477  342.026  196.825  15.935   84.218  -8.51  -1.69  0000
   48   0.067  4945 26642478  343.720  204.921  14.414   90.004  -8.38  -1.56  0000
   49   0.100  5887 26642479  345.951  214.628  12.873   98.772  -8.05  -1.23  0000
   50   0.133  4999 26642480  349.318  220.449  12.547  106.540  -7.67  -0.85  0000
   51   0.167  5325 26642481  352.695  224.512  12.695  112.777  -7.72  -0.90  0000
   52   0.200  4019 26642482  355.723  225.125  13.313  115.153  -7.32  -0.50  0000
   53   0.234  5347 26642483  359.307  225.964  14.060  117.801  -7.53  -0.71  0000
   54   0.267  3743 26642484  362.703  225.973  14.877  119.345  -7.28  -0.46  0000
   55   0.300  4003 26642485  367.695  226.475  16.048  121.747  -7.25  -0.43  0000
   56   0.334  3551 26642486  369.634  226.210  16.554  122.206  -7.17  -0.35  0000
   57   0.367  2919 26642487  374.733  228.372  17.641  125.539  -6.81   0.01  0000
