#
#   version : 20090611
#    num_fr : 14
#      time : 20140812 02:50:38.128 UTC
#      unix : 1407811838.128756
#       ntp : LOCK 588 178617 279
#       seq : 26644547
#       mul : 0 [A]
#      site : 01
#    latlon : 45.5749 -94.3965 370.0
#      text : Collegeville
#     label : 
#     plate : metal_20100816_20100506-404-gd3
#      geom : 640 480
#    reject : 0
#
#  fr    time   sum     seq       cx       cy      th      phi    lsp    mag  flag
   29  -0.367  4154 26644536  114.366  361.820  62.893  -65.224  -7.76  -0.94  0000
   30  -0.334  4230 26644537  119.581  357.792  60.931  -64.981  -7.28  -0.46  0000
   31  -0.300  3202 26644538  124.513  353.488  59.023  -64.624  -7.83  -1.01  0000
   32  -0.267  4523 26644539  129.073  345.605  56.753  -63.350  -7.37  -0.55  0000
   33  -0.234  4803 26644540  137.853  323.261  51.729  -58.695  -7.80  -0.98  0000
   34  -0.200  3555 26644541  144.763  307.323  48.277  -54.904  -7.50  -0.68  0000
   35  -0.167  4958 26644542  149.079  298.007  46.315  -52.472  -7.34  -0.52  0000
   36  -0.133  3305 26644543  167.565  287.194  40.446  -50.520  -7.18  -0.36  0000
   37  -0.100  3283 26644544  184.564  287.009  35.812  -52.192  -6.68   0.14  0000
   38  -0.067  3448 26644545  199.374  290.551  32.164  -55.679  -7.44  -0.62  0000
   39  -0.033  4515 26644546  205.918  290.825  30.485  -56.888  -7.81  -0.99  0000
   40   0.000  5153 26644547  210.947  289.260  29.038  -57.061  -7.65  -0.83  0000
   41   0.033  5103 26644548  214.143  281.674  27.543  -53.845  -7.37  -0.55  0000
   42   0.067  3382 26644549  217.715  265.684  25.602  -45.582  -7.12  -0.30  0000
