#
#   version : 20090611
#    num_fr : 18
#      time : 20140812 06:05:32.954 UTC
#      unix : 1407823532.954621
#       ntp : LOCK -541 380557 457
#       seq : 26995033
#       mul : 0 [A]
#      site : 01
#    latlon : 45.5749 -94.3965 370.0
#      text : Collegeville
#     label : 
#     plate : metal_20100816_20100506-404-gd3
#      geom : 640 480
#    reject : 0
#
#  fr    time   sum     seq       cx       cy      th      phi    lsp    mag  flag
   30  -0.534  3550 26995017  321.137  173.038  20.126   60.878  -6.42   0.40  0000
   31  -0.500  4445 26995018  321.281  172.728  20.212   60.957  -6.58   0.24  0000
   32  -0.467  4344 26995019  321.849  172.020  20.416   61.313  -7.09  -0.27  0000
   33  -0.434  3857 26995020  320.228  170.914  20.653   60.010  -7.28  -0.46  0000
   34  -0.400  4025 26995021  320.239  170.817  20.678   60.010  -7.60  -0.78  0000
   35  -0.367  3993 26995022  320.348  169.874  20.928   60.012  -7.77  -0.95  0000
   36  -0.334  5464 26995023  318.667  169.085  21.091   58.731  -8.05  -1.23  0000
   37  -0.300  5130 26995024  318.316  168.721  21.178   58.455  -8.25  -1.43  0000
   38  -0.267  4887 26995025  317.564  167.907  21.377   57.866  -8.29  -1.47  0000
   39  -0.234  5763 26995026  318.021  166.696  21.704   58.124  -8.28  -1.46  0000
   40  -0.200  4829 26995027  317.706  166.573  21.730   57.895  -8.40  -1.58  0000
   41  -0.167  5519 26995028  316.414  165.183  22.073   56.924  -8.26  -1.44  0000
   42  -0.133  4517 26995029  316.225  164.666  22.207   56.772  -8.26  -1.44  0000
   43  -0.100  5507 26995030  315.327  163.276  22.562   56.107  -7.88  -1.06  0000
   44  -0.067  4458 26995031  315.147  163.086  22.610   55.979  -7.98  -1.16  0000
   45  -0.033  4998 26995032  314.393  161.836  22.933   55.437  -7.79  -0.97  0000
   46   0.000  7664 26995033  313.332  160.342  23.321   54.702  -8.99  -2.17  0000
   47   0.033  4402 26995034  312.440  160.251  23.342   54.113  -6.93  -0.11  0000
