#
#   version : 20090611
#    num_fr : 13
#      time : 20140812 03:17:07.717 UTC
#      unix : 1407813427.717667
#       ntp : LOCK 398 973617 279
#       seq : 26692186
#       mul : 0 [A]
#      site : 01
#    latlon : 45.5749 -94.3965 370.0
#      text : Collegeville
#     label : 
#     plate : metal_20100816_20100506-404-gd3
#      geom : 640 480
#    reject : 0
#
#  fr    time   sum     seq       cx       cy      th      phi    lsp    mag  flag
   30  -0.434  2896 26692173  440.118  216.052  35.604  129.711  -6.56   0.26  0000
   31  -0.400  3681 26692174  441.054  220.840  35.555  131.778  -7.04  -0.22  0000
   32  -0.367  3563 26692175  441.579  222.083  35.627  132.342  -6.76   0.06  0000
   33  -0.334  2624 26692176  442.370  226.007  35.640  134.037  -6.87  -0.05  0000
   34  -0.300  3328 26692177  444.022  228.499  35.977  135.192  -7.19  -0.37  0000
   35  -0.267  4190 26692178  444.646  232.637  35.990  136.947  -7.14  -0.32  0000
   36  -0.234  3941 26692179  444.829  235.130  35.961  137.993  -7.13  -0.31  0000
   37  -0.200  3737 26692180  445.225  238.667  35.979  139.484  -7.38  -0.56  0000
   39  -0.133  3918 26692182  445.184  244.317  35.873  141.847  -7.18  -0.36  0000
   40  -0.100  4703 26692183  446.305  248.818  36.151  143.744  -7.14  -0.32  0000
   41  -0.067  3095 26692184  446.112  250.651  36.097  144.507  -6.91  -0.09  0000
   42  -0.033  3790 26692185  447.020  254.407  36.366  146.064  -6.89  -0.07  0000
   43   0.000  4860 26692186  448.218  258.682  36.751  147.805  -7.31  -0.49  0000
