#
#   version : 20090611
#    num_fr : 16
#      time : 20140812 02:42:12.957 UTC
#      unix : 1407811332.957149
#       ntp : LOCK 211 938713 277
#       seq : 26629407
#       mul : 0 [A]
#      site : 01
#    latlon : 45.5749 -94.3965 370.0
#      text : Collegeville
#     label : 
#     plate : metal_20100816_20100506-404-gd3
#      geom : 640 480
#    reject : 0
#
#  fr    time   sum     seq       cx       cy      th      phi    lsp    mag  flag
   30  -0.300  2821 26629398  335.034  474.879  60.885 -131.459  -6.91  -0.09  0000
   34  -0.167  3518 26629402  325.251  451.552  53.942 -129.438  -7.25  -0.43  0000
   36  -0.100  3073 26629404  317.362  441.365  50.956 -127.282  -7.33  -0.51  0000
   37  -0.067  4847 26629405  314.271  438.219  50.055 -126.364  -7.24  -0.42  0000
   38  -0.033  4308 26629406  310.863  431.965  48.302 -125.318  -7.14  -0.32  0000
   39   0.000  5285 26629407  307.042  428.011  47.221 -124.071  -7.03  -0.21  0000
   40   0.033  4824 26629408  302.061  421.100  45.369 -122.333  -6.92  -0.10  0000
   41   0.067  3761 26629409  298.346  417.597  44.481 -120.986  -7.45  -0.63  0000
   42   0.100  3037 26629410  293.443  411.547  42.963 -119.073  -7.14  -0.32  0000
   43   0.133  3811 26629411  293.162  405.334  41.278 -118.726  -7.14  -0.32  0000
   44   0.167  3322 26629412  291.573  401.901  40.405 -117.978  -7.11  -0.29  0000
   45   0.200  3792 26629413  290.498  397.647  39.298 -117.353  -7.15  -0.33  0000
   46   0.234  4381 26629414  285.333  391.195  37.815 -114.917  -7.21  -0.39  0000
   47   0.267  3125 26629415  283.247  387.130  36.851 -113.761  -6.84  -0.02  0000
   49   0.334  4797 26629417  284.884  377.454  34.195 -113.621  -7.12  -0.30  0000
   50   0.367  4364 26629418  286.064  375.809  33.692 -113.997  -6.96  -0.14  0000
