#
#   version : 20090611
#    num_fr : 13
#      time : 20101203 04:29:39.661 UTC
#      unix : 1291350579.661373
#       ntp : LOCK -7760 910842 2689
#       seq : 6217616
#       mul : 0 [A]
#      site : 01
#    latlon : 45.5749 -94.3965 370.0
#      text : Collegeville
#     label : 
#     plate : metal_20100816_20100506-404-gd3
#      geom : 640 480
#    reject : 0
#
#  fr    time   sum     seq       cx       cy      th      phi    lsp    mag  flag
   29  -0.167  1591 6217611  338.852  402.866  40.906 -135.957  -6.50  -6.50  0000
   30  -0.133  1850 6217612  338.908  404.031  41.223 -135.898  -6.51  -6.51  0000
   31  -0.100  1922 6217613  341.418  404.317  41.428 -136.797  -6.75  -6.75  0000
   32  -0.067  2117 6217614  343.173  405.658  41.885 -137.332  -6.92  -6.92  0000
   33  -0.033  2516 6217615  343.998  406.769  42.230 -137.542  -7.36  -7.36  0000
   34   0.000  2701 6217616  345.520  407.893  42.621 -137.994  -7.49  -7.49  0000
   35   0.033  2306 6217617  348.749  408.986  43.114 -139.036  -7.39  -7.39  0000
   36   0.067  2423 6217618  348.938  409.400  43.237 -139.066  -7.42  -7.42  0000
   37   0.100  2373 6217619  350.946  410.735  43.727 -139.643  -7.33  -7.33  0000
   38   0.133  2407 6217620  353.305  411.321  44.047 -140.393  -6.99  -6.99  0000
   39   0.167  1944 6217621  353.963  412.421  44.388 -140.515  -6.95  -6.95  0000
   40   0.200  1944 6217622  355.985  413.198  44.744 -141.118  -6.70  -6.70  0000
   41   0.234  1793 6217623  357.873  414.334  45.190 -141.633  -6.34  -6.34  0000
