#
#   version : 20090611
#    num_fr : 21
#      time : 20101203 06:11:54.813 UTC
#      unix : 1291356714.813764
#       ntp : LOCK -5694 390299 4768
#       seq : 6401486
#       mul : 0 [A]
#      site : 01
#    latlon : 45.5749 -94.3965 370.0
#      text : Collegeville
#     label : 
#     plate : metal_20100816_20100506-404-gd3
#      geom : 640 480
#    reject : 0
#
#  fr    time   sum     seq       cx       cy      th      phi    lsp    mag  flag
   29  -0.567  2095 6401469  138.523  276.287  48.010  -44.948  -6.01  -6.01  0000
   32  -0.467  3036 6401472  141.085  277.827  47.344  -45.551  -6.88  -6.88  0000
   33  -0.434  2979 6401473  141.094  278.362  47.365  -45.720  -6.83  -6.83  0000
   34  -0.400  2947 6401474  143.283  279.247  46.783  -46.113  -6.77  -6.77  0000
   35  -0.367  3034 6401475  143.138  280.001  46.859  -46.346  -7.17  -7.17  0000
   36  -0.334  3520 6401476  143.464  280.487  46.790  -46.518  -7.38  -7.38  0000
   37  -0.300  3254 6401477  145.582  281.459  46.239  -46.949  -7.41  -7.41  0000
   38  -0.267  3441 6401478  145.916  282.534  46.199  -47.314  -7.66  -7.66  0000
   39  -0.234  3803 6401479  146.433  283.025  46.079  -47.504  -7.57  -7.57  0000
   40  -0.200  4114 6401480  147.852  284.072  45.736  -47.932  -7.95  -7.95  0000
   41  -0.167  4045 6401481  148.341  284.464  45.621  -48.091  -7.88  -7.88  0000
   42  -0.133  3908 6401482  149.749  285.888  45.307  -48.650  -7.99  -7.99  0000
   43  -0.100  4355 6401483  150.272  286.331  45.186  -48.831  -7.99  -7.99  0000
   44  -0.067  4391 6401484  151.440  287.749  44.946  -49.380  -8.23  -8.23  0000
   45  -0.033  4090 6401485  151.598  288.307  44.937  -49.574  -8.08  -8.08  0000
   46   0.000  4889 6401486  154.060  289.980  44.360  -50.318  -8.20  -8.20  0000
   47   0.033  4125 6401487  154.454  290.677  44.297  -50.581  -8.11  -8.11  0000
   48   0.067  4473 6401488  156.574  291.822  43.789  -51.142  -8.19  -8.19  0000
   49   0.100  4199 6401489  156.814  292.560  43.775  -51.409  -8.01  -8.01  0000
   50   0.133  3712 6401490  158.384  293.887  43.439  -51.995  -7.90  -7.90  0000
   51   0.167  3377 6401491  158.428  294.209  43.451  -52.106  -7.21  -7.21  0000
