#
#   version : 20090611
#    num_fr : 22
#      time : 20101203 07:35:21.402 UTC
#      unix : 1291361721.402873
#       ntp : LOCK -2295 847507 5271
#       seq : 6551533
#       mul : 0 [A]
#      site : 01
#    latlon : 45.5749 -94.3965 370.0
#      text : Collegeville
#     label : 
#     plate : metal_20100816_20100506-404-gd3
#      geom : 640 480
#    reject : 0
#
#  fr    time   sum     seq       cx       cy      th      phi    lsp    mag  flag
   30  -0.601  2166 6551515  479.170   85.027  64.155  100.096  -6.14  -6.14  0000
   32  -0.534  2640 6551517  481.914   84.724  64.814  100.515  -6.94  -6.94  0000
   33  -0.501  2863 6551518  482.465   84.553  64.969  100.579  -6.83  -6.83  0000
   34  -0.467  3017 6551519  485.010   83.757  65.689  100.870  -7.46  -7.46  0000
   35  -0.434  3187 6551520  485.592   83.706  65.828  100.958  -7.62  -7.62  0000
   36  -0.400  3456 6551521  488.325   83.504  66.475  101.377  -7.88  -7.88  0000
   37  -0.367  3298 6551522  488.959   83.340  66.650  101.452  -7.88  -7.88  0000
   38  -0.334  3956 6551523  491.605   82.777  67.357  101.784  -8.04  -8.04  0000
   39  -0.300  4108 6551524  492.327   82.808  67.514  101.906  -8.19  -8.19  0000
   40  -0.267  4415 6551525  493.903   82.216  67.988  102.056  -8.23  -8.23  0000
   41  -0.234  4247 6551526  495.787   82.368  68.387  102.380  -8.23  -8.23  0000
   42  -0.200  4328 6551527  496.790   81.914  68.707  102.459  -8.26  -8.26  0000
   43  -0.167  4379 6551528  497.758   81.874  68.937  102.603  -8.34  -8.34  0000
   44  -0.133  4231 6551529  500.236   81.436  69.595  102.911  -8.26  -8.26  0000
   45  -0.100  4093 6551530  501.081   81.388  69.801  103.032  -8.26  -8.26  0000
   46  -0.067  4422 6551531  503.177   81.341  70.298  103.342  -8.26  -8.26  0000
   47  -0.033  4289 6551532  503.898   81.135  70.507  103.416  -8.34  -8.34  0000
   48   0.000  5624 6551533  505.307   80.595  70.944  103.534  -8.82  -8.82  0000
   49   0.033  5530 6551534  506.857   80.799  71.270  103.799  -8.78  -8.78  0000
   50   0.067  4559 6551535  508.308   80.216  71.727  103.914  -8.24  -8.24  0000
   51   0.100  4152 6551536  509.217   79.934  71.998  103.999  -7.99  -7.99  0000
   52   0.133  3200 6551537  511.180   79.879  72.477  104.274  -7.37  -7.37  0000
