#
#   version : 20090611
#    num_fr : 22
#      time : 20140222 05:25:43.358 UTC
#      unix : 1393046743.358947
#       ntp : LOCK 889 257782 701
#       seq : 463722387
#       mul : 0 [A]
#      site : 01
#    latlon : 45.5749 -94.3965 370.0
#      text : Collegeville
#     label : 
#     plate : metal_20100816_20100506-404-gd3
#      geom : 640 480
#    reject : 0
#
#  fr    time   sum     seq       cx       cy      th      phi    lsp    mag  flag
   30  -0.300  1914 463722378  172.307  240.680  37.934  -32.840  -5.80   1.02  0000
   31  -0.267  2191 463722379  171.632  241.332  38.112  -33.116  -6.34   0.48  0000
   32  -0.234  2066 463722380  170.646  241.913  38.380  -33.370  -6.19   0.63  0000
   33  -0.200  2363 463722381  170.339  242.240  38.461  -33.505  -6.47   0.35  0000
   34  -0.167  2691 463722382  168.809  243.505  38.875  -34.030  -6.71   0.11  0000
   35  -0.133  2624 463722383  166.774  243.255  39.451  -33.976  -6.70   0.12  0000
   36  -0.100  3005 463722384  165.845  244.138  39.703  -34.329  -7.10  -0.28  0000
   37  -0.067  3127 463722385  165.224  244.882  39.871  -34.621  -7.54  -0.72  0000
   38  -0.033  3291 463722386  164.183  245.958  40.156  -35.041  -7.48  -0.66  0000
   39   0.000  3352 463722387  163.734  245.954  40.283  -35.045  -7.52  -0.70  0000
   40   0.033  2949 463722388  161.985  246.746  40.772  -35.360  -7.37  -0.55  0000
   41   0.067  3102 463722389  161.099  247.665  41.019  -35.707  -7.51  -0.69  0000
   42   0.100  3198 463722390  160.776  247.981  41.109  -35.825  -7.47  -0.65  0000
   43   0.133  3146 463722391  159.567  248.548  41.450  -36.040  -7.36  -0.54  0000
   44   0.167  3303 463722392  157.626  249.267  41.999  -36.311  -7.44  -0.62  0000
   45   0.200  2855 463722393  156.751  249.927  42.248  -36.550  -7.15  -0.33  0000
   46   0.234  2888 463722394  155.467  250.958  42.614  -36.919  -7.12  -0.30  0000
   47   0.267  2748 463722395  154.840  251.075  42.792  -36.960  -6.97  -0.15  0000
   48   0.300  2481 463722396  153.585  252.025  43.152  -37.293  -6.41   0.41  0000
   49   0.334  2124 463722397  153.575  251.864  43.155  -37.237  -5.85   0.97  0000
   50   0.367  2216 463722398  151.933  252.990  43.627  -37.624  -6.05   0.77  0000
   51   0.400  2245 463722399  150.861  253.574  43.936  -37.820  -6.01   0.81  0000
