#
#   version : 20090611
#    num_fr : 16
#      time : 20131001 13:06:36.436 UTC
#      unix : 1380632796.436350
#       ntp : LOCK -292 946582 502
#       seq : 91685156
#       mul : 0 [A]
#      site : 01
#    latlon : 45.5749 -94.3965 370.0
#      text : Collegeville
#     label : 
#     plate : metal_20100816_20100506-404-gd3
#      geom : 640 480
#    reject : 0
#
#  fr    time   sum     seq       cx       cy      th      phi    lsp    mag  flag
   29  -0.467  1814 91685142  464.678  360.611  50.950  179.734  -8.06  -1.24  0000
   30  -0.434  1764 91685143  454.684  366.447  49.634 -177.013  -7.90  -1.08  0000
   31  -0.400  1995 91685144  443.942  372.522  48.388 -173.387  -8.24  -1.42  0000
   32  -0.367  1920 91685145  433.069  378.918  47.399 -169.489  -8.17  -1.35  0000
   33  -0.334  2187 91685146  424.005  384.332  46.778 -166.112  -8.52  -1.70  0000
   34  -0.300  2408 91685147  413.966  390.543  46.344 -162.242  -8.69  -1.87  0000
   35  -0.267  2603 91685148  407.344  394.647  46.184 -159.656  -8.69  -1.87  0000
   36  -0.234  2484 91685149  391.800  404.302  46.206 -153.549  -8.71  -1.89  0000
   37  -0.200  2492 91685150  385.354  408.244  46.362 -151.038  -8.69  -1.87  0000
   38  -0.167  1763 91685151  372.189  416.676  47.069 -145.935  -8.25  -1.43  0000
   39  -0.133  2226 91685152  353.684  428.602  48.730 -139.071  -8.35  -1.53  0000
   40  -0.100  2053 91685153  347.192  432.681  49.454 -136.784  -8.21  -1.39  0000
   41  -0.067  1824 91685154  333.339  441.009  51.168 -132.141  -8.21  -1.39  0000
   42  -0.033  2120 91685155  312.197  453.335  54.336 -125.657  -8.46  -1.64  0000
   43   0.000  3066 91685156  303.423  458.638  55.919 -123.183  -8.67  -1.85  0000
   44   0.033  2169 91685157  280.383  471.200  60.220 -117.255  -8.77  -1.95  0000
