#
#   version : 20090611
#    num_fr : 13
#      time : 20131008 02:03:49.647 UTC
#      unix : 1381197829.647029
#       ntp : LOCK -3256 198058 1025
#       seq : 108618831
#       mul : 0 [A]
#      site : 01
#    latlon : 45.5749 -94.3965 370.0
#      text : Collegeville
#     label : 
#     plate : metal_20100816_20100506-404-gd3
#      geom : 640 480
#    reject : 0
#
#  fr    time   sum     seq       cx       cy      th      phi    lsp    mag  flag
   29  -0.167  2463 108618826  365.722  378.460  36.664 -148.997  -7.12  -0.30  0000
   30  -0.133  3501 108618827  366.042  380.547  37.218 -148.777  -7.95  -1.13  0000
   31  -0.100  3723 108618828  365.468  382.360  37.610 -148.271  -8.21  -1.39  0000
   32  -0.067  4074 108618829  364.658  384.289  38.009 -147.669  -8.30  -1.48  0000
   33  -0.033  3852 108618830  363.930  386.932  38.602 -147.006  -8.37  -1.55  0000
   34   0.000  4960 108618831  363.716  388.951  39.093 -146.637  -8.68  -1.86  0000
   35   0.033  4638 108618832  363.086  391.356  39.645 -146.074  -8.75  -1.93  0000
   36   0.067  4628 108618833  362.949  393.681  40.227 -145.713  -8.71  -1.89  0000
   37   0.100  4568 108618834  361.963  395.983  40.727 -145.063  -8.64  -1.82  0000
   38   0.133  4077 108618835  361.680  398.007  41.224 -144.710  -8.21  -1.39  0000
   39   0.167  3234 108618836  361.395  400.312  41.795 -144.330  -7.99  -1.17  0000
   40   0.200  2511 108618837  361.391  402.280  42.307 -144.097  -7.29  -0.47  0000
   41   0.234  2025 108618838  360.448  403.974  42.667 -143.578  -6.62   0.20  0000
