#
#   version : 20090611
#    num_fr : 22
#      time : 20131008 03:52:25.588 UTC
#      unix : 1381204345.588626
#       ntp : LOCK -3074 912837 941
#       seq : 108814111
#       mul : 0 [A]
#      site : 01
#    latlon : 45.5749 -94.3965 370.0
#      text : Collegeville
#     label : 
#     plate : metal_20100816_20100506-404-gd3
#      geom : 640 480
#    reject : 0
#
#  fr    time   sum     seq       cx       cy      th      phi    lsp    mag  flag
   30  -0.667  1384 108814091  361.116  236.197  13.566  128.779  -5.77   1.05  0000
   33  -0.567  1640 108814094  365.994  237.796  14.730  131.661  -6.13   0.69  0000
   34  -0.534  1645 108814095  369.165  237.680  15.564  132.222  -6.21   0.61  0000
   35  -0.500  1986 108814096  370.638  238.404  15.913  133.173  -6.33   0.49  0000
   36  -0.467  2159 108814097  374.566  238.681  16.933  134.083  -6.54   0.28  0000
   37  -0.434  2198 108814098  374.457  239.624  16.863  134.882  -6.78   0.04  0000
   38  -0.400  1857 108814099  377.193  239.742  17.582  135.363  -6.49   0.33  0000
   39  -0.367  1959 108814100  378.484  239.850  17.920  135.620  -6.62   0.20  0000
   40  -0.334  1787 108814101  381.477  240.996  18.673  136.885  -6.65   0.17  0000
   41  -0.300  2292 108814102  384.592  241.308  19.494  137.432  -6.89  -0.07  0000
   42  -0.267  1962 108814103  385.463  241.591  19.717  137.724  -6.36   0.46  0000
   43  -0.234  2031 108814104  387.885  242.101  20.350  138.299  -6.85  -0.03  0000
   44  -0.200  1830 108814105  390.591  242.725  21.059  138.941  -6.43   0.39  0000
   45  -0.167  2065 108814106  392.946  243.187  21.680  139.411  -6.70   0.12  0000
   46  -0.133  2096 108814107  395.779  243.447  22.436  139.747  -6.72   0.10  0000
   47  -0.100  2001 108814108  396.758  243.853  22.691  140.065  -6.80   0.02  0000
   48  -0.067  2536 108814109  399.349  244.294  23.381  140.470  -7.47  -0.65  0000
   49  -0.033  2322 108814110  401.555  244.879  23.966  140.928  -7.30  -0.48  0000
   50   0.000  2655 108814111  404.776  245.421  24.829  141.371  -7.42  -0.60  0000
   51   0.033  2425 108814112  405.215  245.739  24.944  141.575  -7.05  -0.23  0000
   52   0.067  1673 108814113  408.044  246.699  25.699  142.214  -6.46   0.36  0000
   53   0.100  1601 108814114  410.640  245.770  26.412  141.746  -5.72   1.10  0000
