#
#   version : 20090611
#    num_fr : 17
#      time : 20140904 01:55:22.795 UTC
#      unix : 1409795722.795562
#       ntp : LOCK 2026 215101 4478
#       seq : 42430741
#       mul : 0 [A]
#      site : 01
#    latlon : 45.5749 -94.3965 370.0
#      text : Collegeville
#     label : 
#     plate : metal_20100816_20100506-404-gd3
#      geom : 640 480
#    reject : 0
#
#  fr    time   sum     seq       cx       cy      th      phi    lsp    mag  flag
   30  -0.033  4734 42430740  437.192  447.066  63.447 -158.375  -8.25  -1.43  0000
   31   0.000  6327 42430741  418.117  443.282  59.549 -154.753  -8.76  -1.94  0000
   32   0.033  4623 42430742  403.713  437.817  56.168 -152.040  -9.05  -2.23  0000
   33   0.067  5458 42430743  388.985  421.163  50.065 -150.312  -9.01  -2.19  0000
   34   0.100  3976 42430744  395.790  405.732  47.094 -154.480  -8.31  -1.49  0000
   35   0.133  5531 42430745  407.816  395.690  46.498 -159.590  -8.65  -1.83  0000
   36   0.167  6262 42430746  412.441  393.513  46.753 -161.254  -8.56  -1.74  0000
   37   0.200  5473 42430747  417.677  391.639  47.222 -162.996  -8.55  -1.73  0000
   38   0.234  4989 42430748  421.000  390.941  47.651 -163.985  -8.43  -1.61  0000
   39   0.267  5355 42430749  422.732  387.505  47.219 -165.124  -8.22  -1.40  0000
   40   0.300  5140 42430750  423.930  385.732  47.060 -165.796  -8.34  -1.52  0000
   41   0.334  4912 42430751  423.444  381.496  46.079 -166.587  -8.31  -1.49  0000
   42   0.367  4928 42430752  423.898  379.599  45.769 -167.120  -8.01  -1.19  0000
   43   0.400  4496 42430753  422.208  375.477  44.602 -167.627  -7.73  -0.91  0000
   44   0.434  3896 42430754  421.285  371.676  43.654 -168.280  -7.32  -0.50  0000
   45   0.467  4470 42430755  420.617  368.042  42.796 -168.986  -6.71   0.11  0000
   46   0.501  3517 42430756  417.912  365.454  41.759 -168.917  -7.59  -0.77  0000
