#
#   version : 20090611
#    num_fr : 18
#      time : 20140904 01:54:07.286 UTC
#      unix : 1409795647.286628
#       ntp : LOCK 2066 175101 4478
#       seq : 42428478
#       mul : 0 [A]
#      site : 01
#    latlon : 45.5749 -94.3965 370.0
#      text : Collegeville
#     label : 
#     plate : metal_20100816_20100506-404-gd3
#      geom : 640 480
#    reject : 0
#
#  fr    time   sum     seq       cx       cy      th      phi    lsp    mag  flag
   30  -0.434  1975 42428465  411.210  477.334  67.592 -149.354  -6.72   0.10  0000
   31  -0.400  5326 42428466  404.105  473.588  65.704 -148.185  -8.67  -1.85  0000
   33  -0.334  3473 42428468  392.229  447.322  57.249 -148.068  -8.30  -1.48  0000
   35  -0.267  4163 42428470  384.173  419.902  49.180 -149.108  -8.41  -1.59  0000
   36  -0.234  4414 42428471  376.908  409.890  45.805 -148.231  -8.04  -1.22  0000
   37  -0.200  3358 42428472  366.414  398.832  41.884 -146.253  -7.33  -0.51  0000
   38  -0.167  4379 42428473  363.262  395.965  40.843 -145.526  -8.52  -1.70  0000
   39  -0.133  4773 42428474  353.223  387.516  37.776 -142.866  -8.28  -1.46  0000
   40  -0.100  5014 42428475  347.938  379.595  35.306 -141.697  -8.02  -1.20  0000
   41  -0.067  5107 42428476  346.097  375.259  34.044 -141.442  -8.23  -1.41  0000
   42  -0.033  5370 42428477  344.300  367.971  32.026 -141.563  -8.40  -1.58  0000
   43   0.000  6537 42428478  342.258  357.648  29.221 -142.009  -7.65  -0.83  0000
   44   0.033  4769 42428479  341.690  347.586  26.616 -143.305  -7.19  -0.37  0000
   45   0.067  4484 42428480  340.506  343.236  25.420 -143.409  -7.52  -0.70  0000
   46   0.100  4519 42428481  336.647  335.532  23.170 -142.512  -7.92  -1.10  0000
   47   0.133  5979 42428482  332.269  327.679  20.861 -141.084  -7.27  -0.45  0000
   48   0.167  4776 42428483  330.186  315.415  17.616 -142.099  -7.70  -0.88  0000
   49   0.200  3470 42428484  328.542  309.459  16.000 -142.158  -7.89  -1.07  0000
