#
#   version : 20090611
#    num_fr : 19
#      time : 20140904 01:51:57.223 UTC
#      unix : 1409795517.223067
#       ntp : LOCK 1665 632184 4787
#       seq : 42424580
#       mul : 0 [A]
#      site : 01
#    latlon : 45.5749 -94.3965 370.0
#      text : Collegeville
#     label : 
#     plate : metal_20100816_20100506-404-gd3
#      geom : 640 480
#    reject : 0
#
#  fr    time   sum     seq       cx       cy      th      phi    lsp    mag  flag
   29  -0.133  6163 42424576  481.880  101.148  61.598  103.538  -9.48  -2.66  0000
   30  -0.100  6480 42424577  463.620   99.698  57.883   99.973  -9.56  -2.74  0000
   31  -0.067  7808 42424578  456.677   98.144  56.754   98.315  -9.62  -2.80  0000
   32  -0.033  6981 42424579  428.722   97.709  51.495   92.080  -9.41  -2.59  0000
   33   0.000  9219 42424580  415.535   96.716  49.472   88.588  -9.81  -2.99  0000
   34   0.033  8692 42424581  404.732   97.042  47.706   85.723  -9.86  -3.04  0000
   35   0.067  6365 42424582  391.552   93.747  46.643   81.376  -9.60  -2.78  0000
   36   0.100  6873 42424583  380.106   87.895  46.713   77.062  -9.44  -2.62  0000
   37   0.133  8358 42424584  369.884   81.423  47.329   73.098  -9.50  -2.68  0000
   38   0.167  8312 42424585  357.619   74.312  48.191   68.544  -9.27  -2.45  0000
   39   0.200  6952 42424586  346.918   63.915  50.343   64.450  -9.02  -2.20  0000
   40   0.234  8286 42424587  334.090   62.133  50.276   60.381  -9.80  -2.98  0000
   41   0.267  7439 42424588  313.462   51.718  52.842   53.823  -9.37  -2.55  0000
   42   0.300  6333 42424589  307.027   47.181  54.150   51.908  -9.47  -2.65  0000
   43   0.334  7280 42424590  291.066   37.608  57.189   47.478  -9.54  -2.72  0000
   44   0.367  3437 42424591  262.335   23.374  62.679   40.414  -5.34   1.48  0000
   45   0.400  6314 42424592  262.705   21.861  63.086   40.581  -9.29  -2.47  0000
   46   0.434  5841 42424593  251.564    8.703  67.681   38.570  -8.65  -1.83  0000
   47   0.467  5401 42424594  246.337    4.361  69.363   37.605  -7.88  -1.06  0000
