#
#   version : 20090611
#    num_fr : 22
#      time : 20140904 02:48:44.199 UTC
#      unix : 1409798924.199791
#       ntp : LOCK 925 771015 3925
#       seq : 42526685
#       mul : 0 [A]
#      site : 01
#    latlon : 45.5749 -94.3965 370.0
#      text : Collegeville
#     label : 
#     plate : metal_20100816_20100506-404-gd3
#      geom : 640 480
#    reject : 0
#
#  fr    time   sum     seq       cx       cy      th      phi    lsp    mag  flag
   30  -0.567  4280 42526668  542.188  409.121  78.417  178.983  -7.99  -1.17  0000
   31  -0.534  6062 42526669  535.646  407.679  76.429  179.470  -8.22  -1.40  0000
   32  -0.501  5786 42526670  528.900  403.983  74.018  179.607  -8.23  -1.41  0000
   33  -0.467  5460 42526671  527.082  401.040  73.034  179.296  -8.22  -1.40  0000
   34  -0.434  5778 42526672  523.010  387.865  69.766  177.326  -8.04  -1.22  0000
   35  -0.400  5491 42526673  521.182  383.314  68.560  176.659  -7.96  -1.14  0000
   36  -0.367  5023 42526674  519.734  369.314  66.054  173.999  -7.86  -1.04  0000
   37  -0.334  3578 42526675  518.241  356.085  63.824  171.336  -7.49  -0.67  0000
   38  -0.300  4785 42526676  518.740  351.415  63.356  170.250  -7.55  -0.73  0000
   39  -0.267  3842 42526677  517.355  337.703  61.342  167.252  -7.40  -0.58  0000
   40  -0.234  3419 42526678  515.555  319.736  59.016  163.062  -7.30  -0.48  0000
   42  -0.167  3842 42526680  511.527  299.735  56.290  158.189  -7.14  -0.32  0000
   44  -0.100  4740 42526682  506.348  291.473  54.301  156.246  -7.43  -0.61  0000
   45  -0.067  4565 42526683  505.065  289.090  53.802  155.650  -7.55  -0.73  0000
   46  -0.033  5459 42526684  503.631  287.591  53.314  155.303  -7.16  -0.34  0000
   47   0.000  6367 42526685  498.204  283.055  51.544  154.266  -7.14  -0.32  0000
   48   0.033  4570 42526686  493.565  278.987  50.045  153.271  -6.85  -0.03  0000
   49   0.067  3557 42526687  491.350  275.627  49.282  152.341  -6.98  -0.16  0000
   50   0.100  4282 42526688  489.011  273.834  48.553  151.878  -6.90  -0.08  0000
   52   0.167  5513 42526690  479.842  266.988  45.750  149.994  -6.61   0.21  0000
   54   0.234  3323 42526692  471.296  264.969  43.298  149.562  -7.48  -0.66  0000
   58   0.367  4097 42526696  463.912  269.888  41.385  151.584  -6.37   0.45  0000
