#
#   version : 20090611
#    num_fr : 19
#      time : 20140904 02:03:41.027 UTC
#      unix : 1409796221.027686
#       ntp : LOCK 1797 460101 4478
#       seq : 42445672
#       mul : 0 [A]
#      site : 01
#    latlon : 45.5749 -94.3965 370.0
#      text : Collegeville
#     label : 
#     plate : metal_20100816_20100506-404-gd3
#      geom : 640 480
#    reject : 0
#
#  fr    time   sum     seq       cx       cy      th      phi    lsp    mag  flag
   29   0.000  7970 42445672   84.626  428.010  82.089  -73.577  -9.35  -2.53  0000
   30   0.033  4172 42445673   87.715  421.934  80.080  -73.007  -9.00  -2.18  0000
   31   0.067  5133 42445674   91.555  416.137  77.957  -72.547  -8.54  -1.72  0000
   32   0.100  5439 42445675   96.233  412.393  76.023  -72.507  -8.64  -1.82  0000
   33   0.133  4832 42445676  100.265  410.050  74.534  -72.620  -7.98  -1.16  0000
   34   0.167  7140 42445677  104.937  403.406  72.109  -72.079  -8.10  -1.28  0000
   35   0.200  4223 42445678  109.927  399.420  70.108  -72.024  -8.58  -1.76  0000
   36   0.234  3437 42445679  114.391  396.134  68.385  -72.024  -8.73  -1.91  0000
   37   0.267  3885 42445680  125.674  387.440  64.021  -71.949  -6.98  -0.16  0000
   38   0.300  3706 42445681  134.542  383.319  61.115  -72.436  -7.26  -0.44  0000
   39   0.334  5749 42445682  139.661  381.447  59.543  -72.841  -7.78  -0.96  0000
   41   0.400  3990 42445684  152.316  376.020  55.574  -73.764  -8.64  -1.82  0000
   43   0.467  5114 42445686  162.368  370.146  52.201  -74.236  -6.91  -0.09  0000
   44   0.500  3500 42445687  167.006  367.919  50.744  -74.586  -7.63  -0.81  0000
   45   0.534  2620 42445688  170.577  365.480  49.501  -74.698  -7.33  -0.51  0000
   47   0.601  5049 42445690  174.150  366.216  48.823  -75.581  -7.16  -0.34  0000
   48   0.634  3634 42445691  177.071  366.236  48.175  -76.182  -7.51  -0.69  0000
   49   0.667  3160 42445692  181.791  367.289  47.330  -77.431  -7.87  -1.05  0000
   51   0.734  2511 42445694  186.853  370.065  46.767  -79.208  -8.17  -1.35  0000
