#
#   version : 20090611
#    num_fr : 19
#      time : 20140904 02:56:25.561 UTC
#      unix : 1409799385.561451
#       ntp : LOCK 826 1001015 3925
#       seq : 42540512
#       mul : 0 [A]
#      site : 01
#    latlon : 45.5749 -94.3965 370.0
#      text : Collegeville
#     label : 
#     plate : metal_20100816_20100506-404-gd3
#      geom : 640 480
#    reject : 0
#
#  fr    time   sum     seq       cx       cy      th      phi    lsp    mag  flag
   29  -0.033  4972 42540511   64.781  414.363  85.021  -69.288  -8.83  -2.01  0000
   30   0.000  5613 42540512   74.573  419.261  83.152  -71.087  -8.74  -1.92  0000
   31   0.033  3788 42540513   77.535  420.786  82.619  -71.652  -8.58  -1.76  0000
   32   0.067  3577 42540514   84.512  422.524  81.052  -72.720  -8.63  -1.81  0000
   33   0.100  4729 42540515   90.859  421.221  79.109  -73.273  -7.33  -0.51  0000
   34   0.133  4977 42540516   93.791  422.233  78.534  -73.792  -7.43  -0.61  0000
   35   0.167  4756 42540517   97.228  422.411  77.675  -74.249  -7.64  -0.82  0000
   36   0.200  4126 42540518  101.673  422.394  76.529  -74.816  -7.34  -0.52  0000
   37   0.234  4342 42540519  109.476  423.122  74.709  -75.969  -8.12  -1.30  0000
   39   0.300  5009 42540521  117.308  422.101  72.581  -76.896  -7.93  -1.11  0000
   40   0.334  2731 42540522  124.383  419.859  70.431  -77.561  -6.61   0.21  0000
   42   0.400  5248 42540524  131.907  417.712  68.230  -78.350  -7.38  -0.56  0000
   43   0.434  4518 42540525  137.603  416.182  66.608  -78.995  -7.15  -0.33  0000
   44   0.467  3809 42540526  141.844  415.908  65.592  -79.641  -7.19  -0.37  0000
   47   0.567  4159 42540529  156.463  411.051  61.379  -81.339  -6.50   0.32  0000
   50   0.667  3230 42540532  167.378  408.082  58.463  -82.872  -5.86   0.96  0000
   51   0.701  4444 42540533  174.778  406.740  56.677  -84.114  -5.79   1.03  0000
   53   0.767  3199 42540535  183.044  405.304  54.746  -85.601  -6.38   0.44  0000
   54   0.801  3614 42540536  186.426  406.007  54.256  -86.468  -6.63   0.19  0000
