#
#   version : 20090611
#    num_fr : 17
#      time : 20140904 02:00:18.858 UTC
#      unix : 1409796018.858626
#       ntp : LOCK 1887 360101 4478
#       seq : 42439614
#       mul : 0 [A]
#      site : 01
#    latlon : 45.5749 -94.3965 370.0
#      text : Collegeville
#     label : 
#     plate : metal_20100816_20100506-404-gd3
#      geom : 640 480
#    reject : 0
#
#  fr    time   sum     seq       cx       cy      th      phi    lsp    mag  flag
   30   0.000  5465 42439614  418.106   52.649  60.507   82.601  -6.55   0.27  0000
   31   0.033  4193 42439615  416.595   55.895  59.471   82.663  -7.12  -0.30  0000
   32   0.067  4846 42439616  412.227   58.940  58.087   82.016  -7.10  -0.28  0000
   33   0.100  3805 42439617  407.280   59.840  57.185   80.922  -7.47  -0.65  0000
   34   0.133  3052 42439618  403.390   60.508  56.503   80.035  -7.24  -0.42  0000
   35   0.167  4132 42439619  395.365   61.023  55.371   78.039  -7.50  -0.68  0000
   36   0.200  3493 42439620  390.618   62.019  54.557   76.901  -7.40  -0.58  0000
   37   0.234  3493 42439621  382.686   64.495  53.040   75.017  -7.05  -0.23  0000
   38   0.267  3408 42439622  380.590   66.234  52.366   74.619  -7.19  -0.37  0000
   39   0.300  4293 42439623  376.032   70.246  50.852   73.743  -7.36  -0.54  0000
   41   0.367  4457 42439625  366.285   74.987  48.700   71.309  -6.97  -0.15  0000
   45   0.500  3914 42439629  347.293   57.286  52.192   64.169  -6.71   0.11  0000
   47   0.567  3051 42439631  337.352   39.399  56.772   60.466  -6.97  -0.15  0000
   49   0.634  3910 42439633  328.569   27.825  59.836   57.724  -7.16  -0.34  0000
   50   0.667  4042 42439634  322.499   22.146  61.375   56.011  -6.88  -0.06  0000
   51   0.701  3464 42439635  314.656   19.695  62.029   53.944  -7.27  -0.45  0000
   54   0.801  3576 42439638  286.140   12.938  64.479   46.748  -6.29   0.53  0000
