#
#   version : 20090611
#    num_fr : 16
#      time : 20140408 01:58:54.076 UTC
#      unix : 1396922334.076260
#       ntp : LOCK 1361 593090 1915
#       seq : 37585321
#       mul : 0 [A]
#      site : 01
#    latlon : 45.5749 -94.3965 370.0
#      text : Collegeville
#     label : 
#     plate : metal_20100816_20100506-404-gd3
#      geom : 640 480
#    reject : 0
#
#  fr    time   sum     seq       cx       cy      th      phi    lsp    mag  flag
   29  -0.234  4450 37585314  294.081  211.414  11.026   28.535  -7.25  -0.43  0000
   30  -0.200  4188 37585315  305.553  195.423  14.221   47.092  -7.26  -0.44  0000
   31  -0.167  5449 37585316  307.320  191.773  15.122   49.274  -7.47  -0.65  0000
   32  -0.133  4101 37585317  318.156  175.514  19.397   58.782  -7.63  -0.81  0000
   33  -0.100  4854 37585318  324.755  167.454  21.716   62.924  -7.58  -0.76  0000
   34  -0.067  5180 37585319  330.993  157.531  24.595   65.786  -8.00  -1.18  0000
   35  -0.033  4088 37585320  337.904  145.525  28.119   68.124  -8.01  -1.19  0000
   36   0.000  5634 37585321  344.690  137.383  30.702   70.421  -8.03  -1.21  0000
   37   0.033  4420 37585322  350.986  125.850  34.163   71.665  -8.09  -1.27  0000
   38   0.067  5100 37585323  357.084  119.847  36.233   73.365  -7.93  -1.11  0000
   39   0.100  4747 37585324  362.344  111.763  38.787   74.272  -7.77  -0.95  0000
   40   0.133  3986 37585325  368.984  104.799  41.223   75.708  -8.03  -1.21  0000
   41   0.167  4465 37585326  374.597   96.097  44.024   76.410  -7.80  -0.98  0000
   42   0.200  4612 37585327  382.628   87.363  47.135   77.764  -7.76  -0.94  0000
   43   0.234  3175 37585328  392.292   75.871  51.195   79.052  -7.58  -0.76  0000
   44   0.267  2665 37585329  399.227   69.211  53.753   80.064  -7.25  -0.43  0000
