#
#   version : 20090611
#    num_fr : 49
#      time : 20121115 23:49:30.670 UTC
#      unix : 1353023370.670456
#       ntp : LOCK 852 532447 897
#       seq : 15681225
#       mul : 0 [A]
#      site : 01
#    latlon : 45.5749 -94.3965 370.0
#      text : Collegeville
#     label : 
#     plate : metal_20100816_20100506-404-gd3
#      geom : 640 480
#    reject : 0
#
#  fr    time   sum     seq       cx       cy      th      phi    lsp    mag  flag
   30  -1.468  2856 15681181  474.510  149.665  51.736  113.107  -6.19   0.63  0000
   31  -1.435  4440 15681182  475.038  148.827  51.987  112.978  -6.96  -0.14  0000
   32  -1.401  3120 15681183  475.978  147.724  52.379  112.848  -6.74   0.08  0000
   33  -1.368  4324 15681184  476.167  146.927  52.543  112.678  -7.39  -0.57  0000
   34  -1.335  3860 15681185  475.988  146.603  52.546  112.569  -7.34  -0.52  0000
   35  -1.301  3333 15681186  476.926  146.029  52.861  112.574  -7.53  -0.71  0000
   36  -1.268  3989 15681187  477.026  145.690  52.936  112.505  -7.84  -1.02  0000
   37  -1.235  3870 15681188  477.173  144.187  53.195  112.158  -7.94  -1.12  0000
   38  -1.201  6241 15681189  477.392  143.885  53.294  112.118  -7.73  -0.91  0000
   39  -1.168  3630 15681190  477.864  142.966  53.547  111.968  -7.97  -1.15  0000
   40  -1.134  3809 15681191  478.895  142.171  53.919  111.938  -8.20  -1.38  0000
   41  -1.101  4388 15681192  479.259  141.884  54.051  111.926  -8.13  -1.31  0000
   42  -1.068  4492 15681193  479.248  141.596  54.092  111.854  -8.13  -1.31  0000
   43  -1.034  3448 15681194  479.989  140.621  54.421  111.736  -8.19  -1.37  0000
   44  -1.001  4765 15681195  480.832  140.025  54.718  111.726  -8.05  -1.23  0000
   45  -0.968  4094 15681196  481.204  138.912  54.978  111.520  -8.04  -1.22  0000
   46  -0.934  5418 15681197  481.214  138.075  55.109  111.323  -7.94  -1.12  0000
   47  -0.901  4388 15681198  481.296  137.912  55.154  111.298  -7.82  -1.00  0000
   48  -0.868  4910 15681199  481.462  137.007  55.334  111.111  -7.82  -1.00  0000
   49  -0.834  6504 15681200  482.159  136.108  55.643  111.011  -7.93  -1.11  0000
   50  -0.801  3716 15681201  482.940  135.255  55.966  110.935  -7.77  -0.95  0000
   51  -0.767  3612 15681202  483.216  134.774  56.108  110.867  -7.59  -0.77  0000
   52  -0.734  5093 15681203  484.137  133.925  56.466  110.815  -7.76  -0.94  0000
   53  -0.701  3710 15681204  484.878  132.965  56.797  110.711  -7.58  -0.76  0000
   54  -0.667  4559 15681205  484.902  132.924  56.809  110.705  -7.54  -0.72  0000
   55  -0.634  3948 15681206  484.240  131.587  56.859  110.299  -7.36  -0.54  0000
   56  -0.601  4104 15681207  485.395  130.838  57.259  110.310  -7.49  -0.67  0000
   57  -0.567  4493 15681208  486.225  129.838  57.620  110.214  -7.59  -0.77  0000
   58  -0.534  4307 15681209  486.293  129.091  57.756  110.058  -7.66  -0.84  0000
   59  -0.501  4273 15681210  486.433  128.824  57.833  110.021  -7.66  -0.84  0000
   60  -0.467  2993 15681211  487.368  127.917  58.206  109.964  -7.83  -1.01  0000
   61  -0.434  4590 15681212  488.153  126.942  58.554  109.871  -7.55  -0.73  0000
   62  -0.400  6137 15681213  488.212  126.836  58.585  109.857  -7.59  -0.77  0000
   63  -0.367  3663 15681214  487.390  125.895  58.538  109.524  -7.40  -0.58  0000
   64  -0.334  4041 15681215  488.435  124.939  58.947  109.478  -6.57   0.25  0000
   66  -0.267  4590 15681217  490.112  123.255  59.630  109.372  -7.21  -0.39  0000
   67  -0.234  6202 15681218  490.268  122.964  59.715  109.334  -7.87  -1.05  0000
   68  -0.200  4319 15681219  491.263  122.063  60.105  109.294  -7.62  -0.80  0000
   69  -0.167  5006 15681220  491.264  121.897  60.133  109.259  -7.26  -0.44  0000
   70  -0.133  3637 15681221  491.197  120.946  60.274  109.047  -7.12  -0.30  0000
   71  -0.100  3665 15681222  491.671  120.852  60.404  109.099  -6.70   0.12  0000
   72  -0.067  4723 15681223  491.582  118.926  60.703  108.681  -6.94  -0.12  0000
   73  -0.033  6111 15681224  491.775  118.914  60.752  108.708  -7.89  -1.07  0000
   74   0.000  8849 15681225  492.744  117.979  61.143  108.661  -8.80  -1.98  0000
   75   0.033  4208 15681226  493.001  117.416  61.300  108.584  -8.19  -1.37  0000
   76   0.067  4371 15681227  493.658  116.986  61.531  108.595  -7.62  -0.80  0000
   77   0.100  3974 15681228  494.376  115.927  61.884  108.485  -7.34  -0.52  0000
   78   0.133  5385 15681229  495.226  114.860  62.270  108.396  -7.06  -0.24  0000
   79   0.167  4687 15681230  495.438  114.966  62.304  108.449  -7.18  -0.36  0000
