#
#   version : 20090611
#    num_fr : 41
#      time : 20121115 11:18:49.636 UTC
#      unix : 1352978329.636656
#       ntp : LOCK -99 372196 680
#       seq : 14331350
#       mul : 0 [A]
#      site : 01
#    latlon : 45.5749 -94.3965 370.0
#      text : Collegeville
#     label : 
#     plate : metal_20100816_20100506-404-gd3
#      geom : 640 480
#    reject : 0
#
#  fr    time   sum     seq       cx       cy      th      phi    lsp    mag  flag
   30  -0.801  2026 14331326  531.539  235.171  60.607  140.706  -6.26   0.56  0000
   31  -0.767  2153 14331327  531.568  235.042  60.618  140.674  -6.20   0.62  0000
   33  -0.701  2032 14331329  531.449  233.126  60.622  140.182  -6.28   0.54  0000
   34  -0.667  2361 14331330  534.307  233.895  61.453  140.440  -6.41   0.41  0000
   35  -0.634  2304 14331331  532.735  232.281  61.021  139.997  -6.62   0.20  0000
   36  -0.601  2283 14331332  533.428  231.432  61.246  139.799  -6.56   0.26  0000
   37  -0.567  2146 14331333  533.602  231.365  61.299  139.786  -6.65   0.17  0000
   38  -0.534  2171 14331334  534.153  230.460  61.485  139.572  -6.35   0.47  0000
   39  -0.501  2659 14331335  534.170  229.936  61.503  139.441  -6.95  -0.13  0000
   40  -0.467  2575 14331336  534.631  230.054  61.636  139.482  -7.00  -0.18  0000
   41  -0.434  1997 14331337  534.293  228.453  61.578  139.071  -6.71   0.11  0000
   42  -0.400  2518 14331338  535.075  227.338  61.841  138.814  -7.02  -0.20  0000
   43  -0.367  2610 14331339  535.391  226.904  61.947  138.715  -7.18  -0.36  0000
   44  -0.334  2523 14331340  535.692  226.083  62.061  138.519  -6.95  -0.13  0000
   45  -0.300  2672 14331341  536.280  225.717  62.246  138.445  -6.97  -0.15  0000
   46  -0.267  2557 14331342  536.042  224.945  62.199  138.246  -7.03  -0.21  0000
   47  -0.234  2727 14331343  535.111  223.841  61.959  137.942  -6.96  -0.14  0000
   48  -0.200  2821 14331344  535.579  223.066  62.123  137.765  -7.19  -0.37  0000
   49  -0.167  2764 14331345  535.923  222.821  62.233  137.715  -6.98  -0.16  0000
   50  -0.133  3165 14331346  536.831  222.371  62.518  137.634  -7.18  -0.36  0000
   51  -0.100  2737 14331347  536.792  221.453  62.539  137.406  -7.17  -0.35  0000
   52  -0.067  3255 14331348  536.348  220.180  62.454  137.077  -7.34  -0.52  0000
   53  -0.033  3441 14331349  536.818  219.203  62.630  136.853  -7.90  -1.08  0000
   54   0.000  4870 14331350  537.156  218.872  62.743  136.784  -8.67  -1.85  0000
   55   0.033  4077 14331351  537.658  217.967  62.927  136.581  -8.27  -1.45  0000
   56   0.067  4188 14331352  537.688  217.377  62.960  136.437  -8.32  -1.50  0000
   57   0.100  4682 14331353  538.000  216.219  63.100  136.167  -8.68  -1.86  0000
   58   0.133  4271 14331354  537.903  215.823  63.088  136.066  -8.39  -1.57  0000
   59   0.167  4327 14331355  538.138  215.270  63.181  135.941  -8.47  -1.65  0000
   60   0.200  4703 14331356  538.860  214.025  63.449  135.668  -8.43  -1.61  0000
   61   0.234  4267 14331357  538.843  213.393  63.473  135.514  -8.31  -1.49  0000
   62   0.267  4330 14331358  538.224  212.385  63.336  135.243  -8.27  -1.45  0000
   63   0.300  4163 14331359  538.493  211.753  63.445  135.102  -8.31  -1.49  0000
   64   0.334  4133 14331360  538.721  211.124  63.543  134.960  -8.04  -1.22  0000
   65   0.367  3561 14331361  538.194  210.208  63.431  134.714  -7.81  -0.99  0000
   66   0.400  3372 14331362  538.754  209.437  63.635  134.554  -7.42  -0.60  0000
   67   0.434  2865 14331363  539.561  208.530  63.920  134.373  -7.11  -0.29  0000
   68   0.467  2546 14331364  539.918  207.555  64.076  134.156  -6.91  -0.09  0000
   69   0.501  2456 14331365  540.083  206.900  64.159  134.007  -6.89  -0.07  0000
   70   0.534  2483 14331366  540.531  205.775  64.351  133.761  -6.67   0.15  0000
   71   0.567  1850 14331367  541.010  205.702  64.497  133.767  -5.92   0.90  0000
