#
#   version : 20090611
#    num_fr : 13
#      time : 20121115 03:09:19.942 UTC
#      unix : 1352948959.942430
#       ntp : LOCK -1885 448096 532
#       seq : 13451146
#       mul : 0 [A]
#      site : 01
#    latlon : 45.5749 -94.3965 370.0
#      text : Collegeville
#     label : 
#     plate : metal_20100816_20100506-404-gd3
#      geom : 640 480
#    reject : 0
#
#  fr    time   sum     seq       cx       cy      th      phi    lsp    mag  flag
   29  -0.334  1665 13451136  429.693   74.826  56.875   88.406  -5.56   1.26  0000
   30  -0.300  1768 13451137  429.509   75.865  56.601   88.527  -5.92   0.90  0000
   31  -0.267  2098 13451138  432.056   76.884  56.790   89.273  -5.98   0.84  0000
   32  -0.234  2049 13451139  434.868   78.961  56.792   90.245  -6.53   0.29  0000
   33  -0.200  2468 13451140  434.621   79.810  56.555   90.328  -6.70   0.12  0000
   34  -0.167  2280 13451141  437.241   80.793  56.789   91.079  -7.09  -0.27  0000
   35  -0.133  2660 13451142  439.433   81.864  56.938   91.744  -7.10  -0.28  0000
   36  -0.100  2632 13451143  440.756   83.089  56.902   92.242  -7.17  -0.35  0000
   37  -0.067  2605 13451144  441.674   84.734  56.702   92.724  -7.15  -0.33  0000
   38  -0.033  2755 13451145  444.227   85.926  56.911   93.485  -7.41  -0.59  0000
   39   0.000  2873 13451146  446.341   86.953  57.082   94.117  -7.29  -0.47  0000
   40   0.033  2732 13451147  447.795   88.708  56.978   94.737  -7.23  -0.41  0000
   41   0.067  2608 13451148  448.117   90.031  56.755   95.043  -6.66   0.16  0000
