#
#   version : 20090611
#    num_fr : 20
#      time : 20131116 09:17:17.108 UTC
#      unix : 1384593437.108171
#       ntp : LOCK 1645 438460 1335
#       seq : 210382865
#       mul : 0 [A]
#      site : 01
#    latlon : 45.5749 -94.3965 370.0
#      text : Collegeville
#     label : 
#     plate : metal_20100816_20100506-404-gd3
#      geom : 640 480
#    reject : 0
#
#  fr    time   sum     seq       cx       cy      th      phi    lsp    mag  flag
   30  -0.267  3519 210382857  408.786   57.954  57.867   81.055  -6.14   0.68  0000
   31  -0.234  4235 210382858  410.151   57.104  58.268   81.280  -7.03  -0.21  0000
   32  -0.200  4502 210382859  412.108   54.974  59.077   81.484  -7.69  -0.87  0000
   33  -0.167  5497 210382860  414.963   54.901  59.491   82.152  -8.01  -1.19  0000
   34  -0.133  5298 210382861  414.593   53.756  59.730   81.921  -7.84  -1.02  0000
   35  -0.100  4836 210382862  418.099   52.949  60.430   82.637  -8.02  -1.20  0000
   36  -0.067  4620 210382863  419.171   52.151  60.786   82.783  -8.12  -1.30  0000
   37  -0.033  4867 210382864  419.711   52.039  60.892   82.893  -8.09  -1.27  0000
   38   0.000  5910 210382865  422.909   50.909  61.644   83.476  -8.05  -1.23  0000
   39   0.033  4919 210382866  424.206   49.741  62.131   83.618  -7.98  -1.16  0000
   40   0.067  5898 210382867  425.562   49.007  62.518   83.826  -7.98  -1.16  0000
   41   0.100  5411 210382868  427.263   47.936  63.043   84.065  -8.11  -1.29  0000
   42   0.133  5429 210382869  428.773   47.062  63.493   84.283  -8.06  -1.24  0000
   43   0.167  4894 210382870  431.327   46.613  63.997   84.778  -8.15  -1.33  0000
   44   0.200  4860 210382871  432.301   45.764  64.362   84.878  -8.04  -1.22  0000
   45   0.234  4518 210382872  433.934   45.244  64.747   85.159  -8.01  -1.19  0000
   46   0.267  3798 210382873  436.857   44.519  65.391   85.680  -7.96  -1.14  0000
   47   0.300  4793 210382874  437.306   43.819  65.638   85.684  -7.54  -0.72  0000
   48   0.334  4325 210382875  438.805   42.791  66.136   85.862  -7.51  -0.69  0000
   49   0.367  5101 210382876  441.355   42.039  66.737   86.288  -8.04  -1.22  0000
