#
#   version : 20090611
#    num_fr : 17
#      time : 20130927 02:40:09.467 UTC
#      unix : 1380249609.467185
#       ntp : LOCK -78 429367 1254
#       seq : 80201296
#       mul : 0 [A]
#      site : 01
#    latlon : 45.5749 -94.3965 370.0
#      text : Collegeville
#     label : 
#     plate : metal_20100816_20100506-404-gd3
#      geom : 640 480
#    reject : 0
#
#  fr    time   sum     seq       cx       cy      th      phi    lsp    mag  flag
   30  -0.601  2304 80201278  415.871   81.014  53.198   86.051  -6.17   0.65  0000
   32  -0.534  2481 80201280  419.110   81.554  53.575   86.943  -6.59   0.23  0000
   33  -0.501  2495 80201281  421.751   82.405  53.796   87.729  -6.44   0.38  0000
   35  -0.434  2503 80201283  424.360   83.736  53.912   88.579  -6.32   0.50  0000
   37  -0.367  2607 80201285  427.420   83.893  54.385   89.337  -6.62   0.20  0000
   38  -0.334  2603 80201286  431.698   84.767  54.916   90.487  -6.43   0.39  0000
   39  -0.300  2782 80201287  431.062   85.418  54.658   90.449  -6.74   0.08  0000
   40  -0.267  2584 80201288  433.409   86.591  54.802   91.193  -6.89  -0.07  0000
   41  -0.234  2499 80201289  434.736   86.172  55.130   91.425  -6.65   0.17  0000
   42  -0.200  2404 80201290  436.170   87.167  55.163   91.923  -6.59   0.23  0000
   43  -0.167  2513 80201291  438.878   87.712  55.531   92.626  -6.49   0.33  0000
   44  -0.133  2662 80201292  439.361   87.938  55.569   92.773  -6.76   0.06  0000
   45  -0.100  2323 80201293  441.229   88.693  55.746   93.320  -6.72   0.10  0000
   46  -0.067  2816 80201294  444.547   88.644  56.376   94.033  -6.65   0.17  0000
   47  -0.033  2552 80201295  444.122   89.968  56.008   94.178  -6.90  -0.08  0000
   48   0.000  3159 80201296  446.818   89.920  56.530   94.748  -7.15  -0.33  0000
   49   0.033  2958 80201297  447.907   90.841  56.541   95.145  -7.16  -0.34  0000
