#
#   version : 20090611
#    num_fr : 31
#      time : 20120426 07:56:17.472 UTC
#      unix : 1335426977.472014
#       ntp : LOCK -409 1274573 687
#       seq : 242727348
#       mul : 0 [A]
#      site : 01
#    latlon : 45.5749 -94.3965 370.0
#      text : Collegeville
#     label : 
#     plate : metal_20100816_20100506-404-gd3
#      geom : 640 480
#    reject : 0
#
#  fr    time   sum     seq       cx       cy      th      phi    lsp    mag  flag
   29  -0.300  1333 242727339  545.928  309.864  66.957  158.702  -5.60   1.22  0000
   30  -0.267  1884 242727340  546.214  309.311  67.002  158.561  -6.16   0.66  0000
   31  -0.234  2170 242727341  546.529  309.247  67.090  158.530  -6.78   0.04  0000
   32  -0.200  2483 242727342  547.779  308.584  67.414  158.315  -7.08  -0.26  0000
   33  -0.167  2751 242727343  547.895  308.154  67.418  158.212  -7.27  -0.45  0000
   34  -0.133  2766 242727344  549.247  307.691  67.788  158.039  -7.21  -0.39  0000
   35  -0.100  2696 242727345  550.944  307.523  68.282  157.917  -7.37  -0.55  0000
   36  -0.067  2713 242727346  551.560  306.872  68.421  157.741  -7.51  -0.69  0000
   37  -0.033  3077 242727347  551.919  306.794  68.523  157.707  -7.55  -0.73  0000
   38   0.000  3128 242727348  552.246  305.992  68.567  157.512  -7.42  -0.60  0000
   39   0.033  2729 242727349  554.018  305.761  69.083  157.377  -7.38  -0.56  0000
   40   0.067  2826 242727350  554.930  305.123  69.315  157.194  -7.47  -0.65  0000
   41   0.100  2909 242727351  555.353  304.988  69.433  157.145  -7.41  -0.59  0000
   42   0.133  2829 242727352  556.123  304.312  69.621  156.961  -7.49  -0.67  0000
   43   0.167  2632 242727353  556.851  304.011  69.822  156.862  -7.39  -0.57  0000
   44   0.200  2774 242727354  557.134  303.506  69.875  156.739  -7.32  -0.50  0000
   45   0.234  3070 242727355  558.604  303.648  70.328  156.707  -7.23  -0.41  0000
   46   0.267  2634 242727356  559.775  302.822  70.631  156.476  -6.89  -0.07  0000
   47   0.300  2289 242727357  560.270  302.409  70.756  156.366  -6.83  -0.01  0000
   48   0.334  2574 242727358  561.162  301.793  70.989  156.195  -7.22  -0.40  0000
   49   0.367  2969 242727359  561.684  300.927  71.096  155.985  -7.61  -0.79  0000
   50   0.400  2821 242727360  561.800  300.921  71.131  155.980  -7.56  -0.74  0000
   51   0.434  3088 242727361  562.331  300.348  71.259  155.834  -7.46  -0.64  0000
   52   0.467  3027 242727362  563.904  299.965  71.717  155.691  -7.39  -0.57  0000
   53   0.501  2261 242727363  564.380  299.585  71.840  155.590  -6.84  -0.02  0000
   54   0.534  2007 242727364  565.039  298.972  72.007  155.434  -6.35   0.47  0000
   55   0.567  2192 242727365  565.710  299.004  72.214  155.416  -6.38   0.44  0000
   56   0.601  2275 242727366  566.476  298.084  72.398  155.190  -6.65   0.17  0000
   57   0.634  1579 242727367  566.503  298.020  72.402  155.176  -5.97   0.85  0000
   58   0.667  2121 242727368  566.428  297.156  72.332  154.992  -6.44   0.38  0000
   60   0.734  1692 242727370  568.376  296.460  72.894  154.776  -5.79   1.03  0000
