#
#   version : 20090611
#    num_fr : 17
#      time : 20120426 03:21:52.086 UTC
#      unix : 1335410512.086553
#       ntp : LOCK -496 721332 888
#       seq : 242233881
#       mul : 0 [A]
#      site : 01
#    latlon : 45.5749 -94.3965 370.0
#      text : Collegeville
#     label : 
#     plate : metal_20100816_20100506-404-gd3
#      geom : 640 480
#    reject : 0
#
#  fr    time   sum     seq       cx       cy      th      phi    lsp    mag  flag
   30  -0.434  2017 242233868  453.958  242.109  38.329  141.149  -5.88   0.94  0000
   35  -0.267  1968 242233873  458.445  245.327  39.538  142.484  -6.05   0.77  0000
   36  -0.234  2161 242233874  460.999  246.026  40.244  142.785  -6.30   0.52  0000
   37  -0.200  2137 242233875  461.227  247.026  40.301  143.163  -6.28   0.54  0000
   38  -0.167  2208 242233876  462.136  247.299  40.553  143.274  -6.29   0.53  0000
   39  -0.133  2478 242233877  463.904  248.066  41.044  143.573  -6.53   0.29  0000
   40  -0.100  2519 242233878  464.427  248.177  41.190  143.618  -6.65   0.17  0000
   41  -0.067  2420 242233879  466.015  248.891  41.632  143.889  -6.71   0.11  0000
   42  -0.033  2591 242233880  466.580  249.056  41.790  143.952  -7.08  -0.26  0000
   43   0.000  2983 242233881  468.672  249.828  42.375  144.239  -7.15  -0.33  0000
   44   0.033  2465 242233882  469.235  250.009  42.533  144.306  -6.83  -0.01  0000
   45   0.067  2870 242233883  470.838  251.092  42.984  144.693  -7.14  -0.32  0000
   46   0.100  2359 242233884  471.158  252.166  43.077  145.071  -6.75   0.07  0000
   47   0.133  2345 242233885  471.606  252.849  43.205  145.310  -6.55   0.27  0000
   48   0.167  2421 242233886  475.027  252.898  44.168  145.316  -6.55   0.27  0000
   49   0.200  2185 242233887  474.728  252.908  44.084  145.321  -6.17   0.65  0000
   50   0.234  2413 242233888  476.875  254.506  44.698  145.857  -6.43   0.39  0000
