#
#   version : 20090611
#    num_fr : 15
#      time : 20131127 00:23:20.263 UTC
#      unix : 1385511800.263433
#       ntp : LOCK 2980 672135 6059
#       seq : 237905600
#       mul : 0 [A]
#      site : 01
#    latlon : 45.5749 -94.3965 370.0
#      text : Collegeville
#     label : 
#     plate : metal_20100816_20100506-404-gd3
#      geom : 640 480
#    reject : 0
#
#  fr    time   sum     seq       cx       cy      th      phi    lsp    mag  flag
   30  -0.400  1884 237905588  336.594  219.418  10.277   93.821  -6.23   0.59  0000
   32  -0.334  1590 237905590  335.436  217.509  10.474   90.796  -5.86   0.96  0000
   33  -0.300  1488 237905591  335.019  217.004  10.514   89.885  -5.91   0.91  0000
   34  -0.267  1916 237905592  334.264  216.240  10.560   88.373  -6.23   0.59  0000
   36  -0.200  1632 237905594  333.294  215.237  10.635   86.436  -6.23   0.59  0000
   37  -0.167  1999 237905595  332.356  213.941  10.792   84.361  -6.47   0.35  0000
   38  -0.133  2003 237905596  331.622  213.728  10.742   83.314  -6.54   0.28  0000
   39  -0.100  2010 237905597  330.901  212.428  10.947   81.574  -6.30   0.52  0000
   40  -0.067  2026 237905598  330.768  212.068  11.014   81.183  -6.48   0.34  0000
   41  -0.033  2134 237905599  328.350  210.984  10.992   77.531  -6.35   0.47  0000
   42   0.000  2598 237905600  328.087  209.640  11.285   76.492  -7.27  -0.45  0000
   43   0.033  2306 237905601  327.304  209.585  11.221   75.483  -6.99  -0.17  0000
   44   0.067  2194 237905602  326.247  208.164  11.467   73.495  -6.66   0.16  0000
   45   0.100  2164 237905603  326.102  207.876  11.525   73.189  -6.73   0.09  0000
   46   0.133  1711 237905604  323.959  206.847  11.606   70.092  -6.01   0.81  0000
