#
#   version : 20090611
#    num_fr : 12
#      time : 20131127 12:03:09.477 UTC
#      unix : 1385553789.477018
#       ntp : LOCK 3738 152703 4796
#       seq : 239163985
#       mul : 0 [A]
#      site : 01
#    latlon : 45.5749 -94.3965 370.0
#      text : Collegeville
#     label : 
#     plate : metal_20100816_20100506-404-gd3
#      geom : 640 480
#    reject : 0
#
#  fr    time   sum     seq       cx       cy      th      phi    lsp    mag  flag
   30  -0.234  1765 239163978  397.664  185.037  28.527  107.623  -5.82   1.00  0000
   31  -0.200  1893 239163979  399.255  183.082  29.184  107.311  -6.25   0.57  0000
   32  -0.167  2203 239163980  401.548  179.391  30.276  106.540  -6.86  -0.04  0000
   33  -0.133  2701 239163981  404.880  175.764  31.588  106.160  -7.02  -0.20  0000
   34  -0.100  2636 239163982  407.474  173.550  32.513  106.107  -7.51  -0.69  0000
   35  -0.067  2697 239163983  410.033  170.911  33.501  105.896  -7.58  -0.76  0000
   36  -0.033  2658 239163984  414.010  167.450  34.936  105.808  -7.33  -0.51  0000
   37   0.000  3135 239163985  416.131  165.102  35.787  105.598  -7.50  -0.68  0000
   38   0.033  2835 239163986  418.267  161.186  36.908  104.898  -7.63  -0.81  0000
   39   0.067  2554 239163987  420.525  159.009  37.764  104.807  -7.32  -0.50  0000
   40   0.100  2190 239163988  424.540  155.242  39.273  104.685  -7.07  -0.25  0000
   41   0.133  1528 239163989  426.007  153.743  39.847  104.606  -5.72   1.10  0000
