#
#   version : 20090611
#    num_fr : 40
#      time : 20131127 01:37:54.864 UTC
#      unix : 1385516274.864249
#       ntp : LOCK -4436 882177 6614
#       seq : 238039701
#       mul : 0 [A]
#      site : 01
#    latlon : 45.5749 -94.3965 370.0
#      text : Collegeville
#     label : 
#     plate : metal_20100816_20100506-404-gd3
#      geom : 640 480
#    reject : 0
#
#  fr    time   sum     seq       cx       cy      th      phi    lsp    mag  flag
   29  -0.701  1704 238039680  421.034  398.255  49.270 -162.564  -5.91   0.91  0000
   31  -0.634  1950 238039682  421.802  401.104  50.040 -162.221  -6.19   0.63  0000
   33  -0.567  2108 238039684  424.239  402.346  50.739 -162.587  -6.27   0.55  0000
   34  -0.534  2000 238039685  424.387  403.900  51.113 -162.337  -6.46   0.36  0000
   35  -0.501  2178 238039686  424.744  404.819  51.382 -162.256  -6.60   0.22  0000
   36  -0.467  2439 238039687  426.044  405.995  51.872 -162.354  -6.84  -0.02  0000
   37  -0.434  2369 238039688  427.722  406.953  52.379 -162.579  -6.89  -0.07  0000
   38  -0.400  2467 238039689  427.580  408.055  52.603 -162.349  -7.10  -0.28  0000
   39  -0.367  2428 238039690  428.200  409.234  52.977 -162.285  -7.14  -0.32  0000
   40  -0.334  2594 238039691  428.066  410.121  53.156 -162.098  -7.05  -0.23  0000
   41  -0.300  2697 238039692  430.263  410.776  53.686 -162.491  -7.36  -0.54  0000
   42  -0.267  2900 238039693  429.884  412.259  53.957 -162.146  -7.38  -0.56  0000
   43  -0.234  2538 238039694  431.735  412.898  54.425 -162.457  -7.36  -0.54  0000
   44  -0.200  2695 238039695  431.830  414.234  54.745 -162.249  -7.27  -0.45  0000
   45  -0.167  2909 238039696  433.517  414.727  55.153 -162.544  -7.27  -0.45  0000
   46  -0.133  3086 238039697  434.123  416.006  55.551 -162.460  -7.65  -0.83  0000
   47  -0.100  3298 238039698  434.111  416.841  55.739 -162.316  -7.84  -1.02  0000
   48  -0.067  3601 238039699  435.847  418.211  56.358 -162.468  -7.91  -1.09  0000
   49  -0.033  3197 238039700  436.286  418.784  56.567 -162.469  -7.77  -0.95  0000
   50   0.000  3610 238039701  437.138  420.292  57.062 -162.403  -7.79  -0.97  0000
   51   0.033  3280 238039702  437.563  420.570  57.201 -162.449  -7.82  -1.00  0000
   52   0.067  3274 238039703  438.483  421.682  57.619 -162.463  -7.81  -0.99  0000
   53   0.100  2936 238039704  438.264  422.451  57.757 -162.290  -7.60  -0.78  0000
   54   0.133  3366 238039705  440.263  423.030  58.245 -162.621  -7.68  -0.86  0000
   55   0.167  3077 238039706  440.000  424.343  58.500 -162.352  -7.64  -0.82  0000
   56   0.200  2736 238039707  441.262  425.495  58.991 -162.432  -7.41  -0.59  0000
   57   0.234  2648 238039708  441.423  426.059  59.149 -162.375  -7.33  -0.51  0000
   58   0.267  2593 238039709  441.559  427.043  59.401 -162.246  -7.29  -0.47  0000
   59   0.300  2575 238039710  443.439  428.300  60.028 -162.436  -6.99  -0.17  0000
   60   0.334  2620 238039711  443.220  429.081  60.170 -162.268  -7.19  -0.37  0000
   61   0.367  2860 238039712  443.695  429.527  60.358 -162.295  -7.20  -0.38  0000
   62   0.400  2296 238039713  445.577  430.313  60.878 -162.556  -6.75   0.07  0000
   63   0.434  3443 238039714  445.903  431.144  61.130 -162.491  -7.85  -1.03  0000
   64   0.467  2984 238039715  445.731  432.758  61.475 -162.206  -7.22  -0.40  0000
   65   0.501  3294 238039716  447.254  432.594  61.711 -162.538  -7.61  -0.79  0000
   66   0.534  2350 238039717  447.674  433.902  62.092 -162.419  -7.14  -0.32  0000
   69   0.634  1854 238039720  449.027  436.272  62.890 -162.325  -6.08   0.74  0000
   70   0.667  1951 238039721  449.501  436.692  63.074 -162.355  -5.98   0.84  0000
   71   0.701  1887 238039722  451.055  438.199  63.710 -162.431  -6.03   0.79  0000
   77   0.901  1831 238039728  452.498  441.842  64.831 -162.166  -6.27   0.55  0000
