#
#   version : 20090611
#    num_fr : 12
#      time : 20131127 05:19:16.936 UTC
#      unix : 1385529556.936525
#       ntp : LOCK 495 833893 5099
#       seq : 238437754
#       mul : 0 [A]
#      site : 01
#    latlon : 45.5749 -94.3965 370.0
#      text : Collegeville
#     label : 
#     plate : metal_20100816_20100506-404-gd3
#      geom : 640 480
#    reject : 0
#
#  fr    time   sum     seq       cx       cy      th      phi    lsp    mag  flag
   29  -0.300  1283 238437745  465.147  409.168  60.044 -169.958  -5.45   1.37  0000
   30  -0.267  2454 238437746  465.997  410.553  60.508 -169.860  -7.06  -0.24  0000
   31  -0.234  2664 238437747  466.679  411.257  60.796 -169.856  -7.44  -0.62  0000
   32  -0.200  2982 238437748  468.050  412.027  61.242 -169.964  -7.52  -0.70  0000
   33  -0.167  3210 238437749  469.475  412.435  61.626 -170.145  -7.77  -0.95  0000
   34  -0.133  2841 238437750  470.111  413.093  61.897 -170.140  -7.64  -0.82  0000
   35  -0.100  2637 238437751  471.633  413.849  62.375 -170.273  -7.41  -0.59  0000
   36  -0.067  2348 238437752  471.862  414.402  62.538 -170.215  -6.90  -0.08  0000
   37  -0.033  2182 238437753  474.477  415.005  63.219 -170.562  -6.94  -0.12  0000
   38   0.000  3840 238437754  475.100  415.811  63.519 -170.526  -8.26  -1.44  0000
   39   0.033  3651 238437755  475.702  416.544  63.799 -170.500  -8.06  -1.24  0000
   40   0.067  2235 238437756  477.520  416.893  64.261 -170.748  -6.93  -0.11  0000
