#
#   version : 20090611
#    num_fr : 19
#      time : 20110330 06:15:27.388 UTC
#      unix : 1301465727.388956
#       ntp : LOCK 2091 352408 2201
#       seq : 197810899
#       mul : 0 [A]
#      site : 01
#    latlon : 45.5749 -94.3965 370.0
#      text : Collegeville
#     label : 
#     plate : metal_20100816_20100506-404-gd3
#      geom : 640 480
#    reject : 0
#
#  fr    time   sum     seq       cx       cy      th      phi    lsp    mag  flag
   30  -0.367  1556 197810888  442.254  118.629  49.722   99.485  -5.99  -5.99  0000
   31  -0.334  1795 197810889  445.058  120.038  50.025  100.414  -6.44  -6.44  0000
   33  -0.267  2283 197810891  450.474  124.020  50.416  102.463  -6.92  -6.92  0000
   34  -0.234  2502 197810892  452.640  125.242  50.658  103.189  -7.20  -7.20  0000
   35  -0.200  2541 197810893  455.652  126.858  51.024  104.168  -7.48  -7.48  0000
   36  -0.167  2948 197810894  458.223  128.561  51.291  105.068  -7.61  -7.61  0000
   37  -0.133  2913 197810895  460.790  130.437  51.541  105.999  -7.78  -7.78  0000
   38  -0.100  2951 197810896  462.142  132.406  51.511  106.718  -7.64  -7.64  0000
   39  -0.067  3021 197810897  465.608  134.321  51.988  107.809  -7.81  -7.81  0000
   40  -0.033  2590 197810898  468.361  136.317  52.304  108.776  -7.69  -7.69  0000
   41   0.000  3040 197810899  471.211  138.412  52.642  109.773  -7.58  -7.58  0000
   42   0.033  2779 197810900  472.428  139.865  52.704  110.330  -7.57  -7.57  0000
   43   0.067  2458 197810901  475.544  142.308  53.080  111.437  -7.24  -7.24  0000
   44   0.100  2336 197810902  477.958  143.605  53.474  112.139  -6.96  -6.96  0000
   45   0.133  1791 197810903  480.093  146.252  53.611  113.120  -6.40  -6.40  0000
   46   0.167  2176 197810904  482.224  148.364  53.839  113.962  -6.88  -6.88  0000
   47   0.200  2329 197810905  485.140  149.801  54.370  114.744  -6.98  -6.98  0000
   48   0.234  1953 197810906  486.845  152.225  54.471  115.587  -6.49  -6.49  0000
   49   0.267  2030 197810907  489.247  154.224  54.819  116.416  -6.41  -6.41  0000
