#
#   version : 20090611
#    num_fr : 16
#      time : 20140226 09:15:35.244 UTC
#      unix : 1393406135.244620
#       ntp : LOCK 707 147522 499
#       seq : 474493100
#       mul : 0 [A]
#      site : 01
#    latlon : 45.5749 -94.3965 370.0
#      text : Collegeville
#     label : 
#     plate : metal_20100816_20100506-404-gd3
#      geom : 640 480
#    reject : 0
#
#  fr    time   sum     seq       cx       cy      th      phi    lsp    mag  flag
   30  -0.400  1851 474493088  206.828  331.852  35.651  -73.384  -6.35   0.47  0000
   31  -0.367  1598 474493089  205.465  329.410  35.563  -72.211  -5.94   0.88  0000
   33  -0.300  1783 474493091  203.723  327.025  35.587  -70.958  -6.15   0.67  0000
   34  -0.267  1846 474493092  202.374  325.201  35.621  -69.998  -6.25   0.57  0000
   35  -0.234  1774 474493093  202.137  323.687  35.451  -69.410  -6.22   0.60  0000
   36  -0.200  2131 474493094  201.768  322.320  35.337  -68.838  -6.67   0.15  0000
   37  -0.167  1985 474493095  199.781  320.829  35.593  -67.849  -6.67   0.15  0000
   38  -0.133  1940 474493096  198.570  319.060  35.636  -66.943  -6.44   0.38  0000
   39  -0.100  1932 474493097  197.439  317.685  35.721  -66.200  -6.69   0.13  0000
   40  -0.067  1847 474493098  196.568  316.004  35.709  -65.403  -6.69   0.13  0000
   41  -0.033  2106 474493099  195.483  313.751  35.683  -64.351  -6.29   0.53  0000
   42   0.000  2220 474493100  194.089  312.415  35.861  -63.579  -6.59   0.23  0000
   43   0.033  2040 474493101  193.489  311.072  35.845  -62.963  -6.58   0.24  0000
   44   0.067  1981 474493102  192.172  309.268  35.960  -62.040  -6.43   0.39  0000
   45   0.100  2072 474493103  191.029  307.539  36.049  -61.182  -6.68   0.14  0000
   46   0.133  1978 474493104  190.354  305.598  36.004  -60.329  -6.43   0.39  0000
