#
#   version : 20090611
#    num_fr : 14
#      time : 20140226 07:24:44.535 UTC
#      unix : 1393399484.535327
#       ntp : LOCK 698 430110 509
#       seq : 474293784
#       mul : 0 [A]
#      site : 01
#    latlon : 45.5749 -94.3965 370.0
#      text : Collegeville
#     label : 
#     plate : metal_20100816_20100506-404-gd3
#      geom : 640 480
#    reject : 0
#
#  fr    time   sum     seq       cx       cy      th      phi    lsp    mag  flag
   29  -0.033  1991 474293783  247.984  474.721  63.378 -109.361  -6.56   0.26  0000
   30   0.000  2384 474293784  251.084  475.100  63.222 -110.127  -6.79   0.03  0000
   31   0.033  2087 474293785  251.502  475.486  63.298 -110.252  -6.90  -0.08  0000
   32   0.067  2245 474293786  254.084  475.859  63.196 -110.895  -6.94  -0.12  0000
   33   0.100  2054 474293787  255.084  475.621  63.049 -111.123  -6.68   0.14  0000
   34   0.133  2106 474293788  257.430  475.865  62.941 -111.706  -6.85  -0.03  0000
   35   0.167  2232 474293789  260.564  475.748  62.679 -112.464  -6.85  -0.03  0000
   36   0.200  2116 474293790  261.638  475.817  62.624 -112.731  -6.90  -0.08  0000
   37   0.234  1933 474293791  264.139  476.076  62.529 -113.359  -6.76   0.06  0000
   38   0.267  1966 474293792  266.163  476.189  62.431 -113.863  -6.44   0.38  0000
   39   0.300  1932 474293793  268.113  476.161  62.303 -114.344  -6.53   0.29  0000
   40   0.334  1768 474293794  271.072  475.771  62.016 -115.063  -6.32   0.50  0000
   41   0.367  1647 474293795  272.894  476.390  62.094 -115.543  -6.33   0.49  0000
   42   0.400  1845 474293796  274.144  476.017  61.919 -115.841  -6.18   0.64  0000
