#
#   version : 20090611
#    num_fr : 19
#      time : 20101115 08:10:21.490 UTC
#      unix : 1289808621.490522
#       ntp : LOCK -1588 344518 1436
#       seq : 3693318
#       mul : 0 [A]
#      site : 01
#    latlon : 45.5749 -94.3965 370.0
#      text : Collegeville
#     label : 
#     plate : metal_20100816_20100506-404-gd3
#      geom : 640 480
#    reject : 0
#
#  fr    time   sum     seq       cx       cy      th      phi    lsp    mag  flag
   29  -0.334  2257 3693308  391.409  162.186  31.315   96.882  -6.49  -6.49  0000
   30  -0.300  2815 3693309  395.506  164.252  31.697   99.015  -7.02  -7.02  0000
   31  -0.267  3149 3693310  399.077  166.401  32.002  100.951  -7.42  -7.42  0000
   32  -0.234  3620 3693311  402.389  167.621  32.454  102.442  -8.00  -8.00  0000
   33  -0.200  4119 3693312  405.565  168.708  32.923  103.805  -8.31  -8.31  0000
   34  -0.167  4485 3693313  408.954  170.570  33.326  105.465  -8.34  -8.34  0000
   35  -0.133  5144 3693314  412.583  172.575  33.786  107.203  -8.59  -8.59  0000
   36  -0.100  4764 3693315  415.818  174.115  34.262  108.623  -8.52  -8.52  0000
   37  -0.067  4826 3693316  419.104  175.898  34.733  110.105  -8.51  -8.51  0000
   38  -0.033  5961 3693317  422.910  178.121  35.286  111.829  -8.98  -8.98  0000
   39   0.000  6075 3693318  426.231  179.932  35.812  113.244  -8.95  -8.95  0000
   40   0.033  5718 3693319  429.474  181.774  36.338  114.613  -8.85  -8.85  0000
   41   0.067  5542 3693320  433.565  183.725  37.077  116.151  -8.74  -8.74  0000
   42   0.100  3078 3693321  435.586  185.356  37.371  117.129  -7.49  -7.49  0000
   43   0.133  4882 3693322  441.746  188.792  38.504  119.465  -8.73  -8.73  0000
   44   0.167  2730 3693323  434.868  167.808  39.579  111.002  -5.47  -5.47  0000
   45   0.200  1872 3693324  431.578  167.796  38.817  110.277  -5.17  -5.17  0000
   46   0.234  5251 3693325  451.026  194.055  40.324  122.768  -8.69  -8.69  0000
   47   0.267  2330 3693326  453.863  196.228  40.853  123.917  -7.22  -7.22  0000
