#
#   version : 20090611
#    num_fr : 28
#      time : 20130616 08:31:25.888 UTC
#      unix : 1371371485.888442
#       ntp : LOCK -763 85642 175
#       seq : 21293921
#       mul : 0 [A]
#      site : 01
#    latlon : 45.5749 -94.3965 370.0
#      text : Collegeville
#     label : 
#     plate : metal_20100816_20100506-404-gd3
#      geom : 640 480
#    reject : 0
#
#  fr    time   sum     seq       cx       cy      th      phi    lsp    mag  flag
   29  -0.868  1590 21293895  431.237   62.323  60.109   86.886  -5.80   1.02  0000
   32  -0.767  1904 21293898  435.404   64.503  60.269   88.122  -6.43   0.39  0000
   33  -0.734  2169 21293899  437.479   65.922  60.281   88.784  -6.57   0.25  0000
   34  -0.701  1792 21293900  438.470   66.737  60.257   89.121  -6.61   0.21  0000
   35  -0.667  2293 21293901  440.380   67.499  60.407   89.648  -6.65   0.17  0000
   36  -0.634  2273 21293902  441.131   68.105  60.396   89.901  -6.93  -0.11  0000
   37  -0.601  2007 21293903  442.196   69.848  60.177   90.398  -6.75   0.07  0000
   38  -0.567  2562 21293904  444.856   70.475  60.504   91.059  -7.26  -0.44  0000
   39  -0.534  2866 21293905  445.263   71.319  60.383   91.277  -7.25  -0.43  0000
   40  -0.501  2664 21293906  447.303   72.187  60.554   91.842  -7.47  -0.65  0000
   41  -0.467  2645 21293907  448.193   73.230  60.480   92.193  -7.53  -0.71  0000
   42  -0.434  2778 21293908  450.100   74.683  60.504   92.822  -7.50  -0.68  0000
   43  -0.400  2751 21293909  451.778   76.005  60.523   93.382  -7.35  -0.53  0000
   44  -0.367  2843 21293910  452.784   76.286  60.650   93.633  -7.51  -0.69  0000
   45  -0.334  2939 21293911  454.553   77.703  60.674   94.225  -7.78  -0.96  0000
   46  -0.300  3336 21293912  455.943   78.933  60.671   94.710  -7.81  -0.99  0000
   47  -0.267  3080 21293913  457.653   80.071  60.756   95.242  -7.86  -1.04  0000
   48  -0.234  3173 21293914  459.450   81.529  60.795   95.845  -7.86  -1.04  0000
   49  -0.200  3261 21293915  461.105   82.521  60.911   96.339  -7.98  -1.16  0000
   50  -0.167  3206 21293916  461.823   83.751  60.794   96.692  -8.00  -1.18  0000
   51  -0.133  3363 21293917  464.595   85.079  61.076   97.457  -8.07  -1.25  0000
   52  -0.100  3084 21293918  465.113   85.966  60.996   97.712  -7.84  -1.02  0000
   53  -0.067  3310 21293919  466.965   87.668  61.024   98.365  -8.04  -1.22  0000
   54  -0.033  3706 21293920  468.247   88.819  61.055   98.811  -8.07  -1.25  0000
   55   0.000  6487 21293921  469.807   89.858  61.170   99.288  -9.25  -2.43  0000
   56   0.033  6461 21293922  471.759   90.956  61.362   99.845  -9.18  -2.36  0000
   57   0.067  2493 21293923  472.906   92.611  61.275  100.357  -7.09  -0.27  0000
   58   0.100  2155 21293924  474.918   94.098  61.414  100.993  -6.83  -0.01  0000
