#
#   version : 20090611
#    num_fr : 37
#      time : 20130616 05:28:05.146 UTC
#      unix : 1371360485.146056
#       ntp : LOCK 17 715835 198
#       seq : 20964236
#       mul : 0 [A]
#      site : 01
#    latlon : 45.5749 -94.3965 370.0
#      text : Collegeville
#     label : 
#     plate : metal_20100816_20100506-404-gd3
#      geom : 640 480
#    reject : 0
#
#  fr    time   sum     seq       cx       cy      th      phi    lsp    mag  flag
   28  -1.001  1776 20964206  466.760  363.141  51.851  179.995  -6.49   0.33  0000
   29  -0.968  2206 20964207  466.537  363.048  51.783 -179.990  -6.65   0.17  0000
   30  -0.934  2379 20964208  467.879  364.578  52.349 -179.850  -7.00  -0.18  0000
   31  -0.901  2351 20964209  468.361  364.784  52.496 -179.883  -7.13  -0.31  0000
   32  -0.868  2785 20964210  468.248  365.676  52.616 -179.650  -7.41  -0.59  0000
   33  -0.834  3232 20964211  467.759  366.297  52.604 -179.419  -7.90  -1.08  0000
   34  -0.801  2856 20964212  467.967  366.580  52.700 -179.388  -7.93  -1.11  0000
   35  -0.767  3503 20964213  468.449  367.517  52.968 -179.249  -8.05  -1.23  0000
   36  -0.734  3497 20964214  468.496  368.341  53.117 -179.063  -8.13  -1.31  0000
   37  -0.701  3554 20964215  468.697  368.477  53.187 -179.066  -8.20  -1.38  0000
   38  -0.667  3950 20964216  469.261  369.877  53.554 -178.836  -8.30  -1.48  0000
   39  -0.634  3801 20964217  469.033  370.681  53.637 -178.611  -8.30  -1.48  0000
   40  -0.601  4237 20964218  469.119  371.266  53.756 -178.491  -8.39  -1.57  0000
   41  -0.567  4487 20964219  469.428  371.829  53.924 -178.414  -8.45  -1.63  0000
   42  -0.534  4554 20964220  469.620  372.681  54.114 -178.252  -8.50  -1.68  0000
   43  -0.500  4720 20964221  470.063  373.160  54.299 -178.219  -8.74  -1.92  0000
   44  -0.467  4955 20964222  470.630  373.755  54.532 -178.181  -8.69  -1.87  0000
   45  -0.434  4395 20964223  470.662  374.382  54.648 -178.045  -8.45  -1.63  0000
   46  -0.400  4270 20964224  470.372  375.263  54.733 -177.797  -8.50  -1.68  0000
   47  -0.367  4675 20964225  470.387  375.684  54.810 -177.705  -8.67  -1.85  0000
   48  -0.334  4463 20964226  470.928  376.438  55.066 -177.629  -8.63  -1.81  0000
   49  -0.300  4917 20964227  471.692  377.310  55.394 -177.566  -8.68  -1.86  0000
   50  -0.267  4081 20964228  471.512  378.121  55.495 -177.356  -8.53  -1.71  0000
   51  -0.234  3877 20964229  471.411  378.562  55.549 -177.242  -8.29  -1.47  0000
   52  -0.200  4778 20964230  471.409  379.310  55.681 -177.077  -8.71  -1.89  0000
   53  -0.167  4661 20964231  471.734  380.298  55.930 -176.917  -8.63  -1.81  0000
   54  -0.133  4687 20964232  471.768  380.758  56.020 -176.823  -8.61  -1.79  0000
   55  -0.100  4925 20964233  471.841  380.933  56.067 -176.798  -8.76  -1.94  0000
   56  -0.067  4902 20964234  472.591  382.592  56.535 -176.568  -8.69  -1.87  0000
   57  -0.033  4723 20964235  472.624  382.927  56.603 -176.502  -8.59  -1.77  0000
   58   0.000  6002 20964236  472.641  383.521  56.714 -176.378  -8.96  -2.14  0000
   59   0.033  5697 20964237  472.758  383.860  56.802 -176.326  -8.92  -2.10  0000
   60   0.067  5096 20964238  473.405  385.292  57.208 -176.133  -8.95  -2.13  0000
   61   0.100  5654 20964239  473.339  385.517  57.234 -176.074  -9.11  -2.29  0000
   62   0.133  5945 20964240  474.143  386.788  57.648 -175.944  -8.90  -2.08  0000
   63   0.167  5944 20964241  473.882  387.622  57.741 -175.726  -9.03  -2.21  0000
   64   0.200  4227 20964242  473.439  387.774  57.669 -175.619  -8.45  -1.63  0000
