#
#   version : 20090611
#    num_fr : 13
#      time : 20130806 07:28:59.573 UTC
#      unix : 1375774139.573866
#       ntp : LOCK -150 1198874 842
#       seq : 50887125
#       mul : 0 [A]
#      site : 01
#    latlon : 45.5749 -94.3965 370.0
#      text : Collegeville
#     label : 
#     plate : metal_20100816_20100506-404-gd3
#      geom : 640 480
#    reject : 0
#
#  fr    time   sum     seq       cx       cy      th      phi    lsp    mag  flag
   29  -0.267  2169 50887117  166.948  390.152  54.894  -79.397  -6.14   0.68  0000
   30  -0.234  2496 50887118  166.892  392.514  55.373  -79.857  -6.63   0.19  0000
   31  -0.200  2629 50887119  166.307  394.653  55.924  -80.163  -6.65   0.17  0000
   32  -0.167  2767 50887120  166.643  398.486  56.625  -80.965  -6.92  -0.10  0000
   33  -0.133  2773 50887121  165.987  400.536  57.182  -81.225  -6.96  -0.14  0000
   34  -0.100  2919 50887122  166.586  404.065  57.785  -81.993  -7.27  -0.45  0000
   35  -0.067  4118 50887123  165.835  406.304  58.408  -82.254  -8.06  -1.24  0000
   36  -0.033  5250 50887124  165.965  408.802  58.907  -82.725  -8.49  -1.67  0000
   37   0.000  6481 50887125  166.064  411.160  59.387  -83.158  -8.93  -2.11  0000
   38   0.033  5756 50887126  165.921  413.122  59.837  -83.470  -8.73  -1.91  0000
   39   0.067  4230 50887127  166.632  416.339  60.388  -84.154  -8.14  -1.32  0000
   40   0.100  3368 50887128  166.192  418.788  61.012  -84.477  -7.87  -1.05  0000
   41   0.133  2617 50887129  166.523  420.590  61.342  -84.836  -6.77   0.05  0000
