#
#   version : 20090611
#    num_fr : 12
#      time : 20130923 08:54:04.281 UTC
#      unix : 1379926444.281503
#       ntp : LOCK -324 240014 511
#       seq : 70516240
#       mul : 0 [A]
#      site : 01
#    latlon : 45.5749 -94.3965 370.0
#      text : Collegeville
#     label : 
#     plate : metal_20100816_20100506-404-gd3
#      geom : 640 480
#    reject : 0
#
#  fr    time   sum     seq       cx       cy      th      phi    lsp    mag  flag
   17  -0.267  2674 70516232  484.358  364.961  56.369  177.625  -6.22   0.60  0000
   18  -0.234  3321 70516233  485.214  365.037  56.591  177.516  -6.74   0.08  0000
   19  -0.200  3725 70516234  487.294  365.901  57.238  177.411  -7.01  -0.19  0000
   20  -0.167  3556 70516235  487.811  366.217  57.415  177.408  -6.92  -0.10  0000
   21  -0.133  3664 70516236  491.141  367.370  58.418  177.193  -7.58  -0.76  0000
   22  -0.100  4334 70516237  492.943  368.883  59.102  177.278  -7.41  -0.59  0000
   23  -0.067  5277 70516238  495.940  369.068  59.879  176.905  -8.02  -1.20  0000
   24  -0.033  4157 70516239  496.619  369.796  60.162  176.973  -8.00  -1.18  0000
   25   0.000  5729 70516240  499.381  370.578  60.978  176.771  -8.33  -1.51  0000
   26   0.033  5659 70516241  501.208  370.986  61.503  176.617  -8.45  -1.63  0000
   27   0.067  5143 70516242  503.707  372.163  62.318  176.543  -8.09  -1.27  0000
   28   0.100  3456 70516243  504.468  372.280  62.529  176.469  -7.46  -0.64  0000
