#
#   version : 20090611
#    num_fr : 13
#      time : 20130801 07:17:48.737 UTC
#      unix : 1375341468.737085
#       ntp : LOCK -1742 258852 1286
#       seq : 37920566
#       mul : 0 [A]
#      site : 01
#    latlon : 45.5749 -94.3965 370.0
#      text : Collegeville
#     label : 
#     plate : metal_20100816_20100506-404-gd3
#      geom : 640 480
#    reject : 0
#
#  fr    time   sum     seq       cx       cy      th      phi    lsp    mag  flag
   30  -0.234  1820 37920559  289.037  406.395  41.729 -117.255  -6.40   0.42  0000
   31  -0.200  2482 37920560  290.781  408.503  42.230 -117.990  -7.16  -0.34  0000
   32  -0.167  2721 37920561  291.047  411.226  42.963 -118.206  -7.41  -0.59  0000
   33  -0.133  2764 37920562  291.120  414.680  43.905 -118.376  -7.78  -0.96  0000
   34  -0.100  2760 37920563  291.914  416.805  44.458 -118.735  -7.58  -0.76  0000
   35  -0.067  3137 37920564  291.911  420.630  45.511 -118.877  -7.88  -1.06  0000
   36  -0.033  4134 37920565  293.282  423.084  46.141 -119.421  -8.38  -1.56  0000
   37   0.000  4855 37920566  293.357  425.444  46.792 -119.522  -8.67  -1.85  0000
   38   0.033  3815 37920567  293.830  429.007  47.765 -119.784  -8.33  -1.51  0000
   39   0.067  4175 37920568  294.944  431.836  48.519 -120.220  -8.50  -1.68  0000
   40   0.100  4534 37920569  294.908  434.723  49.326 -120.283  -8.60  -1.78  0000
   41   0.133  2859 37920570  295.440  436.920  49.926 -120.503  -7.82  -1.00  0000
   42   0.167  2278 37920571  296.801  439.854  50.713 -120.988  -6.93  -0.11  0000
