#
#   version : 20090611
#    num_fr : 12
#      time : 20130801 08:07:43.498 UTC
#      unix : 1375344463.498073
#       ntp : LOCK -1307 727256 1204
#       seq : 38010316
#       mul : 0 [A]
#      site : 01
#    latlon : 45.5749 -94.3965 370.0
#      text : Collegeville
#     label : 
#     plate : metal_20100816_20100506-404-gd3
#      geom : 640 480
#    reject : 0
#
#  fr    time   sum     seq       cx       cy      th      phi    lsp    mag  flag
   30  -0.167  1891 38010311  518.458  250.861  56.617  144.692  -6.25   0.57  0000
   31  -0.133  2020 38010312  520.879  252.060  57.328  145.020  -6.69   0.13  0000
   32  -0.100  2615 38010313  521.615  253.337  57.549  145.364  -7.49  -0.67  0000
   33  -0.067  2951 38010314  523.139  254.649  58.003  145.712  -7.82  -1.00  0000
   34  -0.033  3754 38010315  524.796  256.355  58.503  146.159  -8.20  -1.38  0000
   35   0.000  5052 38010316  525.404  257.858  58.696  146.552  -8.76  -1.94  0000
   36   0.033  4596 38010317  527.741  259.053  59.399  146.850  -8.67  -1.85  0000
   37   0.067  4112 38010318  528.708  260.399  59.701  147.192  -8.42  -1.60  0000
   38   0.100  4283 38010319  530.196  262.230  60.168  147.650  -8.39  -1.57  0000
   39   0.133  4350 38010320  531.180  263.871  60.487  148.060  -8.45  -1.63  0000
   40   0.167  3700 38010321  533.551  265.462  61.220  148.433  -8.07  -1.25  0000
   41   0.200  1632 38010322  534.248  266.087  61.440  148.581  -6.25   0.57  0000
