#
#   version : 20090611
#    num_fr : 26
#      time : 20130801 04:09:08.477 UTC
#      unix : 1375330148.477785
#       ntp : LOCK -1689 761599 1407
#       seq : 37581305
#       mul : 0 [A]
#      site : 01
#    latlon : 45.5749 -94.3965 370.0
#      text : Collegeville
#     label : 
#     plate : metal_20100816_20100506-404-gd3
#      geom : 640 480
#    reject : 0
#
#  fr    time   sum     seq       cx       cy      th      phi    lsp    mag  flag
   29  -0.801  1741 37581281  241.292  115.960  40.202   24.909  -5.88   0.94  0000
   30  -0.767  1949 37581282  238.983  117.829  40.072   23.784  -6.19   0.63  0000
   31  -0.734  2310 37581283  238.489  120.241  39.571   23.168  -6.78   0.04  0000
   32  -0.701  2930 37581284  237.578  121.725  39.353   22.572  -7.38  -0.56  0000
   33  -0.667  3104 37581285  238.072  124.050  38.738   22.287  -7.74  -0.92  0000
   34  -0.634  3246 37581286  237.019  125.388  38.582   21.655  -7.66  -0.84  0000
   35  -0.601  3647 37581287  236.266  128.200  38.047   20.814  -8.00  -1.18  0000
   36  -0.567  3801 37581288  235.530  129.780  37.799   20.222  -8.13  -1.31  0000
   37  -0.534  3800 37581289  234.603  131.679  37.513   19.486  -8.29  -1.47  0000
   38  -0.501  3702 37581290  233.824  133.986  37.119   18.698  -8.28  -1.46  0000
   39  -0.467  3906 37581291  233.201  136.109  36.748   17.991  -8.22  -1.40  0000
   40  -0.434  4227 37581292  232.376  138.690  36.317   17.089  -8.35  -1.53  0000
   41  -0.400  4820 37581293  231.499  140.616  36.045   16.311  -8.66  -1.84  0000
   42  -0.367  4833 37581294  231.429  143.171  35.508   15.640  -8.76  -1.94  0000
   43  -0.334  4845 37581295  230.481  145.808  35.113   14.622  -8.64  -1.82  0000
   44  -0.300  4734 37581296  229.323  148.472  34.761   13.501  -8.53  -1.71  0000
   45  -0.267  5981 37581297  228.719  150.827  34.386   12.636  -8.99  -2.17  0000
   46  -0.234  5173 37581298  227.989  153.226  34.034   11.697  -8.75  -1.93  0000
   47  -0.200  5620 37581299  227.349  156.333  33.534   10.556  -8.87  -2.05  0000
   48  -0.167  5195 37581300  226.065  159.704  33.124    9.080  -8.93  -2.11  0000
   49  -0.133  5937 37581301  225.491  162.294  32.742    8.060  -9.01  -2.19  0000
   50  -0.100  5628 37581302  224.583  165.216  32.378    6.796  -8.92  -2.10  0000
   51  -0.067  5982 37581303  223.803  169.039  31.842    5.232  -9.06  -2.24  0000
   52  -0.033  5828 37581304  222.779  171.903  31.551    3.885  -8.99  -2.17  0000
   53   0.000  6451 37581305  222.124  174.855  31.183    2.598  -9.11  -2.29  0000
   54   0.033  3158 37581306  222.068  177.939  30.680    1.418  -7.98  -1.16  0000
