#
#   version : 20090611
#    num_fr : 16
#      time : 20140423 04:39:13.685 UTC
#      unix : 1398227953.685774
#       ntp : LOCK -450 255529 1223
#       seq : 76713820
#       mul : 0 [A]
#      site : 01
#    latlon : 45.5749 -94.3965 370.0
#      text : Collegeville
#     label : 
#     plate : metal_20100816_20100506-404-gd3
#      geom : 640 480
#    reject : 0
#
#  fr    time   sum     seq       cx       cy      th      phi    lsp    mag  flag
   29  -0.400  2053 76713808  265.887   63.732  51.179   39.004  -6.39   0.43  0000
   31  -0.334  2123 76713810  267.960   60.967  51.789   39.810  -6.14   0.68  0000
   32  -0.300  1982 76713811  267.771   59.751  52.135   39.832  -6.07   0.75  0000
   35  -0.200  2164 76713814  272.702   57.112  52.543   41.451  -6.22   0.60  0000
   36  -0.167  2255 76713815  274.009   55.878  52.807   41.904  -6.43   0.39  0000
   37  -0.133  2576 76713816  274.900   54.670  53.091   42.229  -6.64   0.18  0000
   38  -0.100  2348 76713817  274.308   53.738  53.383   42.104  -6.77   0.05  0000
   39  -0.067  2232 76713818  276.432   52.532  53.600   42.784  -6.27   0.55  0000
   40  -0.033  2455 76713819  278.543   51.526  53.770   43.446  -6.66   0.16  0000
   41   0.000  2699 76713820  279.544   50.823  53.916   43.769  -6.71   0.11  0000
   42   0.033  2643 76713821  280.789   49.958  54.098   44.167  -7.01  -0.19  0000
   43   0.067  2424 76713822  282.196   48.873  54.338   44.618  -6.88  -0.06  0000
   44   0.100  2551 76713823  282.132   47.429  54.746   44.655  -6.51   0.31  0000
   45   0.133  2498 76713824  284.450   46.673  54.858   45.348  -6.67   0.15  0000
   48   0.234  2121 76713827  287.642   43.669  55.582   46.357  -6.08   0.74  0000
   52   0.367  1850 76713831  292.681   39.940  56.476   47.877  -5.71   1.11  0000
