"ra" "dec" "antirad"
"1" 211.676109959429 34.4871587457802 0
"2" 230.932967960192 12.5301233694471 0
"3" 245.259534215783 -8.11892874197135 0
"4" 255.066437612626 -21.2409836799884 0
"5" 189.135787391216 48.4908669232358 1
"6" 287.194691003144 -47.1932746364997 0
"7" 191.091109777833 47.662118986998 1
"8" 235.445815127492 6.14842861082524 0
"9" 192.071304561045 47.2237349507033 0
"10" 260.850652658385 -27.8760579227672 0
"11" 197.425390282104 44.5373539497631 0
"12" 221.184265589616 24.8917309366248 0
"13" 142.572909145851 55.453933891105 1
"14" 232.186072538615 10.7886203335598 1
"15" 223.244914003331 22.4794077772916 0
"16" 163.066668647406 54.9189979100439 1
"17" 230.243723776605 13.4758747801849 0
"18" 146.870292925314 55.6274740109353 -1
"19" 240.652627172935 -1.44315771451433 1
"20" 184.929455663008 50.0798764260061 1
"21" 213.29859574028 33.0270896012659 1
"22" 152.775044763402 55.6199628873452 1
"23" 347.438250934238 -54.3431306935405 -1
"24" 182.143191262142 50.9977583042777 1
"25" 150.423148629793 55.656945094695 1
"26" 260.826771737049 -27.8505824415736 0
"27" 254.27080550109 -20.2573321359535 0
"28" 138.140450685152 55.1136119296026 1
"29" 229.611385637209 14.3353865538912 0
"30" 150.751193923449 55.6544892282446 1
"31" 207.295841915695 38.0843666691354 1
"32" 143.442706793478 55.5013471864099 1
"33" 237.613928446139 14.3783379872868 0
"34" 268.685993089414 -17.6923239703958 0
"35" 273.329893243677 -21.8517810117247 -1
"36" 188.458826505779 43.7426272009458 1
"37" 311.417064989111 -42.9403770313036 -1
"38" 194.873646232799 41.8753144657898 1
"39" 275.496370236518 -23.6735574532139 -1
"40" 198.44166184583 40.6251855055498 0
"41" 292.083295913476 -35.0006804036261 -1
"42" 191.190989433886 43.0047552950349 0
"43" 225.541531491796 25.1232153503244 0
"44" 145.379033963091 45.9217789457659 1
"45" 236.653648553455 15.3126100518258 1
"46" 232.351771209283 19.3397994422144 0
"47" 159.487122000084 47.0411570091465 1
"48" 225.725810166115 24.9768806170347 0
"49" 251.924597330166 -0.54612746764283 1
"50" 245.196674306009 6.64015258697657 1
"51" 181.493322141391 45.2631142184551 1
"52" 213.581073126734 33.3890835554195 1
"53" 156.34107822592 46.9450942969788 1
"54" 0.553512965442837 -45.4304969942823 -1
"55" 178.642445483912 45.7442862165874 1
"56" 148.399512362812 46.3129101859188 1
"57" 280.904913080407 -27.8759005075221 -1
"58" 264.900836026788 -14.0664398758984 0
"59" 140.719389364166 45.147919947776 1
"60" 250.31930976802 1.17852951792196 0
"61" 160.884582745967 47.0561274856902 1
"62" 207.180620543006 36.8552293441774 1
"63" 142.684119791336 45.4999536814194 1
"64" 214.007352840437 7.04001465169352 1
"65" 187.118089053268 -2.9526943850605 1
"66" 184.448831230355 -3.94585296361456 1
"67" 191.456970425731 -1.32207367059147 1
"68" 209.425323974927 5.40030253536273 1
"69" 228.281135322794 11.7414345955518 1
"70" 217.36940811942 8.20837072556872 0
"71" 206.743234850698 4.41953547428867 1
"72" 289.847972526008 20.652672967167 1
"73" 270.3014262701 20.1026016242938 1
"74" 333.870883694776 13.9610476942015 -1
"75" 235.017808258611 13.6846011908023 1
"76" 241.838719105293 15.4375926110038 1
"77" 325.848085065017 15.9589381451498 -1
"78" 230.622484097561 12.4393368452549 0
"79" 241.155062740934 15.2721767775035 1
"80" 251.654544131012 17.5463925074807 1
"81" 339.841373793528 12.276058031885 -1
"82" 193.475962021314 -0.559257988995976 1
"83" 167.505846501237 -9.89180021168304 1
"84" 207.820468992729 4.81507390838143 1
"85" 338.467762165712 12.6778377230943 -1
"86" 321.87651976932 16.8272279209567 -1
"87" 186.785367424673 -3.07699340838509 1
"88" 313.404601876801 18.3979974938521 0
"89" 328.362195991608 15.367250226243 -1
"90" 232.103137044424 12.8684917866659 1
"91" 187.040205227494 -2.98180203140508 1
"92" 204.86661272361 3.72585106045356 1
"93" 320.386427089811 17.1315877966379 -1
"94" 281.292635787765 -21.4881232290697 0
"95" 186.021201990458 18.4475219368935 1
"96" 346.625189171148 -23.5435237367345 -1
"97" 208.027333554934 9.79661032420477 1
"98" 263.171213225161 -15.7085431138598 1
"99" 218.984288915543 4.66036675798434 0
"100" 183.80856165321 19.1574171678871 1
"101" 156.543976710324 25.1637024364861 0
"102" 186.160272702499 18.4018354722128 0
"103" 149.011024624874 25.9115852811539 1
"104" 224.116420205293 2.15299214067093 1
"105" 152.41137135041 25.6229153955777 -1
"106" 153.473933063109 25.5162089877549 1
"107" 236.337888243597 -3.86508497334907 0
"108" 261.951795037658 -15.2450192558972 1
"109" 238.658827336678 -4.99092732907199 1
"110" 170.914353079361 22.6391797758569 1
"111" 200.591633920073 13.0145260059378 1
"112" 161.893373225704 24.3923624667626 1
"113" 24.5770805818707 -11.3220631762986 -1
"114" 168.86474119198 23.0873051508264 1
"115" 145.705250850513 26.1151798928436 1
"116" 300.147122856078 -25.129781151119 0
"117" 262.594669780837 -15.4904789414281 0
"118" 143.788559234216 26.1984774851925 1
"119" 294.59806848908 -24.3153924437798 1
"120" 177.143820513705 21.0986659948066 1
"121" 205.303775799268 11.0051935704794 1
"122" 141.775418882774 26.258526047018 1
"123" 184.585742600277 -1.94291140061152 1
"124" 196.275584739046 -6.52290673500624 1
"125" 215.295486826056 -13.1502536588409 1
"126" 272.463650124168 -21.8682766844475 1
"127" 228.922102726222 -16.9130404360448 0
"128" 243.254191566585 -19.779966787691 1
"129" 143.362253624709 13.4052095812327 -1
"130" 158.90743821759 8.1333911287052 -1
"131" 330.945855913917 -10.9543046273548 -1
"132" 211.112068259664 -11.8137957218151 1
"133" 307.251647480728 -17.6790064315509 1
"134" 330.654093014546 -11.0531574855463 -1
"135" 242.069482791843 -19.5878481205292 -1
"136" 266.962275618409 -21.8672891591956 1
"137" 231.313074503494 -17.4721660223913 1
"138" 345.369868029424 -5.69589153172824 -1
"139" 191.375239540401 -4.63188208379167 1
"140" 345.03649659648 -5.82424655117125 -1
"141" 216.96668844796 -13.6617415738092 1
"142" 343.81298308495 -6.29310478209449 -1
"143" 324.458118984133 -13.0669437577859 -1
"144" 184.885943204136 -2.06292951379948 1
"145" 252.814708746247 -21.0266450961548 0
"146" 325.370775674239 -12.7809832014461 -1
"147" 287.086578033873 -20.9837340181039 1
"148" 187.012129000243 -2.91057653408645 1
"149" 204.086784581568 -9.4045926696725 1
"150" 321.352930806817 -14.0106541670463 -1
"151" 185.098977545199 5.56775113087729 0
"152" 189.362736473978 49.9075749378864 0
"153" 187.353162857064 33.9956469062414 -1
"154" 189.306682417908 49.5652110513869 1
"155" 185.981984256788 17.9283935417212 0
"156" 188.253698962267 42.1334707640438 0
"157" 186.014417433624 18.3579363089024 0
"158" 172.763229809599 -71.7845153853567 0
"159" 181.962930221103 -35.1909372623056 1
"160" 186.862997518946 28.7671200333491 -1
"161" 23.3212393869169 -77.9381670815655 -1
"162" 192.385394217694 62.9361351432493 1
"163" 189.92009448079 53.0619305918488 0
"164" 178.490332704077 -57.8561385935782 1
"165" 190.545565681057 56.1227584816998 1
"166" 183.344957755536 -19.3704024627034 1
"167" 179.036372000952 -55.4515826163354 0
"168" 187.776193388723 38.0458492372276 -1
"169" 191.675319458785 60.6300051927726 1
"170" 58.3892780680367 -85.1635044783501 0
"171" 184.588417236877 -1.90371937660436 0
"172" 182.015904305876 -34.6691934993268 0
"173" 169.824581978731 -75.1462069946089 0
"174" 187.085577171477 31.2138415711161 -1
"175" 184.888012534779 2.48900397868898 0
"176" 262.332092124352 86.007696825382 -1
"177" 116.611542000187 -85.7982726800782 -1
"178" 221.155448979558 -29.1958109089833 1
"179" 322.636344449407 -38.7728383879803 1
"180" 244.377666782283 -41.3944480752567 -1
"181" 157.595001682959 30.4014376068806 -1
"182" 160.641227155664 28.2461622171798 -1
"183" 175.959088180263 15.0196874786647 0
"184" 327.321064931005 -36.5259934436806 -1
"185" 206.232878446982 -16.6806221448276 1
"186" 341.827114107101 -27.3636228220979 1
"187" 334.983529295142 -32.1225908023519 -1
"188" 254.873434308193 -44.5022183150964 -1
"189" 295.525214336777 -46.3747781632422 1
"190" 222.499194507584 -30.1357670638184 1
"191" 350.151873219364 -20.4851399480124 -1
"192" 192.500082663174 -2.45480651402545 1
"193" 341.230108873263 -27.8109734207006 -1
"194" 229.938832248911 -34.7885106694934 1
"195" 348.491731637483 -21.9506807563127 -1
"196" 326.941758711677 -36.7199932925668 -1
"197" 198.993231986876 -9.39705423908286 0
"198" 224.961472772392 -31.7779244414161 0
"199" 321.870536914556 -39.1100779603652 -1
"200" 332.881145651301 -33.4251004559018 1
"201" 182.61428511084 8.21410067040466 1
"202" 203.785660301602 -14.2909291864359 1
"203" 322.319537103765 -38.9133474922949 -1
"204" 201.364863577719 28.4945656424289 0
"205" 190.219044478388 48.823429158558 1
"206" 210.586168528391 1.6958574934903 0
"207" 193.774949394537 43.690774065779 0
"208" 203.630136415652 22.6629184063905 0
"209" 310.836021924446 -72.4355539759495 -1
"210" 213.913712695111 -8.893442405404 1
"211" 201.812051423249 27.391455708971 -1
"212" 170.169747296913 64.542135120079 1
"213" 146.762080357719 70.9098915341336 1
"214" 185.608334298077 54.076226368952 0
"215" 221.881047590797 -30.9093295874478 1
"216" 187.042893122212 52.5881481088778 1
"217" 204.579683938674 20.0433523636725 1
"218" 137.258711654152 72.0062921376872 1
"219" 212.800061909201 -5.38296134688447 0
"220" 185.086379123857 54.5884308359804 1
"221" 156.121396061051 69.1482210700448 1
"222" 216.72239274885 -17.3885972052638 0
"223" 222.520602607204 -32.3672925972057 0
"224" 307.360314127155 -72.5753428886187 -1
"225" 201.894848289509 27.1845871547148 0
"226" 261.314436240901 -67.8981962620703 -1
"227" 205.673804836935 16.906934167086 1
"228" 145.9667280502 71.0255258156194 1
"229" 209.36112686852 24.3555740832404 0
"230" 303.841945983879 -35.4875479158001 -1
"231" 175.40417471628 37.0575536178976 -1
"232" 210.392768578805 23.7674860733441 0
"233" 326.84804453355 -39.0727032151154 -1
"234" 231.058313646969 9.61106210409477 1
"235" 204.48095487771 26.96999362261 -1
"236" 336.864649825873 -39.173067401034 -1
"237" 231.863846222143 8.98342796984865 0
"238" 261.336517876655 -14.3893539498759 1
"239" 241.951646330806 0.877205101746299 1
"240" 356.763668858858 -36.7796288094199 -1
"241" 207.78902486584 25.2280311343612 1
"242" 338.668094543043 -39.0998468803238 -1
"243" 12.2269832213045 -32.3270039818207 0
"244" 354.277297270782 -37.2747092769414 -1
"245" 327.26400019371 -39.0939901718921 -1
"246" 283.045231478689 -27.705301156455 0
"247" 262.740513203162 -15.40166522514 0
"248" 321.939819154094 -38.7083643049513 -1
"249" 209.08071814225 24.5132920823154 0
"250" 347.783647635259 -38.2978201431642 -1
"251" 206.297193270107 26.0293695625515 1
"252" 322.311058506697 -38.7432570508073 -1
"253" 224.861981055917 -8.36181736198062 1
"254" 195.335870872732 44.0699869451686 1
"255" 209.735413529804 23.6736299340731 1
"256" 137.409681754382 65.7033601792924 0
"257" 221.430792884515 -0.780719708839052 0
"258" 28.2813072478682 -26.2769271801736 -1
"259" 167.024999025536 61.0035488762531 0
"260" 91.3823096887468 59.7509709879644 0
"261" 181.462803236263 54.8675885467079 1
"262" 230.136697998373 -19.3310455278966 0
"263" 186.337603214894 51.7855713905056 0
"264" 208.371440517771 26.1191904387315 0
"265" 146.36233166994 65.0548783622396 0
"266" 102.508027662706 62.9366842194133 -1
"267" 184.002263455699 53.3425472586038 0
"268" 153.348137065719 64.1334013963618 0
"269" 231.839576687692 -22.5898288420144 1
"270" 55.2835547160989 28.6711369838663 -1
"271" 133.324008760532 65.8180460623862 -1
"272" 209.329873542794 24.4121481565164 1
"273" 125.237254385495 65.7227882379001 0
"274" 206.538084838737 29.2319852116081 0
"275" 144.676842102121 65.2204450901855 0
"276" 161.783838340225 29.055046091553 0
"277" 185.502924746283 18.2029354596764 0
"278" 147.946982077318 32.8762333320641 1
"279" 218.522937786392 -3.94998207648511 1
"280" 165.214436528869 27.8261428885898 -1
"281" 154.764412726045 31.2168815833168 1
"282" 241.839236100975 -18.9992833845485 -1
"283" 276.559445268933 -32.564354429093 1
"284" 233.436851230758 -14.0026215751484 1
"285" 171.8285881353 25.130803376387 1
"286" 198.883580246389 9.84258573302073 1
"287" 160.918370322459 29.3470307677503 1
"288" 208.686489517652 3.04569585748689 1
"289" 169.846594084746 25.9837933703797 1
"290" 146.495919837854 33.1750193636902 1
"291" 260.771521897443 -27.8464601065178 0
"292" 249.194701991301 -22.8515332472129 0
"293" 142.718981714434 33.8652106796253 1
"294" 147.697174522087 32.9290130694398 -1
"295" 176.212361588421 23.1064620017491 1
"296" 204.981270081458 5.65654577736318 1
"297" 142.088016173148 33.9683153798973 1
"298" 302.22421074421 8.73588108581206 0
"299" 149.876906885962 19.5486427099959 1
"300" 265.710333051342 36.9881028225838 1
"301" 338.767133769869 -26.8715630826544 -1
"302" 152.752148036009 22.0591873173312 1
"303" 213.457947923279 46.7060455558775 0
"304" 207.889433476999 46.224779815344 1
"305" 86.1771194382962 -36.7604198418874 -1
"306" 177.352611561747 37.9699350877047 1
"307" 226.900457382808 46.742066333817 1
"308" 161.079453417122 28.5590029884024 1
"309" 5.06568702442529 -41.0725067453006 -1
"310" 173.838293104159 36.2844243534701 1
"311" 144.596407299143 14.6133318777688 1
"312" 326.864454932165 -16.7817346891363 -1
"313" 300.554025960526 10.4503870413446 0
"314" 145.112982240866 15.113272839669 1
"315" 348.862143433186 -33.5815886742761 -1
"316" 170.264724904334 34.3821793818798 1
"317" 208.179864770292 46.256812434487 1
"318" 141.267212630711 11.3131335782684 1
"319" 331.663023276558 -4.86672972535676 -1
"320" 246.703235856084 24.4294775947951 1
"321" 36.2275770362161 -24.4728571202703 -1
"322" 329.367759200384 -3.80534790418773 -1
"323" 225.661359844125 25.1277748184496 0
"324" 233.408098820776 25.2174272430943 1
"325" 255.389835294871 23.2710975648636 1
"326" 167.229218369986 11.6624567242452 1
"327" 206.478202020821 23.1656169793809 1
"328" 164.299468907809 10.4525702916947 1
"329" 18.9848629602583 -21.7263307740557 -1
"330" 165.092031345043 10.783614307943 1
"331" 323.423342612256 -1.02194907486582 -1
"332" 162.495404344632 9.68920245029103 1
"333" 299.646717298891 9.84517087352928 0
"334" 326.468048282532 -2.45228809682697 -1
"335" 210.763418462185 23.8191226140302 1
"336" 179.310228922961 16.198887734084 1
"337" 206.088159961405 23.0999950308454 1
"338" 320.915731282163 0.159456075545587 -1
"339" 158.706355002488 -44.3506066886478 1
"340" 149.159277367242 24.8651038848914 -1
"341" 150.822471865009 11.9805064687906 1
"342" 133.161508276617 70.534557899733 1
"343" 142.721204502232 55.0423854054349 -1
"344" 163.848090405711 -60.184194643405 1
"345" 155.35976560736 -25.3373165309711 1
"346" 159.487866704298 -47.5933730743513 1
"347" 300.194542721871 -77.7203282811653 1
"348" 139.277857324981 62.7417092111513 -1
"349" 155.105013558015 -23.5106893056899 1
"350" 147.086943711871 37.8086800938257 1
"351" 150.417060426366 15.2945782297581 -1
"352" 155.850015211906 -28.6999268011623 -1
"353" 286.662502114707 -80.8157437064372 0
"354" 147.933800173137 32.9564726216362 -1
"355" 140.072010798555 61.2629823025829 0
"356" 187.490511523176 -78.6923108315999 1
"357" 143.260363148286 53.4700335269161 1
"358" 238.336759447845 16.9493908844316 0
"359" 137.780851412572 -47.4042425458834 0
"360" 231.482081001254 10.055011184915 1
"361" 239.2695067372 17.8387292207644 0
"362" 267.041937709131 37.6476243865769 -1
"363" 144.717398788068 -46.8493148700469 0
"364" 165.896435683672 -42.2623657783006 0
"365" 173.317699093223 -39.4436797987286 0
"366" 214.323343795984 -8.46022033649115 0
"367" 144.80060275477 -46.8400244856237 0
"368" 138.080128057598 -47.3891346119902 0
"369" 208.881935647379 -14.0765435555224 0
"370" 182.746519617756 -34.7490578780183 0
"371" 152.83110397707 -45.636696360272 0
"372" 233.428908188049 12.0710016246177 0
"373" 196.558993856078 -25.2675281343573 0
"374" 203.463366008438 -19.2941846703116 0
"375" 139.04009334817 -47.3353514365931 0
"376" 333.549926280467 -25.8691690066942 -1
"377" 227.305631048169 21.1555660637663 0
"378" 240.658741251747 15.9559569356038 1
"379" 248.500563104316 12.3508638030418 1
"380" 353.160055577816 -28.574673566668 -1
"381" 28.4531722790745 -26.2429957139371 -1
"382" 341.333971484665 -27.2890957952465 -1
"383" 15.024671657706 -28.2223155676695 0
"384" 350.702694713513 -28.3933496618263 -1
"385" 325.478712986622 -23.9100880315204 -1
"386" 315.740204531211 -20.8869179737004 0
"387" 279.587498028875 -4.20876866039119 0
"388" 324.125981914145 -23.5331210197792 -1
"389" 20.867538079292 -27.5277569316811 0
"390" 353.494323298631 -28.5958783342211 -1
"391" 26.3423647693875 -26.6442024710146 -1
"392" 321.649210401363 -22.8068314406069 -1
"393" 174.657736837119 68.2935994233112 1
"394" 163.956810039654 56.4866723287746 -1
"395" 131.67356774263 -59.2536260373639 1
"396" 310.384230031399 61.0014821721784 -1
"397" 131.211761710343 -59.9026050778292 1
"398" 157.807269050989 42.2444477299349 0
"399" 163.733177995215 56.1051506729312 -1
"400" 128.384206600331 -63.3571498040102 1
"401" 138.348159049492 -45.8965996928639 0
"402" 151.358366344703 14.887216514339 -1
"403" 144.25687334322 -23.9914562026769 -1
"404" 147.463924312856 -7.08003424605985 0
"405" 155.34665531772 33.5839812254864 -1
"406" 159.895849027006 48.0895702171662 0
"407" 223.737822725766 79.7774280261377 0
"408" 139.294251104711 -43.1805738617594 0
"409" 218.363379081107 39.6104386759465 1
"410" 237.466131855882 -7.09416806730363 -1
"411" 196.656532373729 60.8550462298319 0
"412" 218.594269844881 39.2285560435914 0
"413" 139.299578707967 70.8303917588085 0
"414" 95.0349389221338 61.7305559241833 -1
"415" 193.937535415155 62.2274114360456 0
"416" 157.118775615096 70.5156941369906 -1
"417" 64.5684318502818 25.6684938469173 -1
"418" 64.3261804336288 25.1046720248458 -1
"419" 129.844219764122 70.282984276062 -1
"420" 230.013374566344 14.1016673961267 1
"421" 112.488252013914 67.696277343256 0
"422" 208.941897962388 51.7791737458838 0
"423" 145.935424494096 70.9159120585314 0
"424" 246.089350021241 8.20407753764542 1
"425" 187.932791688671 53.5547611712017 1
"426" 218.70887254947 39.3496233995699 1
"427" 332.491106532491 -56.1769675253544 -1
"428" 342.811155056222 -56.503435943261 0
"429" 184.782566017379 54.2477301159485 1
"430" 330.519612392712 -56.0150621856736 -1
"431" 272.364262612076 -28.2238096722867 0
"432" 262.271699261216 -15.6865449781742 0
"433" 318.408951063246 -54.2609370836761 -1
"434" 251.151328888159 0.622533114744676 0
"435" 330.239613208427 -55.9893993258171 -1
"436" 208.158487705345 46.0833267772348 1
"437" 323.409891740454 -55.1505064380263 -1
"438" 132.697167613651 -59.4106768601559 -1
"439" 133.069042046459 -59.4654005141303 0
"440" 180.099247457618 -57.4721859021261 0
"441" 224.69819741752 -27.2599997061156 0
"442" 133.793258482884 -59.568452523987 0
"443" 135.032671709317 -59.7341715664481 0
"444" 228.639320962537 -21.6263519110234 0
"445" 220.261073863755 -32.8647144248598 0
"446" 157.379759928142 -60.6322171629031 0
"447" 244.347715526101 5.14200980770834 0
"448" 208.395299064561 -44.2673042464819 0
"449" 200.701542950049 -49.3926778129267 0
"450" 137.909605247298 -60.0684569952662 0
"451" 312.397755454077 59.6277764900505 -1
"452" 165.162883348728 5.02100784572865 0
"453" 181.220306044131 44.8359887710155 -1
"454" 145.550701408412 -45.6050167520518 0
"455" 135.928760848643 -56.8286077004794 -1
"456" 166.051152128086 7.90455064805211 0
"457" 154.279086702493 -28.1390616340682 -1
"458" 151.01362607216 -35.7126037873773 0
"459" 175.053129662738 33.0863001437888 -1
"460" 173.309805807293 28.9480507475139 0
"461" 213.133777602785 68.2162245787 0
"462" 138.497931890668 -54.4176674452228 0
"463" 172.312527785242 -35.4120728105972 0
"464" 202.194406524374 15.909476815146 -1
"465" 134.293486346233 -59.1561425300864 0
"466" 135.309888546676 -58.8862198138335 0
"467" 191.020164943211 -5.31630524583223 0
"468" 173.881603787592 -33.471357654312 -1
"469" 154.136734387539 -51.1140282006526 0
"470" 207.68608229082 25.0688944695135 0
"471" 189.286703814895 -8.62902435020586 0
"472" 206.044127571132 22.4656171335375 0
"473" 138.139051116744 -58.0684067385469 0
"474" 149.779810735423 60.7532171326819 -1
"475" 164.549751518337 8.89336184797714 1
"476" 151.230531418732 58.4607002192916 1
"477" 164.589531294658 8.64423666302176 0
"478" 171.774287216809 -33.0670382205206 -1
"479" 296.005430794204 -78.4856508610223 0
"480" 159.967888790631 33.7490747289801 -1
"481" 153.785029728226 53.4965973887071 0
"482" 194.298126818987 -71.82232086736 1
"483" 144.912732856101 66.5201032709729 1
"484" 359.169510667868 -46.6136628089885 -1
"485" 331.813024932889 -60.2372323767659 -1
"486" 219.533675312428 -18.4782666774687 0
"487" 227.293293399382 -31.1637396123618 0
"488" 314.786732486188 -63.292383354304 0
"489" 14.1608044396158 -29.5328169541741 1
"490" 314.34956113148 -63.3374142508582 -1
"491" 25.2428660250602 -10.0069477368296 -1
"492" 324.173801095903 -61.9460697573094 -1
"493" 135.571032453572 -58.0469188808372 0
"494" 164.492629668689 8.6929856858186 0
"495" 153.591241467928 -27.885922544617 -1
"496" 150.880951161663 -34.8654706283915 0
"497" 172.591385954891 33.3207480540781 -1
"498" 171.893852018582 31.5631470894364 0
"499" 214.297788426318 70.6170714314073 0
"500" 138.422494226542 -55.2443588101352 0
"501" 144.86757450998 17.5815383351421 -1
"502" 141.327320731764 -22.5926290739951 -1
"503" 144.852485869714 17.4187648432178 0
"504" 146.448104663513 32.7763779251415 -1
"505" 150.471795188231 55.8383769779554 0
"506" 247.399020279204 85.0341092648399 -1
"507" 139.569496126789 -37.9411404841609 0
"508" 243.511623632167 -25.4588862249917 0
"509" 324.832260730225 -17.5954424951232 -1
"510" 297.857253955528 -25.6004164099798 1
"511" 187.155427563899 -3.27399850792962 1
"512" 203.940468891896 -11.8007214326406 1
"513" 321.512627493276 -18.8644714089751 -1
"514" 329.678891799087 26.3580047433463 -1
"515" 269.336794823089 -11.2172816392036 1
"516" 201.996811388264 -35.2521972678668 1
"517" 202.2585406156 -35.2379206034214 1
"518" 320.218982027964 22.0416386088184 -1
"519" 142.954405790905 32.2804190073866 -1
"520" 134.847232864359 63.1770100070055 -1
"521" 184.384175911991 -80.334486737892 1
"522" 142.226311069002 36.9978995297282 1
"523" 350.810933994875 -33.4594076289195 -1
"524" 206.267077072389 25.6158268977059 1
"525" 322.008794643711 -32.1285653412945 -1
"526" 202.224452225312 -35.6212970132988 1
"527" 143.871384220713 59.566716075802 1
"528" 110.178205768563 -86.6141691452969 -1
