"ra" "dec" "antirad"
"1" 74.5336805021048 -70.1511563554844 1
"2" 256.463223957154 73.4989902700433 0
"3" 48.4295503780949 79.5950558770708 0
"4" 66.5270728200259 -13.0481229128 -1
"5" 63.1980092812749 39.6208369279398 -1
"6" 66.9264859835692 -19.7432558643052 -1
"7" 65.4557125237401 6.24030519708541 0
"8" 64.2779946324224 25.8390341268361 0
"9" 68.5454317097631 -41.1548367697992 -1
"10" 69.2464490188475 -47.6460632745508 -1
"11" 257.045923483815 74.3010628550984 -1
"12" 276.078938036941 83.7953028382034 0
"13" 65.6095035863551 3.4554467638987 -1
"14" 57.1665531356984 69.9370639234986 0
"15" 272.350485427033 83.0084175082486 1
"16" 59.2659164386409 64.2756558395971 -1
"17" 68.8383851378612 -44.0446478426545 -1
"18" 251.52985273155 61.2337696950611 -1
"19" 58.1279270238884 67.6741629713062 0
"20" 64.8544261599077 16.7399722856761 1
"21" 65.6367116730256 2.96067139107554 -1
"22" 72.2340649569086 -63.9357658610588 0
"23" 66.0122833416645 -3.88197812779068 -1
"24" 69.3175255466569 -48.2269250427996 1
"25" 64.1375394921842 27.8771118063197 1
"26" 349.474086822073 86.7709529438513 -1
"27" 66.5349968136217 -13.1852183991531 -1
"28" 56.8605289908116 70.5667711717206 0
"29" 62.0547519981299 49.9896916281498 0
"30" 53.4266132948324 75.6493082913462 0
"31" 257.069959030809 74.3324855322345 -1
"32" 46.9231345905211 80.3830565486392 -1
"33" 259.147544361848 76.6430777080917 0
"34" 64.9958131788125 14.346674222174 0
"35" 64.575942792352 21.2771490411839 1
"36" 68.2081873092095 -37.4801686100084 1
"37" 65.6458947989719 2.79357383493892 -1
"38" 54.3468582743456 74.5657713532898 -1
"39" 74.0310115022939 -69.0500289134675 1
"40" 67.9749371767166 -34.7054297305345 1
"41" 64.478447576403 22.8047000969615 0
"42" 60.6728691964153 58.4704263994657 0
"43" 62.319298882801 47.9137894201652 0
"44" 51.1338692930716 77.7826449915805 0
"45" 65.2302408807933 10.2667487251009 1
"46" 67.4746274330096 -28.0741985532401 -1
"47" 252.184217190371 63.7602212795641 -1
"48" 273.873651351452 83.3560975729937 1
"49" 268.374901620742 81.8736322763841 0
"50" 66.8305266448143 -18.1779610185567 1
"51" 62.6034851533275 45.480928365625 -1
"52" 63.8822211635422 31.3920244894315 1
"53" 66.6106509642587 -14.4862072357869 -1
"54" 104.70489477034 -55.1320200627697 0
"55" 166.193491396081 63.3087070629287 0
"56" 160.53907186178 59.7099263151856 0
"57" 130.153209635135 0.670888348382516 0
"58" 134.283044500295 14.2509670152359 0
"59" 125.951533272898 -13.215624369972 0
"60" 137.90061318649 24.9463595560101 0
"61" 129.195211052993 -2.55060027003688 0
"62" 125.761165379733 -13.8195862891446 -1
"63" 51.7447818438383 -73.1107294261895 1
"64" 162.782229545723 61.2668870871251 0
"65" 135.718263624953 18.6720406409549 0
"66" 144.666228282408 40.5138725283076 0
"67" 133.293067397458 11.0883858437158 1
"68" 145.188730923048 41.4812054956362 0
"69" 128.59530562627 -4.56071732613311 0
"70" 113.186239770527 -44.1468011460798 1
"71" 142.437862540283 36.0290928459097 0
"72" 130.044740465194 0.305962031893113 1
"73" 143.789103198479 38.8195441242388 0
"74" 96.1144892132453 -61.9101188881573 0
"75" 193.880085390178 71.6913022537412 -1
"76" 127.962909954162 -6.66695909454177 1
"77" 139.770010494024 29.8396412162692 1
"78" 163.396702937833 61.6619404124343 0
"79" 134.349272376225 14.4594935796005 0
"80" 146.181496504779 43.2362801489626 0
"81" 152.450930386381 52.1618339286542 0
"82" 127.116702799631 -9.45503597252039 0
"83" 197.121243603365 72.1264790604016 -1
"84" 151.963149857728 51.5828378508749 -1
"85" 246.640623482013 71.60041994699 -1
"86" 134.685687362179 15.5123250866409 0
"87" 332.504004003376 -52.2238183005218 -1
"88" 133.835291020403 12.8307871767515 1
"89" 134.764556813836 15.7575614277943 -1
"90" 137.13827406232 22.8209357944328 0
"91" 89.904868875843 -65.2073065588286 1
"92" 39.9570939437712 -73.4474079926671 0
"93" 130.335730357915 1.28480455747914 0
"94" 163.884974473176 61.9668954390549 0
"95" 188.423735668808 70.7768017139071 -1
"96" 139.991301797264 30.3884240504255 0
"97" 14.6081077146517 -71.7955862026943 0
"98" 150.137080296005 49.2575974782458 0
"99" 130.00081560807 0.158175104163557 1
"100" 129.984036819973 0.10172151293902 1
"101" 204.01672138597 72.824010421428 -1
"102" 131.609057577665 5.55105682908238 1
"103" 136.472380553595 20.9052222557767 0
"104" 142.12430500253 35.3492222648801 1
"105" 139.070031031576 28.0611594568553 0
"106" 159.480398778859 70.457311137602 0
"107" 142.388160658428 57.862458085773 0
"108" 123.873547333033 6.24915919792634 0
"109" 124.575629777704 9.47601931373924 0
"110" 120.006185276675 -11.6837571462374 0
"111" 128.869662189528 27.3467078461878 0
"112" 120.109071553878 -11.2209607333762 -1
"113" 117.537399490058 -22.2104666704834 -1
"114" 253.078675406473 74.3175930749843 -1
"115" 172.248629947285 74.3745807899602 0
"116" 126.501980482123 17.9666346453598 0
"117" 137.295953552087 50.0586975204449 0
"118" 138.105335278115 51.5215227441904 1
"119" 136.926044565082 49.3569946594329 0
"120" 119.496247326256 -13.9532317093733 0
"121" 109.163228493468 -47.3076664415285 1
"122" 135.141671921289 45.6517955381729 0
"123" 123.086699354627 2.58475562799069 1
"124" 131.909452968445 37.3611282548358 0
"125" 99.7031017973266 -61.1966344461094 0
"126" 173.224070058737 74.5841135803953 0
"127" 118.676329175946 -17.5059829350048 1
"128" 130.278882857588 32.2757903934332 1
"129" 163.02800087977 71.8118373333294 0
"130" 124.928530335119 11.0761635623113 0
"131" 138.659667021105 52.4689936170914 0
"132" 141.165772991455 56.2641817268063 0
"133" 123.596409630124 4.96290717224748 0
"134" 249.838643440592 74.9856653035484 -1
"135" 146.312770561977 62.1144719170282 -1
"136" 252.500316964707 74.4445706396586 0
"137" 126.199707093664 16.6783734450255 0
"138" 319.078885090432 -53.1577887250615 -1
"139" 123.123405717338 2.75642186838669 1
"140" 125.839085604942 15.1179314636466 -1
"141" 131.79319292821 37.0198702529329 0
"142" 100.119807014003 -60.772496572515 1
"143" 203.13042913339 77.7973730067744 1
"144" 123.46608311513 4.35617547442276 0
"145" 151.680774083834 66.3438609231954 0
"146" 173.72603937805 74.6881850771537 0
"147" 134.832714009871 44.9522519818917 0
"148" 355.828447480286 -75.0979399893316 -1
"149" 133.880064999659 42.6777841378531 0
"150" 114.91176311705 -31.8724823353569 1
"151" 133.478487118171 41.6634470767176 1
"152" 218.247287138869 77.8982240391685 0
"153" 122.957824827054 1.98168710667586 1
"154" 128.734161220555 26.8463762319061 0
"155" 132.128106321843 37.9943198820415 1
"156" 127.894295283414 23.6436233395706 0
"157" 168.392362369627 59.6994439992667 0
"158" 187.362271662569 -36.715163048042 0
"159" 177.60930832611 27.6676596645859 0
"160" 184.267308646064 -18.9493146630639 0
"161" 180.953375326476 5.06688959047428 0
"162" 176.359863864949 34.4764675482479 0
"163" 176.032850778534 36.0967624947803 0
"164" 176.008340709094 36.2155681632854 1
"165" 164.673130444034 65.3524060071931 1
"166" 179.452437603899 15.8713094882644 0
"167" 192.753844147975 -55.2406179231694 0
"168" 150.275425826859 75.5756383563758 0
"169" 186.865862563836 -34.2687450615197 0
"170" 175.982128236424 36.3422221965977 0
"171" 174.162834036369 44.168105123648 1
"172" 191.90456836997 -53.1061400297142 -1
"173" 3.63943322515214 14.6564539510001 -1
"174" 175.926116487396 36.6114667898149 0
"175" 177.561600669396 27.9458313378873 -1
"176" 151.434006090273 75.0992756368057 0
"177" 355.243395092322 -39.7436828650619 -1
"178" 0.276496057858104 -10.0325975124041 -1
"179" 163.240745858374 67.0131805502397 1
"180" 178.301431641985 23.4718174167731 0
"181" 192.30545191868 -54.1419125107603 0
"182" 176.322165055133 34.6666201291588 0
"183" 35.1424867802952 76.3717962633628 1
"184" 168.973543576169 58.5865803521974 1
"185" 240.981680428126 -81.1565128435028 -1
"186" 19.4342136921299 66.3549691960433 -1
"187" 181.110593722641 3.89956360593179 0
"188" 353.285777042815 -47.3253343191703 -1
"189" 355.499269073273 -38.6017194602759 -1
"190" 179.803208139127 13.4201291738114 0
"191" 207.359566253838 -72.8626625894691 -1
"192" 349.834836452998 -56.7910639042486 -1
"193" 137.17253361568 79.1814581367728 1
"194" 184.329323916114 -19.362304358232 0
"195" 168.451601817006 59.5894014585507 0
"196" 144.950569626143 77.37111378933 0
"197" 37.4278235810727 77.1100345700114 1
"198" 148.571104618267 76.2151012953168 1
"199" 171.371529222943 53.0812533448424 0
"200" 169.765723330689 56.9420525951721 1
"201" 146.944911935726 76.7653608754235 0
"202" 179.157874312097 17.8846093163151 1
"203" 178.825451736608 20.102389806769 1
"204" 185.163769073033 -24.7054459802138 0
"205" 179.527279983505 15.3530139296785 1
"206" 176.331672386838 34.6187482969729 0
"207" 272.98408956711 -28.805552309362 0
"208" 240.712070226471 21.9391630713549 0
"209" 255.878129438495 -2.72157058568498 -1
"210" 274.432640198615 -30.5740669566058 -1
"211" 219.538764743545 44.3614877404583 0
"212" 212.741796565494 48.6909880047852 0
"213" 9.8882880148772 -57.1252267926022 -1
"214" 162.201686484382 59.7468508984015 1
"215" 258.837578509541 -7.74563229676001 -1
"216" 131.594234884876 55.2929018736596 1
"217" 139.465715432186 57.2909597681512 0
"218" 129.241056623382 54.549846584055 1
"219" 215.795844513396 46.8804042605363 0
"220" 194.46468389565 56.011121700369 1
"221" 126.420268157854 53.5591111393809 1
"222" 82.5381071409193 13.8265533731124 -1
"223" 264.935629572175 -17.5848240891762 0
"224" 203.252493865524 53.1443857724573 -1
"225" 241.08403896591 21.4030129869845 1
"226" 29.4880159898252 -50.4038513170268 -1
"227" 98.1471811320636 34.7567078154948 -1
"228" 163.439724200569 59.760673473412 1
"229" 246.415829009538 13.2274355602048 0
"230" 134.55891362328 56.1292897877414 1
"231" 138.287252157326 57.0358443672925 1
"232" 290.558354387984 -45.4241008936959 -1
"233" 170.110895695766 59.6344130216457 1
"234" 328.477458909906 -58.7927566031621 -1
"235" 226.553715998264 38.6066581605686 1
"236" 264.651808748313 -17.1487051321949 -1
"237" 123.201718143601 52.2834094233724 -1
"238" 40.3873287789044 -43.7404686537237 -1
"239" 257.892872328338 -6.1527335748514 0
"240" 122.971116916273 52.1856589190364 1
"241" 353.741131300893 -59.421630023786 -1
"242" 254.887731442022 -1.02466211907851 -1
"243" 265.504846142366 -18.4519171184322 -1
"244" 168.253080364999 59.7037208626403 1
"245" 213.67672505886 48.1585753877737 1
"246" 129.57039756127 54.6582657259318 1
"247" 234.529245131849 30.1163962742919 -1
"248" 212.096253044524 49.0478110122291 0
"249" 174.648857644251 59.3521644964224 1
"250" 135.92448613042 56.4793989875122 0
"251" 189.334782571745 57.2445060699618 1
"252" 62.6331296135338 -19.1193727793849 -1
"253" 283.478161263379 -39.9184468817128 -1
"254" 104.055309681973 40.4217641895565 -1
"255" 245.038077282592 15.4213744713807 0
"256" 121.821734056146 8.03859463896386 0
"257" 152.197837559107 -18.0016950751321 0
"258" 90.0703086999111 30.329836516321 -1
"259" 131.373651662575 -0.421070937043522 0
"260" 134.829422211738 -3.50608956313411 0
"261" 157.654311208273 -21.9373366517236 1
"262" 151.545630498203 -17.5074422277035 1
"263" 112.21239632989 15.9996263128674 0
"264" 174.860878072585 -31.84397171654 1
"265" 132.307656794079 -1.25648065858012 0
"266" 189.025676786597 -37.2284992881289 1
"267" 131.964235790255 -0.949382176267185 0
"268" 139.605564332246 -7.71001351014935 1
"269" 173.610275224703 -31.2528713566419 1
"270" 130.861247777217 0.037403093688143 1
"271" 278.330434250096 -25.7209755918841 1
"272" 153.033214701404 -18.6275525686209 -1
"273" 77.9443579209966 35.5348404731564 -1
"274" 132.326431671248 -1.27326665627959 1
"275" 264.047698325222 -33.1386944412097 -1
"276" 164.12341549432 -26.1146558205845 1
"277" 120.36391350169 9.29466978571949 0
"278" 177.1420506315 -32.8719453288323 1
"279" 229.622261699205 -41.4906539964372 1
"280" 123.119099803473 6.90978633222732 1
"281" 141.540486890315 -9.3788541507888 1
"282" 167.702628295547 -28.1906972848885 1
"283" 31.9485769119211 41.4725041531851 -1
"284" 109.716722438099 17.9198408810435 -1
"285" 259.301408741695 -35.0398855075961 -1
"286" 125.373315056128 4.92800422099595 1
"287" 114.907318129939 13.8510993523657 -1
"288" 147.96605593926 -14.7108657133119 1
"289" 136.406642767222 -4.90489318163946 1
"290" 261.340398130464 -34.2559403109197 -1
"291" 128.585453997347 2.07225772811072 0
"292" 43.9016930455369 41.7823865324044 -1
"293" 58.9681628013156 40.3867201039047 -1
"294" 331.048662795784 17.1275747593621 -1
"295" 253.339292485767 -37.0593862273595 -1
"296" 286.602988398088 -20.214401388143 1
"297" 130.197900962866 0.630908037171719 1
"298" 130.030631165407 0.780539900438015 0
"299" 171.729344018176 -30.3265850035839 1
"300" 126.863164436478 3.60702223525628 1
"301" 219.469771444336 -41.8124853540857 1
"302" 256.592669061789 -36.0069130370327 -1
"303" 112.587627286335 15.704993076916 0
"304" 278.117824160567 4.96989034657328 -1
"305" 149.944410960931 20.7134049307011 1
"306" 157.947078447605 23.3276473500075 0
"307" 159.884157164135 23.887003756249 0
"308" 172.29260424107 26.7859968763541 1
"309" 155.367314840041 22.5380614338109 1
"310" 145.171392208536 18.9260352666602 1
"311" 153.976534524496 22.0913155229888 1
"312" 133.52571215862 13.8971931474531 0
"313" 157.615635836168 23.2290544976008 1
"314" 155.629648250373 22.6206765763052 0
"315" 156.385087984439 22.8556484170745 1
"316" 150.600468799027 20.9459240494226 1
"317" 115.938201331111 4.87766896939847 0
"318" 198.838158345157 29.0720160014497 1
"319" 177.357831217401 27.6307911104916 -1
"320" 240.942284917666 21.8629860089868 1
"321" 151.584541948626 21.2886563964698 1
"322" 157.270228470863 23.125411888123 -1
"323" 163.827344716443 24.9365209829827 1
"324" 135.738027946997 14.9207997550149 1
"325" 156.449401548013 22.8754511053828 1
"326" 181.719679896371 28.2025941470444 1
"327" 122.72316959841 8.51249639997929 1
"328" 149.538803472548 20.5680441819684 1
"329" 159.196242147332 23.6916584646125 1
"330" 223.925584971332 26.3999913522962 1
"331" 136.422068853097 15.2311466320989 1
"332" 203.142566885235 28.9482126577894 -1
"333" 136.690301604013 15.3520325714626 1
"334" 317.911000211811 -15.8963254127144 -1
"335" 139.138593266605 16.4338667206448 1
"336" 144.827740064449 18.7909434067839 1
"337" 251.57390878251 17.9157879193548 -1
"338" 118.767019636722 6.41078460908846 1
"339" 194.162302209657 29.0507862205976 1
"340" 221.595843236339 26.8482020704572 1
"341" 143.199846554231 18.1395529135428 1
"342" 236.665801961701 23.2122124953885 -1
"343" 259.893640627408 14.2734656312011 1
"344" 136.460197411273 15.248358204141 1
"345" 130.857849971546 12.624100688332 0
"346" 180.889501489759 28.1048121376342 1
"347" 77.7370913703334 -15.2609070268378 -1
"348" 140.832947053981 17.1592369928398 1
"349" 164.859983867064 25.1915995698386 0
"350" 221.327179260388 26.8972242447414 1
"351" 35.5609680539267 14.5806840120479 -1
"352" 119.697028841561 -11.6001204797704 -1
"353" 126.248598620692 -13.2882161095926 -1
"354" 158.71152858437 -18.6432371563105 1
"355" 151.50409429739 -17.9200940139302 1
"356" 69.7164444093843 4.8243550889153 -1
"357" 169.261685857912 -19.198804504562 1
"358" 131.241609708086 -14.4491503665387 -1
"359" 177.946709520895 -19.2033537632924 1
"360" 121.398457930122 -12.0556581985842 0
"361" 135.425241286203 -15.3328173722817 1
"362" 167.503032715272 -19.1480156123473 1
"363" 201.255891248481 -17.2047588527174 -1
"364" 68.469825219756 5.24242368432613 -1
"365" 153.308693412469 -18.1270624236705 -1
"366" 68.437172311526 5.25333459685685 0
"367" 123.095308743339 -12.4981922778912 1
"368" 216.466954036394 -14.3809927897886 -1
"369" 164.078202252715 -19.0010047560294 1
"370" 92.0210591484155 -2.89333334352264 -1
"371" 171.334187481722 -19.2371101763298 1
"372" 208.800848304712 -15.9471367420712 1
"373" 128.2055336222 -13.7566583207394 1
"374" 139.698612865556 -16.1480383011454 1
"375" 166.043773335158 -19.0931426475799 1
"376" 37.4385553051645 14.1626058900463 -1
"377" 49.8772553875179 11.0016870665458 0
"378" 54.8655066666245 9.56145689943249 1
"379" 110.848351019456 -9.05468478438181 1
"380" 71.1631938057 4.33568692425038 -1
"381" 148.828023330544 -17.5816088955286 1
"382" 132.878546752755 -14.8047937453345 1
"383" 75.2144674285147 2.95045512306473 1
"384" 182.986317442893 -19.0182745363528 1
"385" 211.115093811319 -15.5042597904005 1
"386" 50.4990360879103 10.8271156129529 0
"387" 331.228854718688 17.887015990116 -1
"388" 64.3153924035251 6.61256257070874 1
"389" 89.3127662379352 -1.95620372823035 -1
"390" 124.478079790588 -12.8498888237234 1
"391" 129.0007390661 -13.9421065979671 -1
"392" 173.661172030087 -19.2523179261626 1
"393" 102.607207979274 -6.456671114911 1
"394" 178.326498913118 -19.1942037812719 1
"395" 215.911929772748 -14.5037818208951 -1
"396" 86.9361271508193 -1.12928261665829 -1
"397" 152.974040884165 19.4661700478668 0
"398" 154.578097652744 18.77709958868 0
"399" 167.698852709479 12.4495751416538 1
"400" 154.957801808463 18.6111223506339 1
"401" 154.766437863235 18.6949080031001 0
"402" 155.47579218695 18.3829450809022 1
"403" 134.603031431243 25.8997301478866 0
"404" 161.600258787163 15.5365035394364 1
"405" 152.32596764243 19.7389704400036 0
"406" 154.034379359142 19.0128691785636 1
"407" 150.885217826959 20.3337664926329 1
"408" 43.2010864416006 18.1948464617484 0
"409" 108.16330619107 30.3900313212766 0
"410" 168.503316352781 12.0254130521711 -1
"411" 75.2743454629473 28.4002386374734 0
"412" 150.725172154972 20.3988394460504 1
"413" 42.1760019315928 17.7341519643607 1
"414" 163.891855508951 14.4043649089641 1
"415" 152.560642961475 19.6405605756864 0
"416" 158.74058795583 16.8990523050061 1
"417" 204.418496428597 -8.65406955123512 1
"418" 116.913875836543 29.5151596578735 1
"419" 149.620160492071 20.8426331448078 1
"420" 160.513867377398 16.0608535561362 1
"421" 37.2370468336567 15.408261952017 0
"422" 185.13538932487 2.6142749423921 0
"423" 70.4623144828832 27.3995390235217 1
"424" 145.425193986991 22.4390747531564 1
"425" 161.755610829609 15.4608624895827 0
"426" 136.266601917247 25.4298574012015 1
"427" 146.164396837646 22.1679929452395 1
"428" 80.1538665652946 29.2264424995299 1
"429" 57.1401444585046 23.6508129789742 1
"430" 209.612061530333 -11.5010394191171 1
"431" 53.2952008577048 22.3002347292819 0
"432" 141.822250676647 23.6970890807325 1
"433" 69.9395136752562 27.2796072873655 1
"434" 115.739927600459 29.6671361284904 0
"435" 140.670603136065 24.076960136612 1
"436" 131.946980734145 26.6032190111468 0
"437" 177.528530520624 7.04281360917726 1
"438" 160.876428685949 15.8867652260864 1
"439" 127.614486638535 27.6279938739397 1
"440" 36.8638047380539 15.2255909547811 1
"441" 133.788308480986 26.1216214929384 0
"442" 164.343877579197 27.7642250622393 0
"443" 174.981313713917 33.8102043888466 1
"444" 155.231976234588 21.2628693555856 1
"445" 152.165977165641 18.8061620887809 1
"446" 154.540049738431 20.7198357068293 1
"447" 132.457305099167 0.639471698014933 0
"448" 157.673091416548 23.1241232745776 1
"449" 143.202568667333 10.9474867096859 0
"450" 155.542056050691 21.5040286581991 1
"451" 151.743176449567 18.4573410803073 1
"452" 131.595379574934 -0.204071353781461 0
"453" 179.340658977431 35.8297794835043 1
"454" 185.088076745367 38.116076927569 -1
"455" 232.276228834972 43.9028826972688 1
"456" 138.997655618304 6.98736115693087 1
"457" 157.518637843775 23.00890914413 -1
"458" 163.810674090668 27.4176434212652 1
"459" 153.436479719144 19.8398929540588 1
"460" 156.655286918762 22.3585163752498 1
"461" 176.454590347047 34.5213008046073 1
"462" 126.143735416379 -5.5136235920797 1
"463" 148.028943665654 15.2944787405336 1
"464" 159.107550452314 24.177487084743 1
"465" 228.077208333026 44.2118666824092 1
"466" 145.940636404121 13.4437098703735 1
"467" 189.386765529047 39.5636833477318 -1
"468" 214.100989152769 44.1242843983779 -1
"469" 148.866375929187 16.02252897302 1
"470" 141.264034655751 9.13854379736129 1
"471" 141.280454730405 9.15399501217312 1
"472" 246.014845975876 41.7532025767809 -1
"473" 132.239560324844 0.426388706765713 1
"474" 188.64893667261 39.3305074841559 1
"475" 215.562343239584 44.2136079882408 1
"476" 144.574754028315 12.2077294861811 1
"477" 228.942080379886 44.1610426156286 -1
"478" 224.311892895642 44.3564276940967 1
"479" 128.647626439701 -3.08455559317351 1
"480" 129.845527665345 -1.91560256947307 0
"481" 182.744824645392 37.233885308358 1
"482" 141.610418256858 9.46404369628954 0
"483" 145.403764476038 12.9601923174337 1
"484" 162.489432824296 26.5406071392395 0
"485" 176.673666466438 34.6245234487658 1
"486" 175.928295416469 36.0334681621393 1
"487" 155.02021185493 19.222547115267 1
"488" 154.50933826283 18.7075140027788 1
"489" 155.107857474428 19.3104443373462 1
"490" 131.853918778999 -6.97124479296034 0
"491" 158.139709002067 22.265108201879 1
"492" 178.982776365547 37.8044387913251 1
"493" 152.865880417515 17.0202101827592 1
"494" 152.537947750619 16.6781227910922 1
"495" 136.31980674756 -1.75499295261916 0
"496" 176.63607718851 36.4581868693984 1
"497" 189.353898062756 42.7013062972539 -1
"498" 228.860991245258 49.6777841317391 1
"499" 260.862014825074 44.6463066804515 -1
"500" 158.456346398884 22.5638196488262 -1
"501" 163.811331542584 27.3218017834263 1
"502" 156.255971228527 20.4491582300881 1
"503" 157.087796882949 21.2591855434419 1
"504" 175.370124682969 35.6923004419348 1
"505" 307.682316015747 11.7067100572549 -1
"506" 146.665946892097 10.2831172900842 1
"507" 159.264141157086 23.3172289191576 1
"508" 229.8743196572 49.6641862335146 1
"509" 148.926338321534 12.8008316384772 1
"510" 186.268503802789 41.4133015745758 -1
"511" 187.139578868705 41.7906608323591 -1
"512" 151.855294919821 15.9604315527552 1
"513" 142.33767604413 5.31505543942293 1
"514" 138.297976756298 0.575371571904156 1
"515" 243.638631806395 48.5866771249292 -1
"516" 136.529423098919 -1.50824735275355 1
"517" 187.083147865451 41.7665463582792 1
"518" 213.356470578514 48.7712786912976 1
"519" 145.339295339886 8.77825563428601 1
"520" 225.938324279941 49.6674622998008 -1
"521" 213.101969309307 48.7384625226816 1
"522" 302.465338252161 17.3193755419742 -1
"523" 309.290524833211 9.90252499759264 1
"524" 183.42096367318 40.1013718905757 1
"525" 148.006784598627 11.784203331262 0
"526" 147.372894936576 11.0772044059821 1
"527" 162.730430621184 26.4066282540896 0
"528" 173.542138894242 34.5359421589482 1
"529" 148.009777042237 -44.7140344183569 0
"530" 169.200771966318 17.4264994670695 0
"531" 163.286627825142 -3.05783092979402 0
"532" 301.407113072444 67.5289201087298 -1
"533" 165.94304179206 6.37494711564227 0
"534" 176.0881007444 36.3961272144481 0
"535" 4.87597663372507 -51.5844368874077 -1
"536" 162.223854597801 -6.81332453779793 0
"537" 341.460922976845 9.47399703053426 -1
"538" 176.161369557447 36.5612091548797 0
"539" 166.329470586727 7.72993386184855 -1
"540" 207.067190729201 67.5984247040445 -1
"541" 358.491946172287 -41.4346699370087 -1
"542" 349.058165548986 -16.9646314256951 -1
"543" 163.974763267427 -0.609394499817094 0
"544" 170.924789208808 22.8070746701177 0
"545" 164.352556569762 0.736401335884792 0
"546" 175.650262736235 35.3939509350966 0
"547" 142.976442933564 -52.1417026893027 0
"548" 77.3945812977365 -74.2961841061114 0
"549" 163.418727280168 -2.58842530470646 0
"550" 252.170301669221 74.3113134047692 -1
"551" 166.498654020865 8.32042210669852 0
"552" 0.171797413115031 -44.5231081455948 -1
"553" 357.390845574293 -39.2216120658296 -1
"554" 168.421316847071 14.8736184232889 0
"555" 153.892159837578 -32.3802516903485 0
"556" 37.3729131980173 -70.6875078415714 0
"557" 43.4470110212993 -71.920419390648 0
"558" 160.781674503626 -11.8076402215468 0
"559" 182.336220769087 48.0382163095671 0
"560" 200.235607471177 64.5202995395068 -1
"561" 154.572672107031 -30.6448882837941 -1
"562" 26.6241448937561 -67.4287536488972 0
"563" 186.289414483716 53.3241270872338 -1
"564" 24.6526985905512 -66.6277457139311 -1
"565" 300.20927015703 67.9738032474994 -1
"566" 188.728938771604 55.9902296441674 -1
"567" 169.418212529052 18.1260526230461 1
"568" 162.869003707869 -4.53871447563548 0
"569" 170.550471038602 21.6722218743066 1
"570" 175.309754394146 34.5957982527274 0
"571" 154.965309891411 18.6849154023669 0
"572" 155.04529859259 19.4670457119618 0
"573" 254.426031303378 84.6821568931855 0
"574" 155.799181528644 26.4493569759677 0
"575" 155.350874313347 22.3843828696715 0
"576" 155.198581640705 20.9447162294564 1
"577" 154.353788871884 12.4797830267512 0
"578" 152.56285806425 -6.90056464855205 1
"579" 157.432914218599 38.9806860405833 0
"580" 151.072304216581 -22.0910642164167 -1
"581" 172.594450231147 74.6299137847651 0
"582" 155.670686732177 25.3112815024769 1
"583" 335.517990629323 -23.9304039844918 -1
"584" 163.371659101125 62.6707613903141 0
"585" 155.122010992913 20.2100877503415 0
"586" 155.625164862009 24.902825181485 0
"587" 159.161476398263 48.7017759845869 0
"588" 145.535026537633 -55.5942594350544 -1
"589" 158.171871807626 43.5321760157679 1
"590" 156.878919734848 35.129234632538 0
"591" 297.057861598146 81.1996646094713 0
"592" 154.265953918909 11.5596440069784 0
"593" 339.682312316494 -51.0550463019121 -1
"594" 156.178471443906 29.6787988978998 1
"595" 154.682638020794 15.863691409174 0
"596" 150.86718968022 -23.991817153335 0
"597" 158.499022808833 45.3508079525218 1
"598" 183.80590714785 79.8347554178085 1
"599" 152.418290177082 -8.45553386901085 0
"600" 163.202345754365 62.2808653502833 0
"601" 172.886193379171 74.8386649763121 0
"602" 151.424596407858 -18.7045017340155 -1
"603" 353.593603525317 -75.3210752713701 -1
"604" 159.800433581951 51.5573720307491 0
"605" 159.37556119375 49.6972156392242 1
"606" 266.182765204747 84.3362672834205 0
"607" 301.649227426933 80.1013639895091 0
"608" 154.49598123485 13.9553592663587 1
"609" 153.640972119176 4.86257465924684 0
"610" 156.19180093369 29.7887335320032 1
"611" 156.548111874412 32.6377044727898 0
"612" 155.36467253424 18.6642125612262 1
"613" 133.926152968451 18.570109389952 0
"614" 160.192250025428 18.346905261148 1
"615" 151.327989807522 18.8343220340323 0
"616" 153.870927674815 18.7372925492148 1
"617" 151.576128903355 18.8263745276736 1
"618" 92.2992489766641 11.6155501357839 0
"619" 246.703653855661 -3.82261605385458 1
"620" 171.211386485008 17.163500223239 -1
"621" 68.1876347353343 4.31785168132677 -1
"622" 149.296255320814 18.8870126522685 1
"623" 167.988598305599 17.5749896083208 -1
"624" 163.870618356609 18.0224015100526 1
"625" 149.4108848721 18.8846275700762 0
"626" 158.145642221906 18.4965248440791 1
"627" 191.715628902658 13.3394821507055 1
"628" 120.481351125689 17.2652080156578 1
"629" 149.048565230206 18.8919262177023 1
"630" 160.13137447049 18.3516755258165 1
"631" 40.3957397970141 -5.09488160937309 -1
"632" 120.477604395998 17.2647131306878 1
"633" 224.923999500649 3.58997966190739 -1
"634" 140.870509149912 18.8697133090161 1
"635" 233.340702722291 0.728850786540216 0
"636" 138.418637763465 18.7933189681252 1
"637" 144.879777044387 18.9253460819755 1
"638" 75.8749471510311 6.81828513170223 1
"639" 100.600414981047 13.659406321812 1
"640" 201.615308492109 10.8134864875969 1
"641" 47.4514877960431 -2.73736285191649 -1
"642" 143.014822921049 18.910170922917 1
"643" 243.349099831878 -2.69221012752975 -1
"644" 101.261506797183 13.8094278583452 -1
"645" 138.084541389605 18.7804229471386 1
"646" 131.284487925904 18.388754801711 0
"647" 178.859857084418 15.9755322734095 1
"648" 167.427655733883 17.6411295943611 1
"649" 138.94714004464 18.8125017698714 1
"650" 178.644517184285 16.0129783320705 0
"651" 113.46097372453 16.2127059629241 0
"652" 137.726987723347 49.5966658199357 0
"653" 140.7076898107 46.0982377273646 0
"654" 154.247107196634 21.4362457562681 0
"655" 154.748787054061 20.2048676738116 1
"656" 180.727460253034 -42.0060250672119 0
"657" 346.02752913877 10.6979387009509 -1
"658" 145.650717112086 38.935579841896 0
"659" 162.339305196055 -0.375022838950352 -1
"660" 105.771136679434 67.0581565099144 0
"661" 153.503407969233 23.2211926037022 1
"662" 332.662716864128 -25.1788158214026 -1
"663" 163.998947085923 -5.06644211678909 1
"664" 154.776713229858 20.1356920004032 0
"665" 204.192880993594 -62.1994863922027 1
"666" 125.599602525507 59.3974752693942 0
"667" 82.1959530419174 70.2959164028566 1
"668" 151.670428572139 27.405061993324 1
"669" 163.644832976554 -4.0692337674003 1
"670" 23.2763884471503 61.7703348513603 -1
"671" 158.455851095058 10.5084754196381 0
"672" 314.169755280054 -53.1169199624017 -1
"673" 151.863981494663 26.9780770520979 1
"674" 156.485687144747 15.7827646258795 0
"675" 99.9705101115334 68.2682750641583 1
"676" 150.006223446262 30.9298836230429 1
"677" 99.8906841585455 68.2827002616442 1
"678" 167.332922385791 -14.2147614495813 0
"679" 94.014649028496 69.1987319828099 0
"680" 85.8569414109432 70.0513910359593 0
"681" 126.231385004053 59.0191322541749 1
"682" 100.391428775426 68.1912728861679 1
"683" 140.813940729037 45.9630860911442 0
"684" 147.453079996685 35.8310740110877 1
"685" 135.069439386028 52.2868719725517 0
"686" 172.408614717021 -26.6637628810072 1
"687" 156.895419214961 14.706440333857 1
"688" 164.339762091519 -6.02312842095666 0
"689" 149.012553404451 32.909498768185 1
"690" 149.866319402001 31.2142351553061 0
"691" 137.584127698729 48.8274741228016 1
"692" 132.366019831915 -0.517155515605441 1
"693" 130.424801315042 -23.6648504518725 -1
"694" 136.748177296506 43.8059801426504 1
"695" 132.370608396612 -0.459018435818886 0
"696" 135.941613733411 37.9975809227338 1
"697" 307.031552529346 49.8871193467001 -1
"698" 149.594586219682 75.0468851930685 1
"699" 132.304141158942 -1.30100471909601 0
"700" 135.138946327845 31.130935835304 0
"701" 162.029748263351 80.9284216764693 1
"702" 133.55022807038 14.1894834862824 1
"703" 138.36590739442 52.7584512462981 1
"704" 139.325509995592 56.7687686996039 1
"705" 310.541515029826 22.4132695236465 -1
"706" 127.398002088673 -47.888850917462 -1
"707" 322.757197369734 -66.2859347520995 -1
"708" 284.249079936905 80.5056958253446 1
"709" 133.675360853139 15.6693653622229 1
"710" 138.454564160512 53.1637989367813 -1
"711" 133.404629602788 12.4429505423824 0
"712" 313.677890916462 -15.6990734315645 -1
"713" 134.934547332912 29.1973397098473 1
"714" 130.719640558584 -20.4589280469652 -1
"715" 160.068202301638 80.3520442493621 0
"716" 132.433577877389 0.338848741130576 1
"717" 143.746968172162 68.1313760164702 1
"718" 152.50250190426 77.063787153707 1
"719" 136.371756625275 41.2228823398454 1
"720" 151.214986449252 76.2449654793232 0
"721" 136.8021045442 44.1587357844665 1
"722" 132.983764653119 7.27081782414061 0
"723" 294.27009852997 75.7734545011453 1
"724" 279.853566656937 81.6559018206102 1
"725" 132.887436189447 6.06680636285043 0
"726" 134.295943025956 22.6702435739905 1
"727" 135.832732346003 37.132386977446 0
"728" 134.657896543297 26.4591777175953 1
"729" 157.221008259187 23.9447332625364 0
"730" 157.155104847221 24.0633928306174 1
"731" 110.266363357439 61.9917467037906 1
"732" 354.782526735704 12.8275037522733 -1
"733" 147.273748060058 39.0123749789433 0
"734" 165.804561084112 6.67567783436285 -1
"735" 100.004487190665 64.0469231958896 0
"736" 156.180760743106 25.7886599874433 1
"737" 337.811343430476 -22.8708749501011 -1
"738" 163.91269514843 10.736151519686 1
"739" 158.835030139089 20.9628190266926 0
"740" 152.762276167026 31.403231171221 1
"741" 116.369041383032 60.2175342382677 0
"742" 93.7242810417538 64.8425682690732 1
"743" 152.944567184052 31.1211566366247 1
"744" 160.102355704594 18.5230890546194 1
"745" 27.5978657088164 54.0491194491044 -1
"746" 164.823698602446 8.79309367791002 0
"747" 311.773332808992 -53.0233729171267 -1
"748" 154.488687828068 28.653572430159 1
"749" 161.633137953406 15.4697799266754 0
"750" 113.979910548249 60.9690218900334 1
"751" 151.312672037913 33.5775476785801 1
"752" 95.6514514373781 64.6315418926727 1
"753" 177.003568958279 -17.3513662807208 0
"754" 76.5844559164168 65.5689047890051 0
"755" 77.3935470779217 65.5788029726398 0
"756" 129.895162419763 54.1711557856565 1
"757" 94.0401447913577 64.8099132661983 1
"758" 140.840227295385 45.9740835113256 0
"759" 148.531572938184 37.4150993818104 1
"760" 134.829928579036 50.9469157817027 0
"761" 174.686185515313 -12.6266263952312 1
"762" 161.359229609101 16.0241614753327 1
"763" 177.636717706682 -18.5995328234456 0
"764" 152.805550498831 31.3364449762305 1
"765" 152.490399427494 31.820322776826 0
"766" 156.920209865013 23.6977145059282 1
"767" 151.500845172197 18.9921130971273 1
"768" 132.408480749609 -0.471471240906684 0
"769" 176.338763220354 36.5229628686715 1
"770" 188.168873558943 41.5052205153174 -1
"771" 230.643278127319 46.8319163081215 1
"772" 136.541016770638 3.96613809257392 1
"773" 156.60287983556 23.4354703393319 -1
"774" 163.79991777405 28.9620276366151 1
"775" 152.097502833711 19.5332350057329 1
"776" 156.319382194314 23.1997572188019 1
"777" 175.157407068126 35.9169355868334 1
"778" 126.464476814589 -6.82080520321723 1
"779" 148.197863412597 15.9002594718539 1
"780" 158.900712868529 25.2959813823684 1
"781" 228.928182073502 46.9360667203475 1
"782" 145.726922238408 13.4882682668038 1
"783" 186.89364125464 41.0572832070691 -1
"784" 191.803054024636 42.6734006576638 -1
"785" 148.33241147671 16.0292680139693 1
"786" 141.305042037453 8.99383640223502 1
"787" 141.176712319437 8.86051897345073 1
"788" 244.99182584138 44.9039121308647 -1
"789" 132.946474076745 0.107409364968786 1
"790" 187.427740737574 41.2473531433703 1
"791" 214.36705332501 46.7831801826772 1
"792" 144.550875617077 12.3135222776635 1
"793" 227.473876263165 47.0040613290152 -1
"794" 218.117479791985 46.9999000735837 1
"795" 127.571017316969 -5.65032727393399 1
"796" 129.748344317736 -3.32849446905789 0
"797" 183.321016865898 39.6921142199182 1
"798" 141.843126711113 9.55126146544968 0
"799" 145.29720378192 13.0609196788355 1
"800" 161.337772769558 27.1709638483745 0
"801" 172.525166533621 34.4899097286605 1
"802" 152.594497143991 16.5500929139895 0
"803" 141.810455687732 -3.5384277193981 1
"804" 167.785332392706 38.0322920995244 0
"805" 51.8519184006909 -62.4008390259473 -1
"806" 217.85514277703 61.496146456512 0
"807" 161.596924464873 30.5127093245697 1
"808" 336.718641955083 -23.3819917181872 -1
"809" 163.767543771955 33.3403682778294 0
"810" 154.69648540028 20.1183000357829 0
"811" 156.429301816146 22.9256945771785 0
"812" 170.290949618192 40.6232292509186 0
"813" 130.752735029494 -23.1499918516833 0
"814" 144.296005939451 1.21320642728521 0
"815" 158.693217450056 26.3973892750345 0
"816" 236.413527655631 62.385440637804 0
"817" 150.308685332401 12.4905429281969 0
"818" 356.534714762955 -46.0899123926344 -1
"819" 164.345698282372 34.0582077429209 1
"820" 152.2497985073 15.9491485170639 0
"821" 143.75845428837 0.184620324850687 0
"822" 127.585545034016 -27.9227714131267 0
"823" 55.8057672518694 -62.3961095054936 -1
"824" 141.668454772715 -3.80892705128449 0
"825" 181.163290680505 49.3609161992808 0
"826" 205.925459016455 59.4449632466838 0
"827" 146.199294457899 4.84286209287322 0
"828" 36.160313731228 -61.2829973835106 -1
"829" 188.027483636297 53.2307577589161 0
"830" 89.8482042475391 -57.081490841024 0
"831" 307.936837680426 27.4156117039868 -1
"832" 187.403897295389 52.9212076780623 0
"833" 150.36729691298 12.5967007005305 1
"834" 148.786970598523 9.70156391172269 0
"835" 159.787776833834 27.9935627004078 1
"836" 164.122711390907 33.7830856547824 0
"837" 343.556219661969 10.044517768478 -1
"838" 140.741897515511 38.5647127985093 0
"839" 160.846379190813 -3.42276350808643 -1
"840" 101.097565709433 64.6908194996221 0
"841" 150.812710534041 20.4901549433138 1
"842" 147.506321057548 27.2339024967059 1
"843" 164.032754527164 -11.1845760305044 1
"844" 151.335947492962 19.3538789779342 0
"845" 188.466750846587 -50.2901076249448 1
"846" 114.565189333469 60.2993332589691 0
"847" 90.6461715944015 66.6448376535139 1
"848" 150.019994645579 22.1769203187705 1
"849" 165.181153603888 -13.8907758421108 1
"850" 24.2850470048728 60.2635637825848 0
"851" 154.797036150685 11.4300429603505 0
"852" 307.512794447036 -52.7360391756728 -1
"853" 148.724164339983 24.8404668454011 1
"854" 152.867222283105 15.9300467040661 0
"855" 115.236458387395 60.0051291746165 1
"856" 147.939214937147 26.3955089380284 1
"857" 96.6894195079857 65.6391370761547 1
"858" 164.956422943459 -13.3661455817816 0
"859" 83.7805215034531 67.4350466770442 0
"860" 80.8517791028002 67.6708586181204 0
"861" 133.905757871436 46.9792433205411 1
"862" 95.7193532766132 65.8222571687247 1
"863" 136.55278205171 44.0380487777579 0
"864" 144.963076132523 31.880984568072 1
"865" 134.156252487082 46.7164400589817 0
"866" 172.079260117684 -28.4719276155283 1
"867" 153.817432747794 13.7377233611935 1
"868" 160.201731993517 -1.8254605191865 0
"869" 143.060688474526 35.048206787927 1
"870" 145.921112909612 30.1863561864016 0
"871" 260.24489900386 -14.2867188321156 -1
"872" 338.289017359517 8.58321618112482 0
"873" 71.3517386543402 15.8426507060252 1
"874" 132.853130841859 -0.61765609024348 0
"875" 43.0024128684989 18.1970351814287 0
"876" 164.027074210907 -10.170670191637 -1
"877" 112.360069142682 5.99391649193705 1
"878" 168.45661378535 -11.3186068877812 -1
"879" 210.030391432836 -17.897811268105 -1
"880" 124.269182512691 2.19962983384346 0
"881" 142.972125105293 -3.91138911380606 0
"882" 164.61335914416 -10.3266695783047 -1
"883" 36.7824696891197 18.1621622282137 1
"884" 72.5885336254106 15.6485831219021 1
"885" 61.0012705400217 17.1734049358801 0
"886" 122.981507376455 2.61895421227126 0
"887" 276.378462523129 -10.5789861812148 -1
"888" 145.077272519232 -4.58221148486343 0
"889" 137.376349134548 -2.10030208106496 0
"890" 77.2881219964828 14.8449430852309 0
"891" 139.091150563133 -2.65884447255735 0
"892" 212.084267031887 -18.0031110094192 -1
"893" 52.1766879705548 17.8830981529101 1
"894" 148.463954994672 -5.64543108053905 0
"895" 66.8432223787598 16.487317642525 0
"896" 278.322844554072 -10.0635498828834 -1
"897" 130.060293977437 0.300846792860252 0
"898" 129.999085736942 0.320976798606107 1
"899" 174.660189997778 -12.799863624829 -1
"900" 123.825566980783 2.3442557300777 0
"901" 170.141252380852 -11.7359549250219 -1
"902" 40.9330202563162 18.2076774477122 0
"903" 281.934261413481 -9.07204314720917 -1
"904" 182.544943911012 34.9923245523489 -1
"905" 68.4245757957753 5.20617721785736 -1
"906" 171.3625486164 37.4832555603685 1
"907" 118.629437489349 34.174877870965 0
"908" 163.724764018502 38.5162704618585 1
"909" 212.139013383572 22.0282591205354 0
"910" 148.773357608679 39.0632315661315 1
"911" 174.131285158386 36.9776171978047 1
"912" 115.66629379084 33.2225401819249 1
"913" 156.05884950649 39.0366157236206 1
"914" 155.936384566918 39.0408143502487 1
"915" 222.027167034593 15.5101283201891 1
"916" 264.240278445752 -17.1093778397824 -1
"917" 207.392758532276 24.7757107794126 -1
"918" 352.052879564185 -37.3638401105756 -1
"919" 245.314419781769 -2.69980597114699 0
"920" 131.661060042799 37.3170483861481 1
"921" 154.339561589478 39.0838038398182 1
"922" 256.721428862392 -11.6799383427526 -1
"923" 266.013469320314 -18.3120753693493 -1
"924" 192.954261093777 31.5424296915606 1
"925" 225.039146449639 13.3322548919452 1
"926" 137.489385122424 38.2028186344063 1
"927" 242.863834317072 -0.711196179382629 -1
"928" 122.343947380865 35.2408681253704 0
"929" 149.727491632436 39.0855643441563 1
"930" 133.001242133614 37.5481262666165 0
"931" 182.26813887641 35.0687115451905 1
"932" 30.9061885332512 -22.7666073439055 -1
"933" 117.474522482387 33.8146094483714 1
"934" 133.656625231896 37.6551197819701 0
"935" 184.238683352519 34.5080309172487 0
"936" 39.9090549097891 -59.8574068028686 -1
"937" 14.9014804785899 -47.5927721167627 1
"938" 350.616327973324 -16.0583288355317 1
"939" 343.955619432905 -2.92668713754956 -1
"940" 354.613804792549 -23.1832925365374 -1
"941" 343.75409290985 -2.51570607204926 -1
"942" 359.560331710847 -30.9232702890529 -1
"943" 137.092222584776 -41.2813643312593 1
"944" 125.433962712778 -50.9556558243918 1
"945" 342.905517665453 -0.782543319172648 -1
"946" 56.9358707792985 -63.0790274485032 -1
"947" 346.608994037311 -8.28899278796112 -1
"948" 7.43970473582343 -40.7403189611136 1
"949" 8.77555039785513 -42.1247203738413 1
"950" 349.903572051043 -14.7161073749268 -1
"951" 330.539511601421 23.0008283407694 -1
"952" 99.0686493106373 -61.3321100482446 1
"953" 55.3824631162731 -62.8944494930592 1
"954" 337.340493131636 10.4628333808953 -1
"955" 7.62850491840711 -40.9405272878371 -1
"956" 28.8549024147448 -55.9344013980828 -1
"957" 331.899083958028 20.6524215642306 0
"958" 38.2641797260882 -59.3835249889584 1
"959" 20.8247547223324 -51.7215768581521 -1
"960" 251.485302856905 63.9323454625839 -1
"961" 125.083368736663 -51.1809170451915 -1
"962" 2.14012919389279 -34.4664224816301 -1
"963" 172.072673505126 18.7368686169363 -1
"964" 341.153813738674 2.79628858039747 -1
"965" 172.854431114484 20.1367467333993 -1
"966" 2.23052290357129 -34.5845515546324 -1
"967" 47.849520404426 -51.1466534218181 -1
"968" 76.3976924882335 31.5444153809944 0
"969" 162.806826457417 75.0953914564078 1
"970" 243.155976148511 14.3546809812493 0
"971" 108.116546093404 68.0481797895515 1
"972" 93.695028919573 59.444917754963 1
"973" 97.3161985142339 62.287515024145 1
"974" 194.57373093551 71.53378362092 1
"975" 311.730908037985 -73.6724895869503 -1
"976" 229.517279085964 48.6696928530223 1
"977" 71.2353698541355 15.4362826599539 1
"978" 77.046099849706 33.2645993937706 0
"979" 53.3410298367278 -41.8093365400279 -1
"980" 247.955001043009 -3.44357276966203 0
"981" 104.481197733499 66.4613106984262 1
"982" 22.9284673864913 -69.1710303867768 -1
"983" 87.8547563805383 53.3025962672662 1
"984" 72.9937410730016 21.3831649927737 1
"985" 115.553246488114 70.5303197543664 1
"986" 175.039233705363 74.4404929287952 1
"987" 112.10782299405 69.4901172484746 1
"988" 200.95131399447 69.8175153749222 -1
"989" 234.986084132047 38.2631181028516 0
"990" 208.528926957014 66.9608574885254 1
"991" 144.639887283317 74.8292039934659 0
"992" 199.819389827908 70.1610242248267 1
"993" 61.7175190724248 -19.3108893351805 -1
"994" 262.278702845396 -44.7816168854749 -1
"995" 78.3447170444503 36.5052637762537 0
"996" 242.416224512141 16.9372234972065 0
"997" 334.634984147796 -24.3248797793883 -1
"998" 163.775993624376 32.236589231411 0
"999" 149.258480658343 18.846510612516 0
"1000" 155.516238870883 25.165635998863 0
"1001" 172.76539702428 38.331705267136 0
"1002" 126.781524770503 -8.1057600309407 0
"1003" 148.935025198552 18.4985922337896 0
"1004" 158.419580897295 27.817873334601 0
"1005" 230.386549565017 51.0213575644915 -1
"1006" 144.647655451026 13.7102659957102 0
"1007" 2.6328225397926 -43.3442641189093 0
"1008" 349.722030972952 -36.4444565496944 -1
"1009" 146.699787862678 16.0416775277022 0
"1010" 141.138810219786 9.57967437017084 0
"1011" 141.647671818444 10.1885888445451 0
"1012" 63.2729381904595 -49.4961303432288 0
"1013" 133.305371732287 -0.0545484362273493 0
"1014" 185.22549715051 44.4092704167182 -1
"1015" 212.287198824439 50.7074125016786 -1
"1016" 144.319997992584 13.33182609554 0
"1017" 44.9557753954751 -51.2220594538294 0
"1018" 207.919702668587 50.2024193723626 -1
"1019" 126.263469301999 -8.73253979394131 0
"1020" 129.662154873048 -4.57821730737112 1
"1021" 184.470333572213 44.1090094242948 -1
"1022" 140.783232989243 9.15243041291589 1
"1023" 144.629424100299 13.6892519471719 0
"1024" 159.053581205893 28.3729086930414 1
"1025" 166.158461554932 34.0081434967715 0
"1026" 163.859641191457 19.8377239865473 -1
"1027" 340.930762774711 -21.3492801813486 -1
"1028" 156.138221389638 23.6488348347321 -1
"1029" 202.419797658694 -5.19680598820567 -1
"1030" 115.206241949701 34.5132269517098 0
"1031" 151.150580889684 25.808079445064 0
"1032" 159.488608262285 22.064178640799 -1
"1033" 37.3198038909356 14.8984409281494 1
"1034" 16.4586935149693 1.06003203163357 0
"1035" 74.4168070352824 31.0462080220869 0
"1036" 150.50436215853 26.0702598038962 0
"1037" 353.573636672278 -14.2846805736064 -1
"1038" 134.111310243523 31.3907853332619 0
"1039" 148.19299504526 26.9750262024862 0
"1040" 80.9229653003455 32.5500507279793 0
"1041" 54.2669138104416 23.8861867398209 0
"1042" 208.904616573069 -9.57122239873076 -1
"1043" 53.6376816638392 23.5999115956786 1
"1044" 140.186714852246 29.7136961481797 0
"1045" 70.8291892338867 30.0523643278945 0
"1046" 120.670940532815 33.9262294952319 1
"1047" 143.164934179038 28.7660719163801 0
"1048" 132.415923346812 31.7985665838088 1
"1049" 178.167564303636 11.4020046580957 -1
"1050" 167.735967606076 17.7177319566407 -1
"1051" 116.334989242228 34.412486343286 0
"1052" 32.8639208615969 12.1362679682523 0
"1053" 142.193697708188 29.0842917753191 1
"1054" 163.847233591609 21.8406630794197 0
"1055" 163.961181565436 1.90040256996563 0
"1056" 163.652281091214 45.8394053146671 0
"1057" 164.793142931994 -69.3310883816472 0
"1058" 163.568745438554 52.4150628248641 1
"1059" 164.006370472993 -6.42480390108658 0
"1060" 345.631094537586 79.4194117570137 -1
"1061" 163.922128640288 9.04398938802415 0
"1062" 343.599451285938 -50.1984925518857 -1
"1063" 163.764141324266 33.7771012437118 1
"1064" 163.886699414542 15.294824358489 0
"1065" 164.365698427352 -51.8235153357468 0
"1066" 343.584124956803 -51.3316316277397 -1
"1067" 162.143641513056 80.3736465839449 1
"1068" 164.043212481466 -13.0324405640727 0
"1069" 163.383592070759 62.1984619266128 0
"1070" 162.70479448727 76.2483655374607 0
"1071" 164.396046798532 -53.8683721662601 -1
"1072" 162.72408029361 76.044035846826 1
"1073" 163.571985906653 52.1911011694447 0
"1074" 163.559729396509 53.0264327972825 1
"1075" 161.60269074733 82.5428298096438 -1
"1076" 164.426440906018 -55.7338438529646 1
"1077" 163.878352063556 16.7203646048588 1
"1078" 164.00231493581 -5.68350545938205 0
"1079" 163.821683024329 25.7909952444515 1
"1080" 163.764432626784 33.7398828942464 0
"1081" 157.318372651058 20.6658244671209 1
"1082" 184.966343323553 23.7709861450052 1
"1083" 122.334173272243 10.0738071823074 1
"1084" 149.017953714936 18.7860663335201 1
"1085" 159.655535425295 21.1174368328529 1
"1086" 222.786056750286 20.0553968056427 1
"1087" 136.599148155178 15.2016748970233 1
"1088" 209.648762789698 22.3856440209761 -1
"1089" 136.468312241193 15.1592569366093 1
"1090" 318.893468353276 -15.9303116681526 -1
"1091" 139.25609345106 16.0428121924448 1
"1092" 144.348986199641 17.5437766495786 1
"1093" 252.852755748387 10.8516704971407 -1
"1094" 116.089223993198 7.5564404021463 1
"1095" 196.599183511458 23.6070651814506 1
"1096" 223.439525328149 19.9110671014618 1
"1097" 143.405001359746 17.2768792206785 1
"1098" 238.719242049222 15.7994706264341 -1
"1099" 266.9894020072 5.07452088082855 1
"1100" 136.411785081301 15.1409018042155 1
"1101" 130.904691429697 13.2722143252325 0
"1102" 180.089656886624 23.5801889208526 1
"1103" 26.5089045951973 -22.7795912799315 -1
"1104" 141.36635731961 16.6828041637477 1
"1105" 169.123598911608 22.5915971694509 0
"1106" 251.881890404729 11.2219336530947 1
"1107" 131.302158630375 58.5296272819515 0
"1108" 78.7843858561735 71.3797699961708 1
"1109" 152.923052007275 31.0607500717904 1
"1110" 161.721658960054 8.49924922514806 1
"1111" 23.2960144368113 61.7424236114487 -1
"1112" 161.28540112604 9.76291025206937 0
"1113" 317.944019151484 -53.1662869108242 -1
"1114" 154.120746274822 28.42479778902 1
"1115" 159.20467793292 15.6325160403468 0
"1116" 272.303831418984 -70.5703493158547 -1
"1117" 151.514212143784 33.9711109733981 1
"1118" 101.449871255969 69.3618141395102 1
"1119" 169.787696267553 -15.0602324462945 0
"1120" 98.9363585929795 69.7558615409744 0
"1121" 88.1220269074084 70.934210980801 0
"1122" 121.048386726821 64.0013095813886 1
"1123" 102.672714733436 69.1513054582959 1
"1124" 143.462730543066 47.0201051599725 0
"1125" 149.18688628613 38.3414523513758 1
"1126" 135.650876420133 55.2303129901318 0
"1127" 172.972700301089 -23.4283003025781 1
"1128" 159.280599249571 15.4236904554066 1
"1129" 167.816552291312 -9.47959720720054 0
"1130" 152.790668407824 31.3429456710728 1
"1131" 152.557733939029 31.8350686766758 0
"1132" 99.9160171009896 60.0532727590001 1
"1133" 160.553964870203 47.8656166081073 1
"1134" 331.563637600466 -52.5557155282443 -1
"1135" 35.4274734482731 25.8390575449649 -1
"1136" 200.872588731826 -2.4883220889502 -1
"1137" 332.237612376112 -52.2577798943338 -1
"1138" 353.286094215805 -37.8231794675048 -1
"1139" 193.085771812025 11.0533474598709 0
"1140" 114.878356704134 60.2869140367926 1
"1141" 160.4989353865 47.8995055271331 1
"1142" 91.163054707268 59.1042605699655 1
"1143" 214.123809168111 -24.0194307884002 -1
"1144" 215.216234904897 -25.5486418705336 1
"1145" 64.0007248678334 50.9939152558966 0
"1146" 125.936522021142 59.3542587445982 1
"1147" 85.9551038052869 58.2202626891425 1
"1148" 155.553926969963 50.672423953089 0
"1149" 158.6131511511 49.0190814217077 1
"1150" 136.17203516595 57.542394440444 0
"1151" 181.064458000619 29.0473379906064 1
"1152" 186.635154860598 21.3372624554174 1
"1153" 233.616026317072 -44.6621500991653 0
"1154" 20.5674287251046 1.95214237633085 -1
"1155" 176.365298414913 34.6193584740517 0
"1156" 134.091653666602 -33.6548323698613 1
"1157" 20.4770255206229 75.9517288118404 -1
"1158" 6.38336493149776 74.5884326749503 0
"1159" 120.481576438144 17.2643629398598 0
"1160" 288.393920063726 -49.3626142167705 -1
"1161" 123.941442638882 3.54789367400632 1
"1162" 121.171403316855 14.6408887426644 -1
"1163" 65.4866895985316 74.2562591331131 -1
"1164" 130.291915730035 -21.5321546855429 1
"1165" 95.0242164204139 63.9803749671291 1
"1166" 123.77819226839 4.21806458926022 0
"1167" 87.5224489717223 68.1858339814208 0
"1168" 84.4804498528087 69.4606522875282 0
"1169" 29.3790650629225 76.3130403470046 0
"1170" 93.9069094266735 64.7253575995069 1
"1171" 116.606202208087 30.4578052724155 0
"1172" 126.689468338201 -7.73347734297839 1
"1173" 128.836081291134 -16.1784286658295 -1
"1174" 157.813212316693 -66.0100835152888 1
"1175" 124.196472552698 2.4990165962789 1
"1176" 114.995376207079 35.0912599615339 0
"1177" 112.892108778024 40.4070007236415 1
"1178" 119.818322086264 19.7163002903177 0
"1179" 155.982073207379 38.8605945723886 0
"1180" 253.198562717163 74.7177921546531 -1
"1181" 147.432534514251 13.1271976386594 0
"1182" 342.233282440311 -50.515757579311 -1
"1183" 151.437915570887 26.6965249463946 1
"1184" 148.234278546795 16.0303628357214 0
"1185" 143.899113811519 -0.324869986965149 0
"1186" 160.770403287615 48.2247693801028 1
"1187" 216.046867223932 74.8267781619874 1
"1188" 142.861497499082 -4.33786352250102 0
"1189" 169.426009479393 59.0123255154125 0
"1190" 189.841338093968 70.2245275653865 0
"1191" 145.760933355784 6.85710042384854 0
"1192" 15.1016849653158 -71.6625106742407 -1
"1193" 163.384204170984 52.16279563853 0
"1194" 164.58689428469 53.7516892689028 1
"1195" 305.01733552311 51.5545211446008 -1
"1196" 205.654933491219 73.6633915240832 0
"1197" 146.970352028084 11.419673954024 1
"1198" 146.980112741219 11.4559671325742 0
"1199" 152.992226552684 31.2546801258821 1
"1200" 153.255633103552 31.9855421384262 0
"1201" 11.4315755857937 72.2632777928837 -1
"1202" 161.534847712005 9.69587139837319 0
"1203" 331.65818672369 -52.3294058650208 0
"1204" 157.85083365698 30.6525954345165 1
"1205" 160.599162148204 15.5423501663711 0
"1206" 183.744259927945 -66.728324033202 0
"1207" 155.451250823665 40.8976461216994 1
"1208" 301.855493907718 -76.9847538672308 -1
"1209" 165.105261673709 -13.4201394920853 0
"1210" 139.961858502592 68.7725725792324 -1
"1211" 121.94058466707 76.9633545425399 -1
"1212" 194.024432984173 -73.540839042877 -1
"1213" 308.476480909426 -74.9804155753972 -1
"1214" 152.598489032511 49.9421467604696 -1
"1215" 154.347937816594 44.7536021823821 1
"1216" 140.097536510827 68.6644443123382 -1
"1217" 169.988551858643 -38.5484793939779 1
"1218" 160.557599932469 15.7953410490448 1
"1219" 163.872131655273 -5.55232124699076 0
"1220" 158.227769547023 28.7917059460953 1
"1221" 157.399030891839 32.7908855977058 0
"1222" 38.4228963635152 7.89657162030844 1
"1223" 40.9633351615388 -8.79426026994077 -1
"1224" 47.6810898154761 -42.8484330125082 -1
"1225" 220.292655869787 4.41743629984836 -1
"1226" 194.549630602067 -70.3759498082291 -1
"1227" 64.5190826674725 -70.25417388575 -1
"1228" 56.1329592490366 -61.9983047271524 -1
"1229" 35.746792872755 24.1070405051358 1
"1230" 215.402852849884 -25.9705398403351 -1
"1231" 223.035358458553 21.4951880323491 0
"1232" 10.7378871199383 72.6300663545199 1
"1233" 48.3941214015582 -45.2581641268546 -1
"1234" 227.634636133954 42.6843747399305 0
"1235" 239.583603839515 66.1230680003158 1
"1236" 285.488344182175 80.5982310312426 0
"1237" 292.206109267519 81.0009600657174 1
"1238" 43.1409940027646 -22.0967820967865 -1
"1239" 212.442873799851 -39.5994658246306 -1
"1240" 37.2228367240536 15.4955510381406 0
"1241" 223.837344358603 25.9308802903539 0
"1242" 57.403369909506 12.7853746510091 1
"1243" 136.530306031358 15.2131499051002 1
"1244" 133.534129644568 15.6909306003112 -1
"1245" 139.665402469331 14.6682365711967 1
"1246" 143.036446141212 14.032190135145 1
"1247" 77.5640195613691 16.3536899312022 1
"1248" 88.8561226256822 17.5016745201708 1
"1249" 27.0674525882312 4.46065511295766 -1
"1250" 50.5800042645098 11.1775314274551 0
"1251" 144.213620782713 13.7981117143075 1
"1252" 66.3437048663887 14.5972274809657 1
"1253" 104.719649591565 18.0229351368238 -1
"1254" 136.45032445129 15.2264538329952 1
"1255" 131.108211367206 16.0464323627921 0
"1256" 177.249643469365 5.11098348512514 1
"1257" 150.156356500442 12.5251207804095 1
"1258" 144.595733693355 13.720818044438 1
"1259" 21.3938773440017 2.65602640116487 1
"1260" 115.928407811034 17.6134983365203 0
"1261" 6.02803292126627 -41.5483256668249 1
"1262" 45.3656999768319 -3.00276427126469 -1
"1263" 122.921861152824 52.2482387281988 -1
"1264" 162.703436404121 50.4088554493627 -1
"1265" 82.0661749386985 37.0612243482661 0
"1266" 65.7980218469329 22.6152616719266 0
"1267" 187.953557260034 40.436894797991 -1
"1268" 48.2481754901756 0.842056253651302 1
"1269" 130.665966681295 52.9636885526319 -1
"1270" 69.7647962043286 26.7172021230054 0
"1271" 338.437874126804 -51.2937821254185 -1
"1272" 160.726820036942 50.8424511273156 -1
"1273" 315.230210118922 -53.1428617929606 -1
"1274" 184.062538030733 42.6127147469309 -1
"1275" 29.2790837078187 -22.7854577222542 1
"1276" 92.124413813201 43.1037986727326 -1
"1277" 82.9349045684949 37.662270522926 1
"1278" 18.5106453563584 -33.0016871253871 -1
"1279" 137.293198334528 15.8726742240556 -1
"1280" 138.896141994811 17.2355807669375 0
"1281" 146.646726514059 23.3466501265535 0
"1282" 67.1413509162899 -37.8746248598243 0
"1283" 124.365724464771 3.95760941791561 0
"1284" 187.076047053543 41.7771469398977 -1
"1285" 215.628913075345 44.0631049532993 -1
"1286" 142.672629153553 20.316249412002 0
"1287" 49.7278280490626 -42.5086849758217 0
"1288" 227.177041886664 42.9259701843976 -1
"1289" 136.388968427509 15.0902163044929 0
"1290" 130.665911955839 9.93541437543039 1
"1291" 183.641017130457 40.9850593266519 -1
"1292" 121.843848365614 1.51535105178307 1
"1293" 139.847511081061 18.0292986941971 0
"1294" 156.287010303133 29.7432290600205 1
"1295" 163.662212856646 33.7273589604498 0
"1296" 319.286112037185 -15.9426482100658 -1
"1297" 143.778339516925 16.0330489651816 1
"1298" 255.659004456692 -5.55891105569952 -1
"1299" 284.580059608205 -12.191260445555 -1
"1300" 202.260767958201 9.04554281827258 1
"1301" 47.5287921156466 -2.39054457662465 -1
"1302" 143.697566134783 16.0322484194935 1
"1303" 243.204043874556 -2.10051731694636 -1
"1304" 279.168411798711 -11.1548745120343 1
"1305" 316.732120597285 -15.8496708837701 -1
"1306" 131.070420679436 15.5367098968293 -1
"1307" 178.499097022807 13.6146371098199 1
"1308" 159.853960644269 15.5916369173228 1
"1309" 142.11212072782 16.0104158535668 1
"1310" 182.629112345864 12.9746345256559 0
"1311" 287.659562515689 -12.7311536448587 1
"1312" 141.268907585753 9.12135449441851 1
"1313" 99.9036559041424 68.2921821716225 1
"1314" 145.308847202542 -5.41439185231642 0
"1315" 96.2901066244407 69.4771878642989 -1
"1316" 89.1504119453894 71.3019385139954 -1
"1317" 339.153036117919 43.7847795094985 -1
"1318" 100.29869898794 68.1497916311447 1
"1319" 130.141721623856 40.5597993701471 0
"1320" 138.288408572603 19.2131044830225 1
"1321" 132.718284098102 34.8687916023328 0
"1322" 165.502475783366 -53.2442565954328 1
"1323" 141.213981300809 9.31500711354022 1
"1324" 138.218340131285 19.4380471848689 0
"1325" 131.27371081272 38.1740061077522 1
"1326" 135.765479491452 26.8786919265754 0
"1327" 45.2743898774616 -70.9791307863603 0
"1328" 137.4393425126 -1.91758817653123 0
"1329" 171.289479409135 57.8305500320392 -1
"1330" 195.208730231381 67.7041872878161 -1
"1331" 143.728469413102 15.8998213762203 0
"1332" 22.7340525849477 -69.1405134513635 0
"1333" 164.595430176707 52.3395285990668 -1
"1334" 350.839167276771 -57.5167891050066 -1
"1335" 307.967354599461 27.0643614347788 -1
"1336" 197.396895903491 68.1764398518862 -1
"1337" 141.35644171506 9.36862924644758 1
"1338" 143.348883800623 14.8796788355278 0
"1339" 150.648100777017 32.2517046307733 1
"1340" 150.178996857096 31.2896840166594 0
"1341" 78.3000438080628 20.2607511064396 0
"1342" 102.563460401445 70.0637470916119 0
"1343" 121.664271804627 76.9456346055483 0
"1344" 105.982120832365 71.9208778570339 0
"1345" 98.7933362555204 67.4471818929107 1
"1346" 70.0840312185953 -25.4733459867429 -1
"1347" 231.224629997946 66.9692543647227 -1
"1348" 153.378501424631 80.1954988397336 1
"1349" 211.636549402138 76.0670019325955 0
"1350" 71.755227173582 -16.9431017493146 1
"1351" 84.3032430083525 44.5127184572918 -1
"1352" 82.1809967873028 37.4867380716436 1
"1353" 72.9023831867318 -10.5690410744146 -1
"1354" 34.562268424644 24.0447984388001 -1
"1355" 53.7243136062824 23.9245730489904 0
"1356" 148.737188383141 -6.89899326183632 1
"1357" 68.4225304374747 22.2047913276403 1
"1358" 101.020923368592 13.5079803347533 -1
"1359" 130.449252928753 1.23366122070931 1
"1360" 130.073368232275 1.40297437743937 0
"1361" 174.100759908249 -16.4655224468647 1
"1362" 125.977739694987 3.24013530841091 1
"1363" 175.810830469831 -16.9933483478433 1
"1364" 49.9302460649791 24.1391511957241 1
"1365" 105.958701523122 11.6650176321888 -1
"1366" 78.0221770844069 65.9919610542968 0
"1367" 109.933646672341 70.4454675122425 1
"1368" 105.700233372797 70.2648681894316 1
"1369" 177.067281282382 53.3947954771453 0
"1370" 171.357994415464 57.785033472304 1
"1371" 140.140150066827 68.7450540758999 0
"1372" 184.740098951733 45.0582393179702 1
"1373" 197.107287111811 22.4031990773783 1
"1374" 224.827052385718 -43.1303389860475 -1
"1375" 28.5823620660532 8.68406458579408 -1
"1376" 191.728940815774 33.9297929014419 0
"1377" 98.7508676892105 73.9606962194323 1
"1378" 165.752228933946 75.8984859545168 1
"1379" 213.428204710957 48.6353980402799 0
"1380" 198.321262858939 65.8480365883513 1
"1381" 147.687978327665 77.2860653155398 0
"1382" 196.272364830356 67.1078241221075 1
"1383" 42.873112273246 -22.1214153608904 -1
"1384" 241.094255780326 -45.3940736531423 -1
"1385" 54.507053996574 26.7812548321475 0
"1386" 221.612039805605 26.7905782770542 0
"1387" 108.294635468775 71.0948650681402 1
"1388" 135.457455025146 43.495462595162 0
"1389" 141.368516804799 25.4316883574119 1
"1390" 134.126293664517 46.5110261507372 0
"1391" 344.912138485076 54.6487385644523 -1
"1392" 144.916620604573 10.6839108122077 1
"1393" 144.132180733326 14.1538069671891 0
"1394" 138.061603585684 36.5475520428876 1
"1395" 140.518349601604 28.5469172070503 0
"1396" 50.3253166499772 -41.1869837767054 -1
"1397" 207.68552071952 66.8971790556858 -1
"1398" 146.157010113591 76.1629247313156 1
"1399" 199.87105214801 70.1992390072794 -1
"1400" 57.5464872120712 -20.119757865402 1
"1401" 77.009375206875 45.3050581318592 -1
"1402" 72.4445083432917 34.6976459673673 1
"1403" 57.7155526961871 -19.5106591279928 -1
"1404" 162.139594868293 51.9666865886497 1
"1405" 133.58548816018 42.5202209603727 0
"1406" 187.540255960439 53.2595237317459 1
"1407" 79.5357843548433 -14.7175946486161 -1
"1408" 119.311814642246 32.8103025406036 1
"1409" 127.480024164006 38.8875107749097 0
"1410" 273.061217479511 -3.09583494158331 0
"1411" 129.985368320226 0.121121028425778 1
"1412" 194.531706393514 65.2264675681676 0
"1413" 132.389855793028 5.86651744824924 1
"1414" 138.34402519275 19.3307126539398 0
"1415" 146.238087926552 33.9555685232779 1
"1416" 143.582931162652 29.5100568730539 0
"1417" 282.42839054327 81.5588853349913 1
"1418" 130.323083525699 5.02855638220817 0
"1419" 131.779465607249 24.620031138768 1
"1420" 133.028574671134 37.797262425089 0
"1421" 131.839551702672 25.3389666954751 1
"1422" 179.533005022307 20.2295966419885 1
"1423" 174.238532231662 -15.5744548385235 0
"1424" 178.842844691088 15.8653880923963 1
"1425" 182.165494791032 34.5864777772493 0
"1426" 147.005059491774 11.4319559973558 0
"1427" 174.216636044907 19.1999256182226 1
"1428" 236.024876413537 20.3886771889928 -1
"1429" 102.228623082141 40.3406947867352 1
"1430" 131.183441892284 25.0673082824427 0
"1431" 151.95829765598 31.7023810441948 1
