"ra" "dec" "antirad"
"1" 118.621097050114 29.2748865616905 0
"2" 115.711737579827 35.9196881547594 0
"3" 116.104809209003 35.0831234628002 1
"4" 130.705458645359 -7.43212183644497 0
"5" 112.057074102953 42.8451350705755 0
"6" 125.149468330847 10.6702745358637 0
"7" 124.092875985934 13.9793015295802 0
"8" 134.415562736451 -18.9255593642738 1
"9" 115.231077084264 36.9174349356282 -1
"10" 321.757819664995 37.1686669134592 -1
"11" 29.9581231361258 72.9157899606575 -1
"12" 136.235167250611 -24.0650116891236 0
"13" 127.423289836352 3.31729121429923 0
"14" 138.839406424874 -30.7194584118848 1
"15" 115.823905226296 35.6828697379065 1
"16" 131.485470847375 -9.93644583369253 1
"17" 135.302166434757 -21.4776226510629 1
"18" 168.381448514543 -64.6662069099758 1
"19" 101.372104451688 36.8840025771389 0
"20" 114.733339315331 31.3191975014125 1
"21" 104.748340061839 35.6818141276292 1
"22" 86.8327571922385 40.6447700575418 0
"23" 191.187535696823 -27.6457598019467 0
"24" 108.952491178079 33.9960772000223 1
"25" 132.044595800898 20.6544789237745 1
"26" 216.078876878292 -38.3684865027687 1
"27" 139.27185187218 15.0491308175052 1
"28" 46.8752094673137 40.8327515479711 -1
"29" 220.248890824581 -39.4603774962048 -1
"30" 153.540946356824 2.55454767379812 0
"31" 151.79613088597 4.14480845730114 1
"32" 109.958152571373 33.5607926174116 1
"33" 160.970799500778 -4.23987678359019 1
"34" 150.172157911212 5.61586099441902 1
"35" 171.907459536252 -13.8258761645368 1
"36" 116.39253333431 35.8301411615595 1
"37" 103.735811084143 36.8446894552394 1
"38" 230.465780107698 -25.7034930341515 1
"39" 250.060091903181 -32.88482592662 -1
"40" 106.228618890775 36.7524083903778 1
"41" 131.1580233272 32.863606540401 1
"42" 298.295071360352 -35.5583729458843 -1
"43" 138.48964760543 30.6261090853642 1
"44" 49.5623604109921 25.2769052150176 -1
"45" 244.239757334186 -31.156482908268 -1
"46" 189.647324835689 0.69208400169393 0
"47" 158.184610210824 21.8976580050031 1
"48" 116.309476798909 35.841282484557 1
"49" 187.85560432911 2.03514122273694 1
"50" 159.082281451932 21.4037908400302 1
"51" 172.804277350784 12.8972136594008 1
"52" 112.673092154487 25.0216194539266 0
"53" 119.226626721409 42.4439866736249 0
"54" 110.899935482887 18.9996830321344 0
"55" 113.774663706099 28.4850849939597 0
"56" 128.295934128457 56.5423997641603 0
"57" 116.588555639335 36.3307726883816 -1
"58" 135.209879469928 62.7912217530852 0
"59" 249.251744924591 67.1752244631465 0
"60" 106.032469977161 0.392716898654868 0
"61" 106.800841445562 3.44460484442802 0
"62" 237.779746963246 71.3505221337448 -1
"63" 116.409435662614 35.8735729032926 1
"64" 102.614697385541 -12.9678936682197 1
"65" 79.6395370796381 -60.4226275562263 1
"66" 179.596212610767 75.318738072559 0
"67" 98.3301849213423 42.358534085054 0
"68" 119.080521677483 14.4031078712785 0
"69" 91.5576738790416 47.8236596404822 0
"70" 134.085772986447 -13.6449749840922 1
"71" 98.3509055352621 42.339498723784 -1
"72" 141.063737857783 -25.243348556344 1
"73" 39.6189990800407 62.3739195444345 -1
"74" 143.082185191574 -28.213421258446 -1
"75" 125.039693591845 3.35450580652465 0
"76" 141.177518460626 -25.4156447183884 1
"77" 107.351095563432 32.4902441662395 1
"78" 132.005933484503 -9.85563420815272 1
"79" 136.986473879664 -18.699516466387 1
"80" 169.903456451327 -52.5866796222123 1
"81" 64.882915178568 33.5801551952118 1
"82" 99.6047339808636 42.4736087593243 1
"83" 130.43347824699 40.8863393615924 1
"84" 278.285770935673 -42.3542615849096 -1
"85" 137.951059624647 39.1612713799838 1
"86" 49.5838625377765 25.1295344250768 -1
"87" 61.989100451162 32.2222171563305 1
"88" 199.108410164688 0.125634789390001 0
"89" 161.455852616832 29.6392731277022 1
"90" 134.489990053774 40.0268002532377 1
"91" 195.215965297833 3.73176932783979 1
"92" 163.676522073735 28.3745106198116 1
"93" 173.143235913272 22.2215657166196 1
"94" 126.842654160572 9.58797439394406 1
"95" 132.965687126301 5.5586593211978 1
"96" 199.244049340886 -30.1205057472839 1
"97" 139.886014139229 0.865495985980235 1
"98" 48.122126040801 34.3124960571282 0
"99" 57.4262522783267 34.1896910178433 1
"100" 136.57532060097 3.12183724102998 0
"101" 148.668955285843 -5.10858373365707 1
"102" 94.9467956180799 26.2580456241712 1
"103" 150.678869849597 -6.45313947751677 1
"104" 145.616083818573 -3.04451107160746 1
"105" 171.716009288359 -19.1632505041781 1
"106" 133.358390650663 -1.25527010782033 1
"107" 100.404763706314 41.8513238662101 -1
"108" 140.479373189579 -12.956088102105 1
"109" 41.2320988738019 59.239015715791 -1
"110" 157.027412171344 -34.7874722417298 -1
"111" 130.670648465332 3.25738254970023 0
"112" 143.982143801633 -18.3323112731559 1
"113" 109.522414233545 33.3874319097906 1
"114" 137.943127274922 -8.87600722797158 1
"115" 140.374704161072 -12.7904658097416 1
"116" 170.426566264713 -45.8579660339142 1
"117" 131.522640316151 28.1639346884377 -1
"118" 337.376636955567 81.9838681700553 0
"119" 340.602079976143 82.8601207939821 0
"120" 134.687203493864 -23.0416040497961 0
"121" 133.101758010918 3.20568279551528 0
"122" 135.756022715861 -36.8575627633283 1
"123" 130.579887442074 39.3999769555998 1
"124" 133.84116307124 -9.56403826874021 1
"125" 134.651852709105 -22.5189815603875 1
"126" 338.330458394044 82.267036136956 0
"127" 138.900537610288 22.8931751953111 1
"128" 46.6903087010429 41.703783204747 -1
"129" 219.560370975689 -39.6068994417923 -1
"130" 161.640935682444 2.20133387538947 0
"131" 153.778110066001 9.92484956134235 1
"132" 297.112737652489 -36.0976895472092 -1
"133" 166.763700619642 -2.92333463013983 1
"134" 152.924949117393 10.7379120660677 1
"135" 172.100454458962 -8.1867480893141 1
"136" 339.727803237716 82.8937801140474 0
"137" 141.161801745095 -27.1124121928231 0
"138" 139.794303517191 3.03389580917494 0
"139" 141.084190527834 -25.6381140147177 1
"140" 137.858462256228 40.4539615877227 1
"141" 140.282639712738 -8.46210431663849 1
"142" 140.464807713873 -12.6281831998072 1
"143" 338.207297836778 82.3321285644375 0
"144" 47.5171843924458 37.6204188514261 1
"145" 232.575838426584 -1.80080101183036 0
"146" 72.9862351119882 -70.9423433149136 -1
"147" 53.5255480111372 -6.13823451388913 -1
"148" 234.114011089334 10.9596674582286 1
"149" 65.7806812489569 -62.0514627283896 -1
"150" 336.826065488738 82.9918290952326 1
"151" 102.663585108009 3.41662046323359 0
"152" 140.598953100757 -26.7804866201958 1
"153" 83.877138547918 19.0638163796339 1
"154" 119.591934211889 -11.5429481958395 1
"155" 134.430707076332 -22.8690143250927 1
"156" 350.840838945149 39.043708820327 -1
"157" 151.288218490723 2.64398034926011 1
"158" 243.24326282268 -2.3155871867254 -1
"159" 183.633874257917 1.04322703110633 1
"160" 148.65556584816 2.74329961225711 1
"161" 172.42686620388 1.66392029919227 1
"162" 166.833615396838 40.0068757197711 1
"163" 148.027053940957 -6.98997319207815 1
"164" 156.078848081518 16.3674166633861 1
"165" 174.674829515201 50.6496474296314 0
"166" 228.711486099117 10.20240993219 0
"167" 172.414507214816 39.0609809513765 0
"168" 173.887880900481 38.7618118866232 0
"169" 143.00731691524 -7.96141927542127 0
"170" 172.318319821907 -1.62980173167452 0
"171" 173.993317681462 40.6545913318993 0
