"ra" "dec" "antirad"
"1" 126.160568456097 -31.3111842918243 -1
"2" 114.824471605537 10.7799065887578 1
"3" 107.654856249878 34.7476035048377 1
"4" 95.5136520648919 56.6089971550522 0
"5" 96.5454517451603 55.393974166921 1
"6" 274.540863140349 -57.6797954666729 -1
"7" 107.950846721464 33.9424033857101 1
"8" 88.3190719669934 63.1487830848997 1
"9" 120.087874836429 -10.2819959762499 1
"10" 310.290080117878 41.8267753060044 -1
"11" 315.080332161014 50.695377452396 -1
"12" 121.430664316334 -15.436932772983 1
"13" 105.54740318036 40.0262261048638 0
"14" 122.906876242423 -20.8122344391609 0
"15" 109.122185343281 30.5954837022721 0
"16" 107.457071335077 35.2766660211739 0
"17" 116.882551030345 2.5784946894305 0
"18" 327.600236902563 63.7667668314646 1
"19" 116.938353908986 2.35299356099469 1
"20" 111.193348233021 24.0440117434265 1
"21" 116.563474719418 3.86609489065478 1
"22" 111.229992098015 23.9209100656977 0
"23" 109.616254150036 29.106076434994 0
"24" 300.808876990137 13.0772275791804 -1
"25" 103.428010201982 44.5896982373679 1
"26" 107.216607604984 35.9102789257564 1
"27" 103.322671536589 44.7986848940718 1
"28" 333.907574869651 67.3963217916015 -1
"29" 118.711385868383 -4.81252275673697 0
"30" 136.182704647514 -52.3374387431761 -1
"31" 125.570666327307 -29.5546936602876 -1
"32" 110.270604949538 27.0623321878588 -1
"33" 95.480469687637 56.6466822038207 1
"34" 354.836716316619 73.6455904964803 1
"35" 102.107930247256 47.096195942982 -1
"36" 104.12638695652 43.1628236829648 0
"37" 118.907797256115 -5.60098293821734 1
"38" 118.713126010381 -4.81951699511344 1
"39" 114.128984695535 13.4671883775595 1
"40" 81.5283895193298 67.2034965952687 0
"41" 114.576616167569 11.7439451520182 -1
"42" 105.713589469724 39.6379586222241 1
"43" 117.2207681417 1.21074498352217 1
"44" 299.194476349661 6.74779973425973 -1
"45" 5.71042880217689 75.1026169106445 1
"46" 102.656006206684 46.0847301638097 0
"47" 281.204903657513 -48.6772667256522 -1
"48" 118.645969875516 -4.54948740464398 1
"49" 311.909474567271 45.1763477727104 -1
"50" 109.712770910054 28.8097160503281 0
"51" 105.289161605845 40.6204452635673 1
"52" 104.381199775841 42.6238786861185 1
"53" 109.392160384767 29.7873593135362 0
"54" 116.009266152128 6.09223696985194 0
"55" 113.751092582677 14.9024085689484 1
"56" 136.713260761153 2.07258589270032 0
"57" 153.797936745697 46.8681886769625 0
"58" 124.51230841921 -35.2843002789413 -1
"59" 149.983531248917 40.1047748910572 0
"60" 148.035767190931 35.9689943942209 0
"61" 170.228432666788 63.1029924631139 0
"62" 242.288425314141 73.5040954870826 -1
"63" 130.190714391866 -19.9712345679239 0
"64" 124.470650836993 -35.3797758698319 0
"65" 122.768148931249 -39.0807586157112 0
"66" 129.258963595987 -22.7931121391066 0
"67" 155.023895711249 48.7146247602052 1
"68" 309.020875241658 23.4956072791158 -1
"69" 339.971650330386 -54.8742997914866 -1
"70" 2.12965654803673 -68.4281350220942 0
"71" 83.8451848095534 -70.2222428811883 0
"72" 270.608375046244 68.2641381594374 -1
"73" 133.673770396205 -8.54623286956278 0
"74" 155.947210301814 50.0132741361288 0
"75" 132.524095680501 -12.446972605615 0
"76" 319.713770937923 -12.4164628384844 -1
"77" 164.877024945993 59.405307011476 1
"78" 301.70237650286 41.205600471559 -1
"79" 150.337205463402 40.8032228353592 0
"80" 149.399878138175 38.9176047856673 0
"81" 302.203143429673 40.2249813445326 -1
"82" 106.375450571749 -60.1774910050426 0
"83" 136.908869662 2.7590337515821 1
"84" 81.5145512598809 -70.7662346770546 1
"85" 129.131278646014 -23.1708150807966 1
"86" 317.056817113319 -3.27768767527771 -1
"87" 160.316283480877 55.2373839953017 0
"88" 149.165382870364 38.4282830372188 0
"89" 319.755013870693 -12.5544142512435 -1
"90" 73.6895963545598 -72.2110743165139 0
"91" 131.131452532969 -17.0108739063367 0
"92" 131.271678016042 -16.5606521392632 0
"93" 140.876553852437 16.2422609380549 0
"94" 0.805182361027077 -67.9769104360854 0
"95" 314.126026910502 6.98649298587764 -1
"96" 153.947014627024 47.100504828666 0
"97" 132.760354080944 -11.6540138085001 0
"98" 142.272213874314 20.6353270100609 0
"99" 290.228750308656 56.9244869053042 -1
"100" 333.694171676183 -46.7051746710779 -1
"101" 156.685437936456 50.9984673217087 0
"102" 150.691183350133 41.4867965106075 0
"103" 124.446196781509 -35.4357107877615 0
"104" 335.974535374229 -50.0505630453815 -1
"105" 145.478652339644 29.7484725733626 0
"106" 226.530661591823 74.1223937832329 -1
"107" 169.252519003421 62.5062511466952 1
"108" 148.998884456449 38.0764864609592 1
"109" 133.602060750442 -8.79239148590463 0
"110" 86.1873009366685 19.1726807117419 0
"111" 112.771072841004 11.5178297258091 1
"112" 199.841740241303 -19.7410932521436 1
"113" 185.464429956645 -16.2987796489047 1
"114" 96.7897111698443 16.5784916637181 0
"115" 80.5467035939451 20.2821154338063 0
"116" 93.1075485824343 17.5529572599992 1
"117" 94.6360213942882 17.1577609347279 1
"118" 92.2331783138063 17.7730198550114 1
"119" 89.6307122544964 18.4018171124864 1
"120" 77.7504775691617 20.7604790199905 1
"121" 47.3921759169562 22.8329040846278 -1
"122" 97.0766669341297 16.4993527509765 1
"123" 97.8487505784405 16.2841585796701 1
"124" 118.241091752189 9.51441636607765 1
"125" 11.0921348986263 17.7890092369689 -1
"126" 90.7403831152789 18.138523359467 1
"127" 102.971440687891 14.7745952347487 0
"128" 106.942603415648 13.5104743568317 1
"129" 203.291779875002 -20.3848057875713 -1
"130" 100.30295590951 15.5784709698677 1
"131" 120.272751253857 8.74125084629672 0
"132" 232.660611688106 -22.8857558063436 1
"133" 74.3530512971095 21.2771334898767 0
"134" 111.349045929381 12.0182630306268 0
"135" 229.848752338488 -22.8791462529091 -1
"136" 135.988977160663 2.37661377168305 1
"137" 160.075747928974 -7.60855406682925 1
"138" 140.162301941932 0.619788949036622 1
"139" 139.311907619372 0.978548180532527 -1
"140" 49.4194524393169 22.8737862996347 -1
"141" 334.494896474619 5.36992685894335 -1
"142" 150.995758858559 -3.93015764813915 -1
"143" 99.3121842699746 15.8672938803617 1
"144" 95.4861392437359 16.9322203329604 1
"145" 96.2054875344084 16.7381975457512 1
"146" 109.473231247175 12.6645562429894 0
"147" 228.560775647667 -22.8596074365615 -1
"148" 116.155196294606 10.2924295271962 -1
"149" 76.6505150716995 20.9355278607214 0
"150" 98.838269184692 16.0035696028351 1
"151" 128.93073957785 5.30276588475985 0
"152" 80.9044249295793 20.2174747589948 0
"153" 240.481288478258 -22.6441688645214 -1
"154" 61.4407646464898 22.5882062480702 -1
"155" 125.036318534877 6.87522237237761 0
"156" 100.809050025276 15.4289049412547 1
"157" 97.299189904272 16.4376693122133 1
"158" 214.386737310894 -21.960038323695 1
"159" 96.9068506557854 16.5462412345277 0
"160" 100.607143411726 15.4887384060696 1
"161" 118.632550466708 9.36659052242898 1
"162" 118.543641859346 9.40021397155568 1
"163" 106.635473597145 34.1794279635786 1
"164" 140.539427631152 45.6899116161164 1
"165" 136.383152479481 44.9841659982312 1
"166" 109.28781017097 35.6243284732403 0
"167" 79.8980500525387 13.2154383418043 0
"168" 88.7621425672715 21.4439003807212 1
"169" 91.0288263874852 23.3551257711613 1
"170" 89.8084277175264 22.3365632850564 1
"171" 87.5311963504056 20.371127872771 1
"172" 177.228986243653 45.1353702034613 -1
"173" 74.86031827362 8.09978671603051 0
"174" 121.598050941833 41.0011555216276 1
"175" 106.86801202409 34.3104660254936 1
"176" 126.640764152063 42.6355045642706 1
"177" 211.745697102913 31.8177285715639 1
"178" 87.082829042186 19.9744111293906 1
"179" 143.212264544127 46.056323178814 0
"180" 93.366916054436 25.2372758887687 1
"181" 96.3211564845203 27.4835116649657 0
"182" 120.168103584246 40.4811614346296 1
"183" 119.314346795521 40.1582995815136 0
"184" 133.851650588397 44.470265992346 1
"185" 112.265251337706 37.1196379291225 1
"186" 106.576600037066 34.1461175667248 0
"187" 242.176981612059 5.36162836627445 -1
"188" 44.2015870888127 -22.6850690996916 -1
"189" 182.233141206653 44.0973839123347 1
"190" 167.237410208783 46.4789529578296 1
"191" 102.776734784957 31.87936970492 -1
"192" 181.883977007229 44.1781875306112 1
"193" 147.592640150433 46.5140309051575 1
"194" 115.787731298188 38.7232304045013 -1
"195" 101.671169897574 31.1758838828114 1
"196" 89.3868463631303 21.9790218144921 1
"197" 89.6087111457713 22.1675460682814 1
"198" 250.001000900436 -2.97835551798636 -1
"199" 212.82093859725 31.1320699807895 -1
"200" 95.5243874287309 26.8922668688566 -1
"201" 156.27315688866 46.915131358428 1
"202" 89.7196669768803 22.2615268625731 1
"203" 178.084450592312 44.9759162500591 0
"204" 82.2702948664145 15.5259253624899 0
"205" 153.066238538167 46.8440673148506 -1
"206" 173.700755533545 45.7173108589027 1
"207" 157.735729699495 46.9177765116713 0
"208" 95.3375955662161 26.7520988029474 1
"209" 316.761138347544 -45.0553546397288 -1
"210" 116.822711526828 39.1616337649658 1
"211" 100.336693423063 30.2998158680824 0
"212" 116.951974478855 39.2153684580298 1
"213" 166.764221609465 46.5197160720345 1
"214" 98.9344989966645 29.3472633814709 1
"215" 96.4365645840887 55.3948478943468 0
"216" 94.6512477651567 57.6713220734579 -1
"217" 107.083071893724 32.805773278018 0
"218" 88.5213571953918 63.6251271166785 0
"219" 116.981146550304 -7.07093870362381 0
"220" 124.599002521026 -35.5379981531246 -1
"221" 128.411629680134 -45.1604832395947 -1
"222" 118.133976003099 -12.0662111326772 0
"223" 104.693374225072 39.6300631516316 1
"224" 119.908701534349 -19.3771415195799 1
"225" 108.090521700584 29.5471627719817 1
"226" 106.69022341707 34.0138259494641 1
"227" 115.922489076623 -2.38227779984566 1
"228" 323.930372615725 64.8735652244826 0
"229" 114.501737143337 3.95002750662252 0
"230" 109.988938900438 22.7782035841384 0
"231" 113.902003120303 6.60265616704626 0
"232" 109.551656448681 24.4089330115055 1
"233" 108.604590564643 27.7947607471784 1
"234" 121.10344088913 -23.9597771727301 -1
"235" 102.672576061363 44.4874385289427 0
"236" 106.148819454837 35.62203710881 0
"237" 106.309667832438 35.1510438672718 0
"238" 148.019392506982 -67.4335467190964 -1
"239" 116.657568250748 -5.6451939032089 1
"240" 313.739947781597 54.5591749847285 -1
"241" 303.649295145334 32.667359958035 -1
"242" 288.455218934042 -28.3101920406068 -1
"243" 95.4833664540006 56.6474510883679 0
"244" 358.58012254974 75.9058854726021 0
"245" 281.228271393443 -47.509570360251 -1
"246" 103.812935647509 41.8424782903772 1
"247" 115.999429982052 -2.7249287943973 0
"248" 115.830971597415 -1.9744853884079 0
"249" 112.381126998289 13.1762703894437 0
"250" 82.4577175043701 67.5979161355745 1
"251" 292.216669077482 -13.8690227423597 -1
"252" 104.832792873171 39.2654346863962 0
"253" 114.625454924497 3.40026352786476 0
"254" 117.403951498622 -8.92012023584517 -1
"255" 353.883651090508 75.2739977797601 0
"256" 102.009128664139 45.9190076733459 1
"257" 100.705840790746 48.5198107326075 -1
"258" 117.050890614541 -7.37712744977181 0
"259" 124.694197725544 -35.8146655719373 -1
"260" 108.594617774914 27.8293324320118 1
"261" 104.278608181648 40.6914915582963 0
"262" 103.951826638467 41.5036199747071 0
"263" 108.430192893353 28.3960491150208 1
"264" 114.460638116911 4.1324989953072 1
"265" 111.322202671153 17.5588224363909 0
"266" 118.799159791352 53.089502956265 1
"267" 126.712064790561 51.1106860885416 0
"268" 85.6580287606988 54.9996451248306 0
"269" 226.813018792045 -43.7344606350669 -1
"270" 244.789143715507 -51.2531118334885 -1
"271" 245.375352371792 -51.421056632844 -1
"272" 227.096665986078 -43.8949237203676 -1
"273" 135.172205504345 48.1330273958488 1
"274" 28.3117163629237 29.3272016206236 -1
"275" 314.898157683538 -48.2453925304881 -1
"276" 122.054021518741 52.3605247844181 1
"277" 129.778883307948 50.1435020871129 1
"278" 13.6322513024619 11.5770778163318 -1
"279" 212.56665847036 -33.4003843021506 -1
"280" 141.329404699417 45.28904249178 0
"281" 228.524687177397 -44.6793479103704 -1
"282" 19.0087668794207 18.6961845735556 -1
"283" 132.359627917073 49.2331245713087 1
"284" 118.634745943839 53.1233509982809 0
"285" 147.810785293744 41.55187328866 0
"286" 152.12322192276 38.5754450919269 0
"287" 98.5624463911727 55.3602741855237 0
"288" 220.006240894221 -39.3851335646277 0
"289" 173.991045355627 16.1400389720426 1
"290" 170.265472752378 20.8603114435286 1
"291" 157.288620351351 34.4260413146671 1
"292" 230.33305352447 -45.6183417602398 1
"293" 90.9337373129406 55.3128961561108 0
"294" 148.715325174569 40.9620377722365 1
"295" 79.2589279891572 54.2990059755496 -1
"296" 287.684268405793 -54.7865315949201 -1
"297" 225.168315011504 -42.7727132603474 -1
"298" 225.151977461904 -42.7628872394258 -1
"299" 174.884962206173 14.9598686463452 0
"300" 240.59905719075 -49.9271787847264 -1
"301" 46.9408829344885 43.8069887365255 -1
"302" 137.644248374257 47.0665060530957 0
"303" 220.368698553761 -39.6422708435778 -1
"304" 157.644944925483 34.1147271045765 0
"305" 66.9285111540005 51.8462169384263 -1
"306" 132.186406042473 49.2971206004589 1
"307" 120.723056814001 52.6723586153116 -1
"308" 149.510588979748 40.4286589382904 0
"309" 253.610691293612 -53.3678267431438 -1
"310" 319.702482741693 -46.1025832283587 -1
"311" 183.748520526645 2.5476535485108 0
"312" 110.279283178463 54.4930288158477 0
"313" 129.851960288804 50.118968745208 1
"314" 151.076389655354 39.3369211379263 1
"315" 237.387737453325 -48.7516594119759 -1
"316" 125.751651384966 50.5095641265169 0
"317" 86.5037382585419 58.0333336857564 -1
"318" 215.10641490321 -45.9476416842286 0
"319" 237.781408282432 -54.9608685319614 -1
"320" 239.016113725875 -55.2504320889698 -1
"321" 215.951562688253 -46.4406969036149 -1
"322" 131.723274290548 47.6733815595762 1
"323" 17.5090881453067 31.5853472031259 -1
"324" 312.577356009933 -47.2139489895 -1
"325" 121.72277106002 52.0900899499558 1
"326" 129.21264252307 48.9431981791906 1
"327" 9.3711485522804 21.7570039953006 -1
"328" 198.715582939092 -32.8578510705209 0
"329" 138.122956770059 43.8587709863921 0
"330" 215.274926008808 -46.0471566525698 -1
"331" 1.63571672417017 10.5644223597404 -1
"332" 130.647235510705 48.2320720038567 1
"333" 118.633443428096 53.1426839084476 0
"334" 138.274189153531 43.7576177315771 0
"335" 144.138183926766 39.3925782983062 0
"336" 97.3054591996436 57.4371717528264 -1
"337" 214.731086408399 -45.7238029333529 0
"338" 166.150118650591 13.7854793575822 1
"339" 167.065953029434 12.4076220039385 1
"340" 154.22340344803 29.5718891855093 1
"341" 212.274130657702 -44.1816365141275 1
"342" 98.2549323787735 57.3390362709457 -1
"343" 149.846614572252 34.2230456174541 1
"344" 242.842831264862 -56.0453977861345 1
"345" 288.10988375898 -55.843467466146 0
"346" 212.793566656076 -44.5190555192827 -1
"347" 212.682330408434 -44.4473220716754 -1
"348" 164.711429035637 15.9102026474576 0
"349" 245.966070250364 -56.585881547796 -1
"350" 32.2318245176367 44.1538793862103 -1
"351" 133.524716146904 46.6872907365865 0
"352" 206.796294190132 -40.2212717585903 -1
"353" 153.191016250756 30.7251417525664 0
"354" 63.4069560077016 56.1500121991673 -1
"355" 128.41188011773 49.3239374145966 1
"356" 120.224121758397 52.6170738591567 -1
"357" 146.424820818243 37.4380606594442 0
"358" 248.048832034674 -56.8952858883862 0
"359" 316.45437443548 -44.9394540652563 -1
"360" 161.779376229161 20.0705765505906 0
"361" 110.791489338461 55.2734468596301 0
"362" 128.552650352813 49.2578279341671 1
"363" 147.087146827923 36.8434845230516 1
"364" 224.018271235121 -50.4505480721052 -1
"365" 256.890420431502 21.304148248141 1
"366" 95.8825172588413 14.9227922071277 1
"367" 95.8738482326364 14.9068241997425 1
"368" 94.7321898431462 12.7812382240333 1
"369" 94.9232149800167 13.1399313376788 1
"370" 117.939073740068 44.6472614037623 0
"371" 87.9970049374217 -0.380802899520705 0
"372" 95.8288388616898 14.8238754136362 0
"373" 102.20291093063 25.7362761914457 1
"374" 131.776266213352 53.9212848641535 1
"375" 227.600604065122 52.3261219067939 1
"376" 96.0704500609796 15.2682902045578 1
"377" 261.791048010537 12.5051582782156 -1
"378" 99.089442830964 20.6283832142182 1
"379" 102.510210048062 26.2155790877475 0
"380" 66.3155255727265 -36.5595342343903 -1
"381" 119.067387693772 45.6121905278579 0
"382" 118.992925364329 45.5498510452297 1
"383" 110.127029626584 36.6380094584054 1
"384" 106.963237856321 32.6459952400264 0
"385" 252.698706632683 27.9951594499333 -1
"386" 78.6922720906069 -18.1800995536241 -1
"387" 201.712729633405 61.2810946179052 1
"388" 15.7651459681821 -62.2117070173123 -1
"389" 105.299212957175 30.355853273642 -1
"390" 144.603172018159 58.9081104136948 1
"391" 144.002290984643 58.7293533233052 1
"392" 113.504799550462 40.4041355039976 -1
"393" 100.290052261435 22.6514320805117 1
"394" 96.4968754211814 16.0474191521727 1
"395" 96.6595946071172 16.3429243482652 1
"396" 92.8136042586725 9.11904681176449 1
"397" 190.876115758355 62.7537811400043 -1
"398" 100.676363452156 23.2883300224258 -1
"399" 116.559900543471 43.4068994481839 1
"400" 97.1513910342902 17.2298237297031 1
"401" 231.436289759378 49.9832457177832 0
"402" 87.0488827023064 -2.26675269996072 0
"403" 123.762457341373 49.1877178837209 0
"404" 130.602463873902 53.3201819715744 1
"405" 204.551219448875 60.72118300892 0
"406" 98.7155184764325 19.9851407286953 1
"407" 95.7538269547278 14.6854736308157 0
"408" 112.923325452037 39.7904590412287 1
"409" 97.0002827171052 16.9583249997923 0
"410" 186.504706421573 63.0824187108528 1
"411" 56.595213764574 -46.2005763361676 -1
"412" 102.530947907161 26.2477602784791 1
"413" 81.2670686190905 27.4346728125044 1
"414" 82.250612841131 35.8738999086031 1
"415" 82.1017788324477 34.6955249090503 1
"416" 81.1084496815454 25.9286724053529 1
"417" 80.8737189872542 23.6274580998181 0
"418" 79.2170620417415 5.33367578964639 0
"419" 77.8192823212623 -11.1468574352658 -1
"420" 75.459245801177 -34.4892573162088 -1
"421" 236.761364434083 77.3640371795565 1
"422" 248.908594090168 63.8671857636294 1
"423" 80.7971921729637 22.8588646102129 1
"424" 257.20191451694 18.0185882187763 -1
"425" 81.8821956523901 32.8934768580943 1
"426" 81.4722795970748 29.3233890395289 0
"427" 76.6339314400194 -23.9040808819989 -1
"428" 111.508490316182 81.1712318554244 0
"429" 82.7691034458162 39.7157390295977 1
"430" 81.0399737759281 25.2662335758227 1
"431" 89.7236345432284 66.1544195848816 0
"432" 255.632390803617 33.067672504382 -1
"433" 77.1538285612589 -18.5345104990552 -1
"434" 64.8033175968853 -70.8067077121352 -1
"435" 68.2358252592837 -65.3171287448915 -1
"436" 82.912621311171 40.7094601454766 -1
"437" 85.2243926636756 53.2393811510689 1
"438" 111.522149691453 81.1744522882825 1
"439" 85.179337577796 53.0476350886158 -1
"440" 49.9982449946384 -80.0992529460804 -1
"441" 81.3085290941346 27.8217097083278 1
"442" 81.3360619193985 28.077210548139 1
"443" 79.2391989192364 5.59479778123644 1
"444" 92.8788343156614 70.9881976616348 0
"445" 82.0746678308 34.4771519469196 -1
"446" 80.9733001973708 24.6141762357863 1
"447" 81.2425969470894 27.2049386321105 1
"448" 254.141737690539 43.8331529832936 0
"449" 80.6284389936572 21.1329984519337 0
"450" 82.5995566430259 38.5035223550651 0
"451" 262.884086422641 -40.514213637726 -1
"452" 252.236238718694 53.5538502860833 0
"453" 83.48807444546 44.4103034744423 1
"454" 78.1902353788886 -6.84147583239273 -1
"455" 82.8247164292923 40.1042872820501 1
"456" 249.2394758558 63.0932689853863 0
"457" 76.0733261552568 -29.2311718457189 -1
"458" 75.1400774940127 -36.9869076761832 -1
"459" 82.8202850555067 40.0734892306182 1
"460" 95.8460104099119 14.9580725867806 1
"461" 91.6571990192108 18.883802314271 1
"462" 52.9995726861707 41.9810107102239 1
"463" 83.4067334496753 25.8207110268756 1
"464" 318.988204935145 27.1529767879154 -1
"465" 95.8937753806645 14.9119088023488 1
"466" 96.8614203653042 13.9703946106344 1
"467" 115.345348371188 -5.35183810188773 1
"468" 356.303356080236 44.3192026552921 -1
"469" 94.7725622275833 15.9875561657146 0
"470" 99.8834577409581 10.95802951598 0
"471" 33.9131662558079 46.0984279106269 -1
"472" 78.3698048082447 29.4965053935884 1
"473" 98.3981676930217 12.4515136158225 1
"474" 120.75523798756 -10.9605028231453 -1
"475" 70.4438122370795 34.4257264738732 -1
"476" 82.8443767935173 26.252417388409 0
"477" 114.280422745095 -4.2248424696759 0
"478" 214.437045243242 -46.0338574059007 0
"479" 115.909254434225 -5.94627157904427 1
"480" 149.306180591045 -33.9248449655011 1
"481" 130.592280584056 -20.3266055261467 1
"482" 220.120675163914 -45.1666024576447 0
"483" 62.3933717241297 38.4326641382443 0
"484" 338.73403115847 38.6468983697601 -1
"485" 193.836403655476 -46.7280751538554 -1
"486" 98.7932748830416 12.0565676219521 1
"487" 75.3485426582458 31.4965074645278 0
"488" 72.3785606004459 33.3162781215073 0
"489" 100.0572089583 10.7818003211465 0
"490" 55.5744565607823 41.1197403021752 1
"491" 46.293411204739 43.8623860114729 1
"492" 82.9381771507401 26.1807815006232 0
"493" 82.439526421213 26.5598933917568 0
"494" 118.030112396373 -8.16392364235517 -1
"495" 77.7667648007362 29.9078654267381 0
"496" 73.1685815114496 32.8461492161097 1
"497" 72.5570947951419 33.2109098306556 -1
"498" 117.133994394649 -7.2306969208214 0
"499" 105.015887497885 5.64196586195198 1
"500" 95.9250845542399 14.8816330489099 1
"501" 66.0423277873188 36.7346293406271 0
"502" 96.4256340384242 14.3958863631443 0
"503" 98.7645158215059 12.0853737058569 1
"504" 110.810457179801 -0.526303747253202 1
"505" 182.939128112461 -45.5742224249453 1
"506" 71.9963736375231 46.1683237506536 1
"507" 99.1740173863916 8.65656611928473 0
"508" 87.3767665109074 29.0153667060322 1
"509" 111.181906153163 -14.7807693543353 1
"510" 95.8807050436501 14.8941968010528 1
"511" 96.6497703187089 13.467467946179 1
"512" 112.830003204494 -17.7689579171559 1
"513" 339.360695675615 58.7158482193933 -1
"514" 95.5052889555564 15.5830497957567 0
"515" 98.7359522975588 9.50377331323977 0
"516" 86.768452614296 29.8953315938594 0
"517" 87.5410871993953 28.7745723366856 1
"518" 97.7575241688548 11.3784494278667 1
"519" 121.329582015827 -31.2666260209394 -1
"520" 79.8662133232325 38.6487312865924 -1
"521" 87.6108428284521 28.6719549013101 0
"522" 118.91942273982 -27.7886682876163 0
"523" 185.109364519153 -63.0662321495376 0
"524" 108.121666842125 -8.98882225263066 1
"525" 139.170660965004 -49.2016264330111 1
"526" 123.054790591518 -33.5835933555695 1
"527" 256.009359744713 -42.6274769255525 -1
"528" 71.9620812497298 46.1961894447097 0
"529" 344.416053486286 60.083495583322 -1
"530" 235.188266579227 -56.0864942047012 -1
"531" 98.5112679295428 9.93650134219263 1
"532" 94.0889586525871 18.1335561539163 0
"533" 93.6445929516577 18.9171424512704 0
"534" 98.2755627059954 10.3890660217583 0
"535" 62.5138184082176 52.5741052499056 1
"536" 264.156035708897 -33.4705930006474 -1
"537" 87.1649875863067 29.3237645444422 0
"538" 92.9251101717657 20.1681300129629 0
"539" 111.648837579735 -15.6378080007571 -1
"540" 69.3868013940034 48.1824395778046 0
"541" 80.8298890652066 37.5575871865871 1
"542" 79.885701454301 38.6270645672796 -1
"543" 111.918099146722 -16.1283694463592 -1
"544" 124.161323645017 -34.9953368372703 1
"545" 95.901916186516 14.8551240236856 1
"546" 79.0185784946664 39.5754494734436 0
"547" 96.345641234111 14.034104843257 0
"548" 98.0719786689841 10.778768698818 1
"549" 106.557844705819 -5.93705265126599 1
"550" 74.8438526392384 43.7151361700993 0
"551" 94.1841629134866 13.8981339020724 0
"552" 86.3833203688539 28.2438437899522 1
"553" 106.383765163664 -12.0138364089193 1
"554" 94.573782339667 13.1052538715365 1
"555" 95.611053180946 10.9672475313959 1
"556" 111.783366430157 -22.5226546944174 1
"557" 335.704620278454 60.5790224742333 -1
"558" 92.5262140280613 17.201838025328 0
"559" 97.2276187155968 7.56790274218022 0
"560" 84.3615135660996 31.4193233865091 0
"561" 85.9490501914438 28.9455525885011 1
"562" 96.4637858248904 9.18318890956612 1
"563" 121.554891266204 -37.5756859037291 -1
"564" 79.2655396863334 38.4147678502894 -1
"565" 86.4630502252415 28.1138455036353 0
"566" 121.333420165141 -37.2927839206578 -1
"567" 178.439354367297 -64.7048197645293 0
"568" 105.414766478812 -10.0001781479526 1
"569" 136.706547821365 -51.8229164784704 1
"570" 120.896914273786 -36.7276933034591 1
"571" 255.474076978 -42.7545620594811 -1
"572" 71.9641883244426 46.1976143347889 0
"573" 345.79671837045 63.0122854611302 -1
"574" 237.294821831373 -56.122439946469 -1
"575" 97.9894107458469 5.94345741942957 1
"576" 90.4701661317108 21.1210390601466 0
"577" 90.1185186519444 21.7698554405048 0
"578" 96.1224174136232 9.90000701953958 0
"579" 62.8820971755281 53.0459462117799 1
"580" 262.352301643849 -34.3462800689982 -1
"581" 86.160631950805 28.6050146429722 0
"582" 89.9191788949488 22.134748283062 0
"583" 109.423040358208 -18.0964685130885 -1
"584" 69.0906815836823 48.6569172492273 0
"585" 80.2150102502593 37.2168847859597 1
"586" 79.3705985824128 38.2845019208504 -1
"587" 109.999993835078 -19.2044488063778 -1
"588" 150.084764693549 -58.6720381693846 1
"589" 94.5064799913186 13.2426322333046 1
"590" 78.3925282820377 39.475692317011 0
"591" 95.6566911232851 10.8723337202922 0
"592" 96.8316528285245 8.40711570515341 1
"593" 104.631101756624 -8.35086970682959 1
"594" 74.3563480435065 43.9072685630144 0
"595" 82.3445543156251 24.9156094853111 1
"596" 311.008177248167 24.2961359574764 -1
"597" 94.7374476665828 13.3311677571549 1
"598" 96.0328921259366 11.9887614298851 1
"599" 114.735247085742 -8.45906845459453 1
"600" 355.030714765422 45.8607758768747 -1
"601" 88.942909720102 19.0548418084095 0
"602" 98.575486635444 9.29906701211654 0
"603" 39.3989476556578 45.7920931590124 0
"604" 76.3527664151758 29.5702235907309 1
"605" 97.3184031169214 10.6373704513076 1
"606" 120.854726465542 -14.8584262192974 -1
"607" 69.6578631857436 34.017661913568 -1
"608" 81.5653822667905 25.557377775479 0
"609" 115.121457432989 -8.87465007519859 0
"610" 213.690261223105 -46.8026248322798 -1
"611" 113.354796577635 -6.96359518259135 1
"612" 148.128385242586 -36.1462592501093 1
"613" 129.307112355311 -22.835203930242 1
"614" 221.683635272839 -45.2955247433179 -1
"615" 62.0941802777843 38.1437932113753 0
"616" 339.204912669846 41.2770611837659 -1
"617" 16.6109898254488 48.0234827733666 1
"618" 98.4455383931353 9.43812698650259 1
"619" 65.1371892171612 36.5927102123805 0
"620" 64.0242995555842 37.1764923379717 0
"621" 97.6789766557216 10.2551187476055 0
"622" 55.5297073114704 41.0270814828753 1
"623" 47.606210994511 43.746141232016 1
"624" 81.851719206739 25.3227979128863 0
"625" 75.9939238539235 29.8285411928503 0
"626" 116.348185293317 -10.1855474192084 -1
"627" 78.4139467624002 28.041833974909 0
"628" 72.3812910992759 32.3023339580276 1
"629" 71.8655040473605 32.6369322981465 -1
"630" 115.787520118514 -9.58819827452963 0
"631" 107.615750394998 -0.632913109259451 1
"632" 94.6550936256845 13.4158068527743 1
"633" 65.2815893132424 36.5155429470238 0
"634" 95.9229384196035 12.1034837819811 0
"635" 97.7543413676931 10.1750543495483 1
"636" 109.280381532971 -2.48110612625669 1
"637" 11.1282442241935 47.8720230280915 -1
"638" 68.8936717861719 11.7486039488457 1
"639" 134.427257785616 48.0431515720287 -1
"640" 112.839447774398 42.9881642839441 0
"641" 128.40669577973 47.1242614968027 0
"642" 210.058956383613 28.5885973490796 -1
"643" 80.2682745658405 23.0855605635995 0
"644" 151.514015697425 48.8615866811279 1
"645" 87.7127334910524 29.2720811069051 0
"646" 87.1244550014665 28.821178823374 1
"647" 129.05292234493 47.2396936327493 0
"648" 119.098322373436 44.9808750535354 1
"649" 121.082837446337 45.5163326151004 0
"650" 85.8074562018836 27.7881021900085 0
"651" 104.988135060667 39.7680203800282 1
"652" 59.4587237620377 1.16580389096307 0
"653" 37.0420781309391 -22.6992270995011 1
"654" 181.957342059923 43.70563714534 -1
"655" 168.006181477879 47.208689682442 0
"656" 276.504546412182 -35.252586621785 -1
"657" 182.926860370882 43.3790706665264 -1
"658" 147.038313375382 48.893902742581 0
"659" 290.804471725859 -42.2344952755043 -1
"660" 103.15689035351 38.8897268082981 0
"661" 83.7838061593825 26.1369195151239 0
"662" 83.9804194885755 26.3007343787289 0
"663" 57.9573226076066 -0.555184982534195 0
"664" 35.1488618692501 -24.3861111413951 0
"665" 269.506363361349 -30.6068407474054 -1
"666" 95.3027474078724 34.5167341678261 0
"667" 83.5533321339751 25.9439650225724 0
"668" 357.962795835288 -44.9306950850709 -1
"669" 80.0804743067951 22.9161015970782 1
"670" 141.536461384368 48.6956941253437 1
"671" 171.975103285574 46.4262671023782 0
"672" 159.92011423727 48.3282490326294 1
"673" 92.1284961819797 32.4508841622889 0
"674" 149.814473445707 48.8942683239868 -1
"675" 106.628710247797 40.5124231455605 0
"676" 102.976023879636 38.8002079895845 1
"677" 124.626432035084 46.3645851436578 0
"678" 168.549696337385 47.1109340511416 0
"679" 93.615613794919 33.4410816428159 0
"680" 86.084939450748 0.870873085042706 0
"681" 90.4360870081994 -1.97598758835482 0
"682" 113.223380662629 -15.9091118760321 0
"683" 3.77534367601786 33.0509595824178 1
"684" 193.212233992959 -32.2099394937823 -1
"685" 90.1171998835367 -1.76769474028075 1
"686" 156.161031711745 -31.3902784731702 -1
"687" 40.1816308939748 25.6706245961887 0
"688" 90.1753766414709 -1.80570294667213 0
"689" 300.98909808938 19.9031349545302 -1
"690" 230.74996448949 -21.3529756004298 -1
"691" 64.3538024856836 14.384052117552 1
"692" 116.811640328487 -17.8152707543964 1
"693" 50.555123217336 21.4415666217954 0
"694" 103.930726742315 -10.5429213812174 0
"695" 151.047030100775 -30.3952617743266 -1
"696" 128.971020812868 -23.4750694499412 -1
"697" 0.0642239634536805 33.1847924716316 0
"698" 48.9330762554694 22.1661342610996 1
"699" 337.629574283268 31.6352194891161 1
"700" 354.38484632107 33.1761220405754 0
"701" 96.4688672690227 -5.88197566207901 0
"702" 148.246483503499 -29.755632376815 -1
"703" 149.479449187332 -30.0455718667226 -1
"704" 78.9392151753248 5.51205250223027 1
"705" 48.4137364377362 22.3932143640237 0
"706" 348.503151763437 32.8947049237021 0
"707" 67.7395294153326 12.431287534045 1
"708" 168.506758348067 -32.8949627801578 -1
"709" 292.003216652639 15.2384081571137 -1
"710" 86.2537159403119 0.760423335525925 1
"711" 56.3508970034715 18.6663863637186 0
"712" 237.479280260503 -18.0931566059929 -1
"713" 112.344991229746 -15.4273924465102 1
"714" 114.402744277999 -16.5467000040749 0
"715" 84.9639148886405 1.6040468409378 0
"716" 220.276364924621 -25.636373366193 -1
"717" 92.6611228706354 -3.42553977116913 1
"718" 91.2634236721849 -2.51583485903496 0
"719" 103.211502047993 -10.1051705970286 0
"720" 156.322678076359 -31.4181248646695 -1
"721" 99.1066041295351 19.1474805319892 0
"722" 127.361663800202 44.5563411676581 0
"723" 221.17455606049 45.8675576601642 -1
"724" 96.13188326311 15.2339324931221 0
"725" 45.1213446574942 -43.7010573402138 -1
"726" 99.7961156742215 20.0237346069099 0
"727" 104.559991732094 25.7297680964743 1
"728" 117.691930675507 38.1709716274692 0
"729" 119.344947721888 39.4129683563338 1
"730" 128.353995455437 45.1004246576808 0
"731" 117.651345488104 38.1396350958398 0
"732" 107.794321133445 29.2405792308484 1
"733" 69.6023564800376 -21.9979040439244 0
"734" 71.4239168414555 -19.7317077748439 1
"735" 191.919401402371 54.7527148360729 -1
"736" 359.814481245509 -55.7939916305237 1
"737" 287.50727308616 -28.9410795594496 -1
"738" 161.016661411651 55.0059689049669 -1
"739" 146.188866430692 52.1420769849838 -1
"740" 297.093019624806 -37.7043733784433 -1
"741" 99.9250613296911 20.1862462859492 0
"742" 96.6418504072278 15.9194543662456 0
"743" 96.84041711229 16.1848081875691 0
"744" 91.521188510518 8.80477844612423 0
"745" 21.3414341769683 -53.0141747984593 0
"746" 281.775114049586 -22.469520229822 -1
"747" 130.766927660162 46.3467706612841 0
"748" 97.4603417578742 17.0074367064683 0
"749" 28.5212653527313 -51.0460555288817 -1
"750" 86.1856857600744 1.01945576561593 1
"751" 316.951348904235 -49.0869391519131 -1
"752" 147.561048404807 52.5043052905283 -1
"753" 356.425437581593 -55.8662259964158 -1
"754" 99.1083975146669 19.1497753298346 0
"755" 95.5808586240157 14.4868691627302 1
"756" 118.564136129528 38.8345978084386 0
"757" 96.818712601519 16.1558468443725 1
"758" 112.064987445194 33.4209800052928 0
"759" 25.7012029558955 -51.8922413815042 1
"760" 103.909732941498 24.9879537988158 0
"761" 136.858948705392 61.061877825635 -1
"762" 233.833093615588 56.9326481248743 -1
"763" 97.152807724644 14.6589046018698 0
"764" 90.9571189650239 -0.658767511949803 0
"765" 99.5835486748703 20.2064077110873 0
"766" 102.44886419312 26.2296117772486 1
"767" 91.2569369759962 0.0996387936116552 1
"768" 118.85636289554 49.5639670781203 1
"769" 114.94325511224 45.5062782396844 0
"770" 107.977076764007 36.1085620009513 0
"771" 106.635311037828 33.9217310905886 1
"772" 75.9765085030566 -33.623824858694 0
"773" 84.3844249188434 -16.7504247181338 1
"774" 31.5499291513994 -65.3919190416096 1
"775" 31.7644048410402 -65.3441704420873 1
"776" 284.780117551109 -30.6774035677443 -1
"777" 134.470551663093 60.0189819722064 -1
"778" 142.075502890178 62.9923453894042 -1
"779" 291.765769807022 -41.6018589173901 -1
"780" 100.090703750346 21.3154168143627 0
"781" 97.402076950918 15.2442016709664 0
"782" 97.5408451181465 15.5685201778575 0
"783" 95.0742880521818 9.65639560629465 0
"784" 359.644873071235 -68.4232362804242 0
"785" 280.926449226907 -23.103494403171 -1
"786" 112.091688806561 42.0302102496784 0
"787" 97.9943800259443 16.6206835286831 0
"788" 66.5352931546467 -46.5696771517527 -1
"789" 88.3545547492411 -7.20122878818011 1
"790" 118.018346724745 48.7578946415587 1
"791" 122.690900785642 52.8687800737152 -1
"792" 48.5819942406793 -59.730985577229 -1
"793" 99.1080053734066 19.1506138476641 0
"794" 98.4925079528604 17.762011020407 1
"795" 110.655409638995 40.0917229506659 0
"796" 95.7497958947841 11.3041024629373 1
"797" 86.5360542969147 -11.6655070703882 1
"798" 72.9823890289917 -38.3642833841487 1
"799" 102.480627465135 26.2929903799064 0
"800" 267.875302377774 67.9410488173461 -1
"801" 116.850095881748 2.41101116529104 0
"802" 124.36256815003 35.6675849597791 0
"803" 117.037176065185 3.37576466262836 0
"804" 120.595488555371 20.7943814572496 1
"805" 128.227885837781 46.7021796263199 1
"806" 120.029643757451 18.2013729068125 1
"807" 127.600569418038 45.1653369793451 0
"808" 125.440911137539 39.1439192013213 0
"809" 114.896686401398 -7.64104603746484 1
"810" 99.2332221638318 -56.7397029776033 0
"811" 115.171406154365 -6.24183160279958 1
"812" 82.8685411787405 -70.6958297988274 1
"813" 99.7891929937982 -55.8937023084319 1
"814" 300.260873102727 -19.2712236323912 -1
"815" 135.88548859964 59.9145139523176 0
"816" 140.931838460292 65.0368834463008 0
"817" 303.372109087352 -32.1738977868783 -1
"818" 67.0723279234472 -75.6908809544221 -1
"819" 115.879238001931 -2.60547345504271 0
"820" 115.97402709142 -2.11622198963449 0
"821" 119.196467017122 14.2379059031756 0
"822" 337.333665077231 -73.5588483069717 -1
"823" 298.045192957892 -8.52692532861813 -1
"824" 127.903052514873 45.9174480706977 0
"825" 116.702491060212 1.64881561823391 0
"826" 113.783145962262 -13.2017179715386 -1
"827" 283.74004170665 48.5359687369678 -1
"828" 129.391388342401 49.3287918740899 1
"829" 131.44320235546 53.3369871904244 0
"830" 113.837913738416 -12.9332917503774 0
"831" 113.506784264255 -14.5468552303445 0
"832" 305.725313341493 -40.0062727619738 -1
"833" 124.886695439394 37.398805852486 0
"834" 185.088333072007 78.2730747398521 0
"835" 129.728418171974 50.0390134900822 1
"836" 118.074721039374 8.67611954726553 1
"837" 118.280101765036 9.7103860498439 0
"838" 185.011455770385 -30.775962628854 -1
"839" 220.918620771345 45.5653980531256 0
"840" 178.446241197605 -41.4935258358688 -1
"841" 11.987913403697 15.6425639002313 0
"842" 46.319070931754 -51.1955687052296 -1
"843" 304.001041305969 68.4277186740996 0
"844" 200.91679909041 7.36480846654482 -1
"845" 204.755058428072 16.9510854171682 0
"846" 317.6190649258 66.3965016580837 0
"847" 135.604304157563 -66.7955151566741 -1
"848" 27.0192526159647 -22.1836928323804 -1
"849" 99.121661405741 -68.9454796162699 -1
"850" 71.972843801825 -64.7907779167141 -1
"851" 2.85613207634562 34.6626217344397 0
"852" 205.053926419012 17.6624646899902 -1
"853" 343.034150948877 56.501571523994 1
"854" 0.538629715127657 38.4322475017261 0
"855" 79.9431000668506 -66.6705880556035 -1
"856" 358.040432451195 42.0518278850574 1
"857" 358.204484489818 41.8274705274044 1
"858" 202.04093021004 10.2461871771095 0
"859" 32.2306160139245 -32.7029820126251 -1
"860" 0.706575913683595 38.1728020531696 0
"861" 208.943651306841 26.3251586834413 0
"862" 181.468983613116 -36.9684275239041 -1
"863" 225.756790251134 50.6767706540886 0
"864" 307.188173628068 68.0819335358427 0
"865" 24.6161236184583 -16.6183797643262 -1
"866" 206.600812367216 21.2448521587287 0
"867" 236.288489629685 58.4075729066048 0
"868" 155.124200000244 -60.8475274288951 -1
"869" 38.0262007232862 -41.8702717428298 -1
"870" 195.276487196001 -7.38083743868246 -1
"871" 248.50700007586 63.7365516176559 0
"872" 49.1464629262934 -53.5995831969594 -1
"873" 44.608700380689 -49.5719734275853 -1
"874" 177.027779782087 -43.3972479825304 -1
"875" 101.038627369164 12.4034133622359 0
"876" 119.897532202604 0.403321153010982 1
"877" 62.4422974796945 29.2470504824744 1
"878" 99.0669443508963 13.5607042699251 1
"879" 120.485917919872 0.0151105346929121 0
"880" 61.7843451721898 29.419954274451 -1
"881" 78.5124894917615 23.8200246939056 0
"882" 112.597126234112 5.18943226940494 0
"883" 44.5232010422706 32.6263265567994 1
"884" 124.310437384499 -2.50492240238307 1
"885" 155.263907217838 -20.6132775777173 1
"886" 135.595474748249 -9.74469253529643 1
"887" 169.365618479863 -26.4220570798018 -1
"888" 55.4436844156874 30.8925416311444 0
"889" 336.243530678009 21.0743183944921 -1
"890" 167.133182573782 -25.6222187965755 -1
"891" 99.0012213466485 13.598834003293 1
"892" 99.6100370552803 13.2445038278947 1
"893" 101.044865519305 12.3997116343577 1
"894" 102.780475615018 11.3603929562841 0
"895" 51.5600431455195 31.6238255797438 1
"896" 139.886445945961 -12.3484597771597 -1
"897" 79.5114939749916 23.4055406465292 0
"898" 112.118813850523 5.49912937469357 1
"899" 123.216380746258 -1.78524333732556 -1
"900" 79.9907785091567 23.2034898403691 0
"901" 66.7042021177765 28.0341778242757 1
"902" 66.7378527240253 28.02395728971 -1
"903" 121.003953326714 -0.326688693620527 0
"904" 102.528836485328 11.5122182364306 1
"905" 96.2001727899284 15.1957074707187 1
"906" 51.812689429616 31.5801403135967 -1
"907" 96.5585847849698 14.9945229806098 0
"908" 99.4390599364593 13.3442650944067 1
"909" 114.379719912735 4.02969743294369 1
"910" 133.078843952239 -8.17164043924058 1
"911" 104.125918506572 16.1597519285022 1
"912" 111.109281031666 23.9567474214494 0
"913" 90.4357269991639 -1.34729294285211 1
"914" 119.620277842506 31.9460926921319 0
"915" 138.010113449015 43.8054799831286 1
"916" 130.03803358645 39.4845373422351 1
"917" 109.368843423624 22.1135335466834 0
"918" 70.9991317447375 -24.7837526392668 1
"919" 76.6575381006093 -18.6458891614816 0
"920" 189.523078347643 52.6015731428842 1
"921" 174.812035397303 52.6902040118353 1
"922" 112.545487263575 25.4249033572199 -1
"923" 168.350078095513 52.1459404765193 1
"924" 147.353431812252 47.5680662448397 1
"925" 121.765213461426 33.6920108979566 -1
"926" 98.397291577804 9.0713784900035 1
"927" 100.81749003746 12.1282600757211 1
"928" 101.039577728762 12.4045942334245 1
"929" 99.6781865210529 10.6991759015488 1
"930" 202.94349085759 50.8720222594428 -1
"931" 106.41173291868 18.8264328394654 -1
"932" 146.776592247457 47.3713803104599 1
"933" 102.019502122901 13.6145488080438 1
"934" 203.808207101049 50.7015736081324 0
"935" 87.7411213779312 -4.8920789376632 0
"936" 148.067446832986 47.805524817277 0
"937" 158.548662353376 50.5881847308825 1
"938" 166.484844584707 51.9197210306063 0
"939" 101.755668564928 13.2903141768514 1
"940" 156.374422559632 50.1126505252701 -1
"941" 126.276497806451 37.0293662424426 1
"942" 94.0962930319203 3.48280763762685 0
"943" 94.7264734388669 4.31036933657008 1
"944" 16.6607463470167 -51.8890912977732 -1
"945" 108.191409511083 20.8276422669652 1
"946" 88.6413059062469 28.6451433333023 1
"947" 101.925274037018 18.1570337123099 1
"948" 120.491497732634 -0.215094800620034 0
"949" 74.8686008479708 36.5590752262885 -1
"950" 88.1933958478392 28.9492995180912 0
"951" 111.99000475004 8.54251500229771 0
"952" 214.390742781333 -46.0822985336216 -1
"953" 123.155264791955 -2.98461438690291 1
"954" 151.876040714427 -28.6092986714049 1
"955" 133.799085615158 -13.6749165092548 1
"956" 223.326535514499 -45.4075318782064 -1
"957" 64.7829857944868 40.6324468920082 0
"958" 337.731882013918 32.3365775671427 -1
"959" 188.983455546626 -44.1290785437277 -1
"960" 99.8897120750649 19.9430851952899 1
"961" 187.360283090521 -43.7995039883446 -1
"962" 184.107465163899 -43.0574539463149 -1
"963" 108.085484210592 12.4083860100925 0
"964" 56.5335481471438 43.0399685459377 1
"965" 243.528439826702 -41.0490836009691 -1
"966" 87.3931561582107 29.4846208451914 0
"967" 127.319988666535 -7.26719505665043 0
"968" 122.662397054677 -2.4731535936431 -1
"969" 75.3130066959829 36.3481196839586 0
"970" 77.1706461119505 35.4357564933276 1
"971" 76.0917079917705 35.9717055955235 -1
"972" 120.85520563988 -0.593751923012783 0
"973" 97.9481896510576 21.5887460106236 1
"974" 100.233134639714 19.6460427591166 1
"975" 71.40392856741 38.1095943135718 0
"976" 98.0598040867062 21.4957101598456 0
"977" 102.041296056203 18.0534200488154 1
"978" 115.288205156067 5.18172103813617 1
"979" 156.775602915858 -31.765119389237 1
"980" 106.681648786851 25.1922496481665 0
"981" 119.952328941017 21.0307463388172 1
"982" 241.387789942649 -29.163191288329 -1
"983" 87.7704732620201 28.7483482592217 1
"984" 108.838828238346 24.6095212002024 1
"985" 47.5737934018596 27.2823526973622 0
"986" 148.901624241734 7.61073423717619 -1
"987" 162.67876745159 -0.106760178775164 -1
"988" 144.327277295342 10.0528274845399 -1
"989" 296.801526051458 -22.1428627241197 -1
"990" 53.3345238483473 28.2443650459174 1
"991" 153.391327206311 5.13929452707515 -1
"992" 319.930400389776 -12.3079968726051 0
"993" 100.899573287679 26.5742603634772 0
"994" 78.7251959842634 29.4803485476269 0
"995" 79.1605635445287 29.4592612571961 0
"996" 312.770431547339 -15.7450849738634 -1
"997" 50.1719181652466 27.7479185918215 0
"998" 274.002313143887 -27.8820489217443 -1
"999" 86.5470197224044 28.8835909897728 1
"1000" 76.5543150786947 29.564231654191 0
"1001" 316.294268764163 -14.0927486397303 -1
"1002" 77.904644784388 29.5162178248851 1
"1003" 68.6559205929386 29.5709921250068 0
"1004" 248.371244494184 -29.5624969054752 -1
"1005" 130.771381329334 16.6462848349248 1
"1006" 94.804467327541 27.7488798749335 0
"1007" 105.932750182671 25.3860132419106 0
"1008" 220.445403472775 -25.7354815702903 -1
"1009" 99.4118780098671 26.8875842978895 1
"1010" 106.373451260888 25.2725228281156 0
"1011" 126.405238826253 18.5183801417982 0
"1012" 102.586022340651 26.1981965938414 0
"1013" 119.332250517183 39.7241897550802 1
"1014" 126.154911691739 45.2756534533303 0
"1015" 117.661514489286 38.1413044984368 0
"1016" 108.239951328881 27.3123112315297 1
"1017" 73.092625237326 -28.7109761534239 0
"1018" 80.7817281507358 -17.6767734718765 1
"1019" 198.234443983504 59.3119382860039 -1
"1020" 9.43146224608411 -60.1723817193041 1
"1021" 288.813108818358 -28.0683146593249 -1
"1022" 153.123091809954 57.2538350467145 0
"1023" 145.330719321178 54.9988107431257 0
"1024" 297.161905908539 -37.6494030305129 -1
"1025" 98.9756079476524 13.4099110285438 0
"1026" 99.1375293093365 13.6770840142655 0
"1027" 99.3197835413247 13.9769568651191 0
"1028" 97.0026174745627 10.1018067735523 0
"1029" 14.9034921032755 -59.7123312102036 0
"1030" 283.750650868145 -20.9538880014596 -1
"1031" 126.799054651129 45.7308650448029 0
"1032" 100.022955599926 15.1252173579785 0
"1033" 47.7674040204867 -50.4651101900209 -1
"1034" 87.9546376887707 -5.69809177839054 1
"1035" 132.461007515683 49.2903675642347 1
"1036" 140.407627144239 53.1479591349384 0
"1037" 14.1948122355178 -59.7855139578138 -1
"1038" 100.557760268555 15.9889034821354 0
"1039" 108.706468820402 27.9286265097943 1
"1040" 118.412261062839 38.8642727523596 0
"1041" 94.6239317974752 6.00759903910828 1
"1042" 103.499174607384 20.5754914448465 0
"1043" 53.2132343299886 -47.3258335582116 1
"1044" 105.484903883838 23.5006138763593 0
"1045" 119.070501016885 45.5492884354319 1
"1046" 119.385088314909 38.4105423530799 1
"1047" 301.576769858267 38.1382656007843 1
"1048" 303.480994495751 65.1112220593546 -1
"1049" 120.584513659858 -4.04591382195714 0
"1050" 123.057699474625 -61.619656904911 -1
"1051" 121.491245023702 -35.8897089729815 -1
"1052" 119.994533637773 19.4985819379613 -1
"1053" 118.069097698994 60.1138780817333 1
"1054" 111.501574870329 81.1778654869228 1
"1055" 119.48753747698 35.7211067281392 -1
"1056" 116.844349193396 69.1141606565594 -1
"1057" 300.664660865182 7.31920106522561 -1
"1058" 120.649730308286 -6.7124096015267 1
"1059" 120.130539206217 14.3679299999899 1
"1060" 115.494355343087 74.4347191325205 -1
"1061" 120.331558142658 6.35730657017934 -1
"1062" 119.140471393369 44.0977421453525 1
"1063" 120.524683998601 -1.58385796869867 1
"1064" 300.608121079733 5.01378471100073 -1
"1065" 303.688341156924 66.5424193985028 1
"1066" 118.89733239921 48.8427182764721 0
"1067" 298.680581555266 -52.4317914824743 -1
"1068" 120.515461665855 -1.20359872659807 1
"1069" 301.29646511636 30.25791806733 -1
"1070" 119.468485999803 36.2357476727686 -1
"1071" 119.374708946487 38.6724651583839 1
"1072" 117.725276063363 63.2892674453709 1
"1073" 119.253576510064 41.5912336783857 0
"1074" 120.208846834148 11.2974629391998 0
"1075" 120.308255300516 7.30508364654982 1
"1076" 160.141261238262 37.1739503434817 0
"1077" 103.398987648072 44.5858680961073 0
"1078" 230.641243714311 -21.2640934743763 -1
"1079" 7.8984435261659 -19.4801291080646 -1
"1080" 174.085610612413 29.7600147553109 1
"1081" 159.431711166635 37.4775551669399 1
"1082" 84.3327796038816 40.2478645559784 -1
"1083" 45.4010491798553 16.7768041018241 -1
"1084" 148.650630850026 41.3110117976133 1
"1085" 106.310026327376 44.9312377915443 -1
"1086" 104.516207998517 44.7276583729835 1
"1087" 250.149136686583 -34.2737813334825 -1
"1088" 250.313801727984 -34.358843368884 -1
"1089" 196.81643771726 11.377688835631 0
"1090" 227.175822673212 -18.3400123047567 -1
"1091" 256.032061604271 -37.0750616167311 1
"1092" 124.798795470652 45.3622283352908 0
"1093" 248.07653451546 -33.1692537646337 -1
"1094" 161.361699129251 36.635975729259 0
"1095" 75.1695296122078 36.6942909694223 -1
"1096" 90.03227239027 41.9471620301098 1
"1097" 259.992264262699 -38.697246869961 1
"1098" 150.028570028373 40.8985764903157 0
"1099" 86.3884725500596 40.9034693559614 1
"1100" 314.87488546188 -44.322017202424 -1
"1101" 84.4655361171332 40.291698896966 1
"1102" 105.270443733932 44.816854004633 0
"1103" 123.480813915282 45.4307811704081 1
"1104" 152.443605055862 40.1228235200525 1
"1105" 83.2114314095806 39.8692420307773 1
"1106" 106.179904599499 35.6305914718011 0
"1107" 56.4687591041213 8.30113532416638 1
"1108" 18.3688762305277 -21.2382051345374 -1
"1109" 175.514051827799 32.7200286751293 1
"1110" 159.332728572345 37.342599684231 1
"1111" 99.6724782677559 33.6214110762261 -1
"1112" 26.1144145441945 -15.9830836300421 -1
"1113" 149.074695828339 38.9540323177076 1
"1114" 116.737951538662 37.9857909377256 -1
"1115" 102.27266352644 34.4774996905493 1
"1116" 83.2822194680476 26.4858927064272 1
"1117" 83.524904708907 26.6143224764564 1
"1118" 219.087218013838 5.9660249671329 -1
"1119" 220.899275830568 4.48576046193076 -1
"1120" 90.5207982478897 30.0178122320537 -1
"1121" 83.4371557846845 26.5679661210921 0
"1122" 82.9228918279949 26.294452148057 1
"1123" 161.675598430274 36.836620661055 0
"1124" 79.5970297237493 24.4498348039037 0
"1125" 203.291656763474 17.9721832838379 -1
"1126" 218.740864197554 6.24748517795197 1
"1127" 148.057515251922 39.061924847199 0
"1128" 92.9474243747723 31.0652018126925 1
"1129" 303.917141498163 -38.9901632455514 -1
"1130" 120.121937392105 38.5173718627322 1
"1131" 101.487026790074 34.2264187094913 0
"1132" 115.668860441092 37.7958852128973 1
"1133" 150.212240783821 38.8224894581442 1
"1134" 95.4666803877563 32.08167945163 1
"1135" 318.411335808571 67.0281333321983 -1
"1136" 114.67882338704 -6.43839287716419 0
"1137" 129.836684134661 -57.5790165603772 -1
"1138" 121.096128341398 -36.4491415551999 -1
"1139" 107.92987496787 28.6615762513942 -1
"1140" 97.4846345394316 57.1555019002707 1
"1141" 8.46164612560657 79.5338206024517 1
"1142" 102.541089800721 46.8877543979068 -1
"1143" 104.030021144006 42.7629169739122 0
"1144" 113.582060634935 -0.317627630818033 1
"1145" 113.457544584213 0.380398555029058 1
"1146" 111.171258455976 12.9675312311886 1
"1147" 85.9483786298139 68.9272748902508 0
"1148" 110.756239118651 15.1542855717054 -1
"1149" 105.10536217467 39.3818519504036 1
"1150" 112.615992025303 5.08453231831166 1
"1151" 295.539495624691 11.1458985526182 -1
"1152" 331.573593874007 73.8581340792205 1
"1153" 102.832022075901 46.1290221881078 0
"1154" 281.749220410393 -48.8454439182 -1
"1155" 115.3816111096 -10.291923230184 1
"1156" 118.177038393999 -24.4479626898996 1
"1157" 108.202125864008 27.4787491770627 0
"1158" 104.71142972779 40.662159316202 1
"1159" 104.217027641637 42.2003953600177 1
"1160" 108.102965626239 27.9126399585049 0
"1161" 113.097593567571 2.3968629544356 0
"1162" 110.014767005423 18.9461046199734 1
"1163" 68.7446049215506 -20.2241234158151 1
"1164" 117.957516406036 -63.9098820433853 1
"1165" 98.7391138035241 -56.459714702499 1
"1166" 215.691742327867 -44.6809536991521 0
"1167" 49.6708297887855 23.2360994239042 0
"1168" 347.814487305551 66.4237278388984 -1
"1169" 207.76132273528 -52.052026640621 0
"1170" 88.6925985110464 -49.1886849756185 1
"1171" 36.1308154451713 44.1886876430946 -1
"1172" 36.1922628613876 44.118996967495 -1
"1173" 59.9317771456281 0.0270209811967125 0
"1174" 49.0654156771028 24.4349076206597 1
"1175" 216.080091383531 -44.2460677529903 -1
"1176" 58.7276439441925 2.9234205745824 -1
"1177" 39.7709437403778 39.7015913217047 -1
"1178" 80.8846846108738 -40.7134603767295 -1
"1179" 119.466399492474 -64.2695088594938 -1
"1180" 53.3073307501102 15.5476273243014 1
"1181" 54.0354990550237 13.9177790343287 -1
"1182" 85.6377196702255 -46.2306925175075 -1
"1183" 173.283155928072 -65.6601163160351 1
"1184" 68.0213469856574 -18.6928990936108 1
"1185" 46.582231291225 29.0902184584465 -1
"1186" 82.3807357193379 -42.5817235205211 -1
"1187" 74.5846644579972 -31.3244690354272 1
"1188" 77.2222012816924 -35.5703350747828 1
"1189" 29.6713874835811 50.514142946911 -1
"1190" 167.755094654496 14.2932150273181 0
"1191" 142.018605165365 4.86229816483758 0
"1192" 317.376065119681 -2.95289975877307 -1
"1193" 22.3781419079681 -21.7338787895838 1
"1194" 152.962522942618 9.16872752046268 0
"1195" 324.419360621863 -5.83408935430546 -1
"1196" 95.4680090196798 -13.4593493678504 0
"1197" 118.283682890918 -4.98664728155922 0
"1198" 118.70758265111 -4.81407269361521 0
"1199" 171.250523347461 15.3536421682472 0
"1200" 35.6987280265515 -22.666360265667 0
"1201" 307.922877421221 0.99719769110647 -1
"1202" 213.519078379478 22.5891584573605 -1
"1203" 122.504777977669 -3.25403264702412 0
"1204" 301.796075546857 3.54692107188649 -1
"1205" 90.4923121537225 -15.0162485848267 1
"1206" 19.7733084810312 -21.4231046253108 0
"1207" 205.845548554804 22.082534980115 -1
"1208" 118.435162004336 -4.92501929969952 1
"1209" 110.685150409121 -8.00748304869838 0
"1210" 66.1787471425422 -20.6549292969365 0
"1211" 169.081494263631 14.7030333042846 0
"1212" 270.15988628783 15.1157645819637 -1
"1213" 83.6630183054764 -16.9417733864387 0
"1214" 102.404091319825 -11.0920604061957 0
"1215" 127.344468623102 -1.23917806152998 0
"1216" 31.1889742370397 -65.2714523530744 0
"1217" 336.921320572887 16.3202735550154 -1
"1218" 182.148789148688 43.9781868476886 0
"1219" 155.97404515037 -18.802083100301 -1
"1220" 337.852547729718 13.8133306969951 -1
"1221" 75.4371711243446 -70.956300079125 0
"1222" 150.66291825639 -31.1996796456819 0
"1223" 150.831177030954 -30.8491038238445 0
"1224" 168.252282389018 15.6332699504654 0
"1225" 16.5581155158469 -58.2378181637708 -1
"1226" 333.934177247061 23.8825526533867 -1
"1227" 180.668170235802 41.795444909836 0
"1228" 153.193873641191 -25.630365349741 0
"1229" 184.482614617447 47.0841040039533 0
"1230" 298.518296395543 63.6836220298587 -1
"1231" 358.097362699794 -37.5712313961528 -1
"1232" 180.949363153632 42.2234357880782 0
"1233" 200.132064712055 60.4267926495552 0
"1234" 137.738958899354 -50.7662594909044 0
"1235" 7.52336578747979 -50.5878977313558 -1
"1236" 168.167477396955 15.4059682959091 0
"1237" 237.814013146106 70.3640655634757 -1
"1238" 202.496436543053 61.6815181696133 1
"1239" 8.15348567367141 -51.2455232397342 -1
"1240" 152.14405578649 -28.017332295638 0
"1241" 320.008394014653 -0.267001521087745 -1
"1242" 171.816136516994 50.4789968734601 0
"1243" 151.226819401277 24.2538297982925 0
"1244" 323.222785850156 -7.58658369157927 -1
"1245" 82.9799402069817 -62.4954697908022 0
"1246" 131.901318483612 -17.6750977913919 0
"1247" 132.095758980266 -17.2734051525396 0
"1248" 147.276496887743 16.4167399835401 0
"1249" 12.8585107691525 -61.3450580348706 0
"1250" 316.026648143817 8.78437525376231 -1
"1251" 166.292440524479 45.547066670337 0
"1252" 134.210162599993 -12.7866768701764 0
"1253" 156.561909011366 33.3282223659617 0
"1254" 286.042105048762 51.9334836340186 -1
"1255" 344.468456635454 -43.6337287186242 -1
"1256" 168.547535993159 47.707778432676 0
"1257" 184.116588248728 57.9762306642958 -1
"1258" 123.166086457665 -33.4137352909932 0
"1259" 353.031882298538 -51.4116154876221 -1
"1260" 152.249353095019 26.1319429242732 0
"1261" 246.213427837289 65.555789154789 -1
"1262" 16.5681210765278 -62.4322073303329 -1
"1263" 167.560083232231 46.7882860586442 1
"1264" 135.185185443276 -10.6529013561146 0
"1265" 248.980315674323 -44.0630822492101 -1
"1266" 335.546428508904 15.0684891162494 1
"1267" 345.081390519531 23.2093789449696 0
"1268" 101.88770287442 32.393094540188 -1
"1269" 33.8490602434047 44.4254636237645 -1
"1270" 33.5309182257806 44.3781140338657 -1
"1271" 305.075742158916 -14.9923664567366 -1
"1272" 57.7882280626271 45.3710344681782 -1
"1273" 212.060716394077 -44.1467693636917 -1
"1274" 276.562998771615 -35.2237977588886 -1
"1275" 13.2362382698098 39.2042431095806 -1
"1276" 311.69028712168 -8.66717754455282 -1
"1277" 252.023922424187 -43.5025551202107 -1
"1278" 85.3837880045799 39.8908395155892 -1
"1279" 263.107281893584 -40.6475892028507 0
"1280" 308.084708128997 -12.1708117873972 -1
"1281" 87.8014054103644 39.0185712343723 -1
"1282" 108.842078706768 28.048646940179 -1
"1283" 264.265782675228 -40.2701756860245 -1
"1284" 281.072972978277 -32.8533889101876 -1
"1285" 108.39797959814 28.3486890265969 -1
"1286" 124.087776435021 15.8953294207247 -1
"1287" 79.4144939806374 41.7473211815503 -1
"1288" 143.88855921875 59.0152022884277 1
"1289" 84.9128391894732 53.1119870581409 -1
"1290" 289.719648299331 -59.3655971691361 -1
"1291" 61.8701095014461 37.9254419020296 1
"1292" 61.9420778776152 37.9957616082045 1
"1293" 30.8338290736299 -8.13884010563254 1
"1294" 47.8411902218801 20.5461789643648 1
"1295" 64.8677133323278 40.7070261373412 -1
"1296" 188.183579835363 38.8520172438678 0
"1297" 59.8639258866379 35.8922020909196 1
"1298" 179.888771803279 45.6233909347596 0
"1299" 70.9551062156695 45.5021974050692 0
"1300" 27.7857894311309 -13.2684392530862 0
"1301" 191.922373184432 35.0743524900183 0
"1302" 167.638050897809 52.4614680068012 0
"1303" 78.0262666706845 49.86165708594 1
"1304" 350.04823802175 -51.3571463150459 -1
"1305" 238.30911901598 -34.2168586639203 -1
"1306" 114.298096341584 59.8455453965241 0
"1307" 147.839181352928 58.3641642214945 1
"1308" 174.775696466429 48.8688398482964 1
"1309" 70.6271747862687 45.2704912236645 1
"1310" 334.959303082148 9.72580487440298 0
"1311" 308.68354211641 -76.2066163694031 -1
"1312" 158.157012000397 -35.1360928298516 -1
"1313" 158.090421373423 -34.7097196131214 -1
"1314" 152.162648910011 16.4195297325634 0
"1315" 310.840526071526 -75.0507398240042 -1
"1316" 336.850047772008 25.935503821802 0
"1317" 147.400114878504 47.3656601353259 0
"1318" 157.088339097645 -27.7444523683667 -1
"1319" 150.656699114052 28.6099966996189 0
"1320" 357.430897722864 75.2861152983199 0
"1321" 147.267558846117 47.9362963840385 1
"1322" 146.036224095829 52.6794225929708 0
"1323" 148.912531585769 39.8748869378885 0
"1324" 166.502264926555 -64.3079583328124 -1
"1325" 327.186035439184 -48.2810306652063 -1
"1326" 150.884788599073 26.9070887130918 0
"1327" 134.531628387146 72.5021030726027 0
"1328" 144.553084188612 57.273998288276 1
"1329" 149.203609937617 38.204321470817 1
"1330" 157.756266398189 -32.5021484656873 -1
"1331" 104.783990977618 45.7550843297838 -1
"1332" 8.74065368937781 43.9870612390261 0
"1333" 8.29329316067752 43.7222486445651 0
"1334" 317.213157191351 -16.0555804835756 -1
"1335" 65.3457471601186 55.9286845546272 -1
"1336" 359.78036014448 37.8383820525363 1
"1337" 291.449035974469 -41.8125779452975 -1
"1338" 357.405041198367 35.8821004910433 -1
"1339" 317.582283794858 -15.5557794151821 -1
"1340" 243.527362032432 -56.0185791879247 -1
"1341" 103.66164918765 46.3332139203094 -1
"1342" 279.705332887187 -48.1946063064476 0
"1343" 313.480429138235 -20.92380024895 -1
"1344" 250.354572312431 -55.5385056205626 1
"1345" 299.140605036972 -36.0178218260167 1
"1346" 294.731753664152 -39.5164319505037 -1
"1347" 285.506206478649 -45.3707080883661 -1
"1348" 116.207476790465 38.4002742147653 -1
"1349" 131.251896426438 23.6551384683738 -1
"1350" 20.4380497817151 49.6060159236441 0
"1351" 99.0256999952768 13.7791035276308 0
"1352" 99.0818984923569 14.1919046076295 0
"1353" 98.5801289518441 10.4569802527577 0
"1354" 305.714529552514 -74.9651191707555 0
"1355" 280.415657553884 -23.4800490357784 -1
"1356" 103.072065421838 38.4884933018243 0
"1357" 99.2853842944115 15.6736965410308 0
"1358" 92.3373742709335 -33.6249646683166 -1
"1359" 93.6974975965935 -25.6525908937662 1
"1360" 105.026333994286 46.6528943857574 1
"1361" 106.020967303322 50.041318605169 -1
"1362" 90.4787869627372 -42.5175936882151 -1
"1363" 99.6183408833057 18.0515367592391 0
"1364" 99.7761910773252 19.1570949141802 1
"1365" 103.560332795906 40.7365493986543 0
"1366" 103.393028913547 39.9828898582304 0
"1367" 98.8080991429231 12.1671362407216 1
"1368" 94.5271782997605 -20.1730312911761 1
"1369" 101.057593799561 27.5501913740692 0
"1370" 47.3711004156452 42.3067201157423 0
"1371" 101.846819816101 11.165038648501 0
"1372" 55.1595253380737 40.2498137498435 1
"1373" 35.6527839980272 44.2422181570746 1
"1374" 83.307923631058 26.4681028505823 0
"1375" 86.0774317469288 24.4922319842752 0
"1376" 119.587212004359 -6.26753102009212 -1
"1377" 77.6935833130615 30.1144379716747 0
"1378" 73.0560335932105 32.7691115382014 1
"1379" 72.4278437115453 33.104493860023 -1
"1380" 118.358889480131 -5.0607719185664 0
"1381" 103.246559327594 9.83934368691397 1
"1382" 96.7520736059476 15.8219897319316 1
"1383" 65.3024421741669 36.5216295667276 0
"1384" 96.7450221861346 15.82822942509 0
"1385" 99.4596435794138 13.3824537746663 1
"1386" 112.116365640851 1.14360197319407 1
"1387" 168.297400126989 -39.2531140265117 1
"1388" 102.276096884641 11.2552536278219 0
"1389" 55.1799493342966 40.2932019385209 1
"1390" 35.0845987333097 44.2346310068647 1
"1391" 83.5102761832631 26.6243408768742 0
"1392" 88.4499279815708 23.0572721788158 0
"1393" 119.855643659953 -5.93858793248622 -1
"1394" 77.5866012536391 30.4148000367053 0
"1395" 73.2141137278269 32.8772489415455 1
"1396" 72.5663195104637 33.2184898190761 -1
"1397" 118.572158552663 -4.68102792596735 0
"1398" 102.885478169902 10.6834618710751 1
"1399" 96.9716949866603 16.0697602445717 1
"1400" 65.4767109422239 36.5723166207211 0
"1401" 96.8277402005645 16.1959065146364 0
"1402" 99.629172279292 13.6964524299701 1
"1403" 112.366373500351 1.46311937898499 1
"1404" 346.673273764385 38.3456152200579 -1
"1405" 40.613662457284 -5.54722568993362 1
"1406" 112.895908078376 13.2632653109397 -1
"1407" 54.6178405832393 -1.53771033877398 -1
"1408" 104.476342118114 11.7070108572929 1
"1409" 138.072158860381 16.1050005218152 0
"1410" 84.5951670527483 7.04027670492445 0
"1411" 32.8781523036503 -7.61643993554895 1
"1412" 38.91865190502 -6.01198249470868 -1
"1413" 130.078452366241 15.5124967800017 0
"1414" 102.609645602258 11.3248871947991 1
"1415" 90.5952089711473 8.57655989791503 1
"1416" 167.82120975896 15.6700818625473 1
"1417" 95.412827599138 9.7354700640253 0
"1418" 97.8121492057434 10.2851237680478 1
"1419" 123.107907047988 14.7568684937945 1
"1420" 114.916346506399 13.5940841630102 1
"1421" 56.2968842260536 42.5776245190258 1
"1422" 36.547385713245 -19.9221841651123 -1
"1423" 53.8882975126169 37.4299898333412 0
"1424" 23.1114573969819 -50.6339866342602 -1
"1425" 64.4690558599611 54.9547273637654 1
"1426" 43.2802397399545 4.4152607405371 1
"1427" 41.3646432189672 -2.74972040139906 -1
"1428" 14.7333314602322 -59.8558222037528 -1
"1429" 66.8953002292539 57.5238133478131 -1
"1430" 25.6024479076312 -46.7701750422513 1
"1431" 51.4901839398899 31.4362550613491 -1
"1432" 323.10239377358 -74.7871457342817 -1
"1433" 190.649543469943 62.9049531854851 -1
"1434" 22.1407063631305 -51.9737438481829 1
"1435" 59.5433763101915 48.3165028178963 0
"1436" 269.244294768223 -30.7565913779133 -1
"1437" 348.494390126344 32.890204800632 -1
"1438" 305.638797405248 -1.22733580356377 0
"1439" 254.81171660382 -37.5434361670205 -1
"1440" 78.3396950373914 36.1385176683282 -1
"1441" 257.048669344013 -36.6707566458795 0
"1442" 303.194627506268 -3.60128025225218 -1
"1443" 95.1222674453572 27.1570874256573 -1
"1444" 102.449442345313 21.9584058137872 -1
"1445" 252.54569114595 -38.3650593970137 -1
"1446" 278.830020973779 -24.624756113495 -1
"1447" 103.7314316542 20.968898425554 -1
"1448" 117.993627176643 8.57545740044078 -1
"1449" 124.095723831421 2.72761363408689 -1
"1450" 83.0171570708109 26.2423543388181 1
"1451" 174.685138329792 43.63506453811 0
"1452" 79.8408394501663 23.6810353487516 0
"1453" 151.037646247607 47.2647411099924 -1
"1454" 183.515426693318 40.7673615313773 1
"1455" 157.550454613124 46.7926508662973 0
"1456" 92.0533816159981 32.5756478956515 1
"1457" 323.703977587795 -47.3501738486854 -1
"1458" 107.648651789547 40.4195382018544 1
"1459" 102.83085288257 38.378652083464 0
"1460" 122.953681380656 44.9865118263526 1
"1461" 164.781822603609 45.8145286132987 1
"1462" 93.5476633406979 33.4896808779745 1
"1463" 122.223623398768 -3.01734490985568 -1
"1464" 78.1584840668215 28.7868249829749 0
"1465" 71.6185905643558 31.7644891854183 1
"1466" 71.0926601105523 31.9821451233296 -1
"1467" 120.374352924342 -1.45680812652966 0
"1468" 101.407841214729 14.0812831979339 1
"1469" 97.6721789026187 16.8543770987792 1
"1470" 61.6137396483571 35.3726727714265 -1
"1471" 97.0746302781784 17.28492173623 0
"1472" 100.295489735285 14.9212159350706 1
"1473" 114.179456036829 3.77513016216689 1
"1474" 142.759569163244 -19.0656026636519 1
"1475" 275.584603857329 31.1489497557758 1
"1476" 169.987336963799 41.5025550538931 -1
"1477" 176.615511754732 44.4163509552483 1
"1478" 113.45146519179 -13.5849822943113 -1
"1479" 293.206387879723 13.8671023481635 -1
"1480" 194.735060756543 49.4706105220726 -1
"1481" 149.549635438121 27.6428436827987 1
"1482" 263.615933168618 39.2404885082788 1
"1483" 236.847405525058 49.0367932602902 -1
"1484" 214.62918674191 51.2066250483717 -1
"1485" 305.483575429417 -1.034332620855 -1
"1486" 75.980039769802 34.6954136609448 0
"1487" 255.612782185171 -35.6142396766014 -1
"1488" 277.410175450623 35.9003665600198 0
"1489" 237.271546805656 -61.6973121731745 -1
"1490" 85.767707906458 2.6095956918118 0
"1491" 74.2961464924306 38.7319349366985 1
"1492" 270.318943576962 14.4000029041033 -1
"1493" 88.5301257690494 -7.85801722879055 0
"1494" 92.6067308897511 -22.2072166227017 0
"1495" 71.1891596384776 45.0768083059686 1
"1496" 246.97773688261 -28.2539898549525 -1
"1497" 336.465300496104 -46.0418328738 -1
"1498" 86.6960432003426 40.5034210536463 0
"1499" 146.371041378998 48.0755177433207 -1
"1500" 86.7080738764252 40.5089179198127 0
"1501" 106.187383635739 46.9092876199039 1
"1502" 128.652921081567 49.3258999794541 0
"1503" 161.620761228954 44.5783820637661 -1
"1504" 84.2249604810553 39.3281106877299 0
"1505" 162.193007866385 49.6758854500546 0
"1506" 265.505457277866 -42.0211548764081 -1
"1507" 339.001525661181 -50.4828439804138 -1
"1508" 262.050300003536 -40.00740054496 -1
"1509" 107.958766920755 50.5146595781977 -1
"1510" 135.415303404143 53.3364227317621 1
"1511" 169.438633931302 47.3902751426525 1
"1512" 262.461119626175 -40.2588121813045 -1
"1513" 113.239101753645 -13.9413442980427 1
"1514" 164.783475123958 51.0746078102695 -1
"1515" 141.301819274846 31.6964151499599 1
"1516" 258.838314276084 50.417147034345 1
"1517" 207.384350185592 60.8314487193228 -1
"1518" 143.621156229375 34.4209598262865 0
"1519" 123.268774280144 3.73378505154429 1
"1520" 99.3295953571662 18.6753032609076 1
"1521" 86.692856797674 40.5075943905078 0
"1522" 98.0376827648865 21.403659323795 0
"1523" 100.703757082193 15.6639594146766 1
"1524" 108.690945566249 -3.23247507136206 1
"1525" 89.9251383975182 35.950165398095 0
"1526" 122.302898694118 38.0334428150262 -1
"1527" 96.7407469659492 15.809188754768 1
"1528" 107.226867453918 26.5931093469053 0
"1529" 5.0887608836312 -50.8551208751841 1
"1530" 104.723787267986 24.2256576936682 0
"1531" 103.664352586867 40.7303035529316 0
"1532" 116.890892476998 39.1493720583656 1
"1533" 140.518350437215 32.0382931770996 1
"1534" 82.7730353917661 40.0979905177458 1
"1535" 93.9514715955108 2.78697088313887 0
"1536" 87.1621869561018 -27.5372652403646 -1
"1537" 99.8613200194577 28.5743304114462 1
"1538" 64.3005923545509 -43.0494311226087 1
"1539" 105.344741786534 23.6350230770718 0
"1540" 118.603060610813 9.33017662559504 0
