"ra" "dec" "antirad"
"1" 105.112313140566 -44.8712460462552 0
"2" 74.9134902794696 20.3337675925832 0
"3" 73.3535646427735 23.8289058174291 0
"4" 89.3660385736963 -16.3842482658153 0
"5" 123.741832010288 -59.9006342319385 1
"6" 77.0524621106026 15.2530665019636 1
"7" 78.8848502345132 10.6761000780402 0
"8" 75.352398611915 19.3171898890181 1
"9" 35.9078877018887 62.6631550860821 -1
"10" 282.023360623411 40.7677180736823 -1
"11" 75.6886558502188 18.5289638788472 1
"12" 95.6741150062815 -30.1447793561781 1
"13" 16.9434635226589 67.5001090578952 0
"14" 86.158108675036 -8.3417417952064 1
"15" 77.2267791606964 14.8257566560131 1
"16" 114.674500190643 -54.2330697195299 -1
"17" 64.8862012892181 39.3652486136269 0
"18" 321.273827132455 66.01661923528 -1
"19" 117.272746452057 -56.1096475664206 1
"20" 311.295828816503 63.1247648264309 -1
"21" 61.960104923196 43.4566239927277 -1
"22" 85.3014910411055 -6.11726781133957 1
"23" 71.8630405474945 26.9880184614861 0
"24" 69.2181920530193 32.1431618694794 -1
"25" 93.429988525746 -25.610938689943 1
"26" 16.9707484116715 67.4958177208445 -1
"27" 79.0243825601503 10.3205709542837 1
"28" 98.9951512626037 -36.094283813527 1
"29" 82.410468366861 1.49547032676799 1
"30" 134.251797809024 -64.119413207999 -1
"31" 77.3571939882191 14.5048700220051 1
"32" 80.3462505836377 6.9133496402983 1
"33" 183.381225884995 -68.9519745504765 -1
"34" 62.7319417533101 42.4341335758076 1
"35" 95.8739163263833 -30.5282238548081 1
"36" 38.7365698240839 61.5192550518377 -1
"37" 154.884558823869 -68.2882860354863 -1
"38" 108.470384628436 -48.6720861559224 -1
"39" 68.3326692695042 33.740307966936 -1
"40" 132.179102821857 -63.4357484477595 0
"41" 185.961040482437 -68.7723349235781 -1
"42" 51.178436659763 29.8172132537117 -1
"43" 57.3605632959007 21.4149602926238 -1
"44" 76.8592446906074 -11.2047771774061 -1
"45" 124.960151688772 -54.9077867771108 1
"46" 244.891043321508 -9.41853892893675 -1
"47" 247.324506016353 -5.25333661333846 1
"48" 250.466128877513 0.21381233715737 -1
"49" 206.514361119482 -50.4030773105658 1
"50" 280.943710621223 41.6255668611636 -1
"51" 248.477566052257 -3.25356117308967 -1
"52" 94.2587927268675 -35.2863232090679 1
"53" 2.07089950318556 58.3402967489494 -1
"54" 86.3878931372946 -25.7563010085803 1
"55" 245.183954391189 -8.92232848412965 -1
"56" 114.891984394309 -50.765929987809 -1
"57" 37.2809666519363 43.6028646558401 -1
"58" 320.832444553549 58.7116369893971 -1
"59" 113.752066844225 -50.1860030847795 1
"60" 134.27813963779 -57.4746975139464 1
"61" 213.232560609888 -46.4868295421663 1
"62" 256.224883728616 10.1416445961167 -1
"63" 60.5558897660173 16.5292437194751 -1
"64" 226.989847795299 -34.6837238445958 1
"65" 86.6294250989932 -26.0838945236879 1
"66" 195.880000589409 -54.8565593433447 1
"67" 249.165914411944 -2.05495635192281 -1
"68" 98.8232983772858 -39.7751953934863 1
"69" 249.975270299458 -0.643051356501717 -1
"70" 149.837213035894 -59.7748896038635 -1
"71" 245.495553554223 -8.39272331377927 -1
"72" 246.418763687212 -6.81404313904073 -1
"73" 160.986492158344 -60.1929340176424 -1
"74" 224.505254897531 -37.2653263151129 -1
"75" 94.625935717649 -35.6742800611248 1
"76" 184.073431854587 -57.9642623033335 1
"77" 162.19595783082 -60.1815715709703 -1
"78" 109.557184456103 -47.8209966197783 -1
"79" 229.101369045592 -32.3130322262906 1
"80" 149.19145310245 -59.7211303667253 0
"81" 174.654162632864 -59.4093918762166 -1
"82" 68.7515939008606 23.3067060555672 0
"83" 153.66867568444 -26.4553709757595 0
"84" 129.634610057902 -14.589792564637 1
"85" 81.1034348500437 17.0021462609241 1
"86" 86.4011932758457 13.898201252581 0
"87" 75.541297512842 20.0112578382384 1
"88" 20.0355351219237 34.5451451798799 -1
"89" 125.871014145221 -12.2895407044313 1
"90" 76.2556008421288 19.6399999435239 1
"91" 102.736669282784 3.23651313877439 1
"92" 164.998452617832 -30.1812674976428 1
"93" 85.8845312499125 14.2103695014482 1
"94" 81.5607096260903 16.7430175765672 1
"95" 116.377337353566 -6.10864704546473 0
"96" 158.316772477775 -28.1293228337714 1
"97" 139.897860458777 -20.2952295835083 1
"98" 98.2749321906716 6.26636324052714 1
"99" 142.748263869271 -21.7162463591146 1
"100" 154.530036045996 -26.7810127365451 1
"101" 103.726909724013 2.55768982721663 1
"102" 67.9763096733925 23.6556064707612 0
"103" 30.2501311651376 33.9012228536317 -1
"104" 132.956937363853 -16.5326091091786 1
"105" 15.0764428366961 34.5497010022715 -1
"106" 84.7912512246373 14.8644170289977 1
"107" 100.348394946437 4.86526471759924 1
"108" 103.437177630749 2.75647599524005 1
"109" 181.534925505813 -33.5345534630087 -1
"110" 81.8254992130363 16.5921806731054 1
"111" 97.9825502462538 6.46275666984482 1
"112" 132.274741770684 -16.1407922697894 -1
"113" 35.4758516417936 33.2366962002322 1
"114" 102.199016541552 3.60432210058366 1
"115" 133.781536564224 -17.0011493609561 1
"116" 172.451397100976 -31.989722980403 -1
"117" 133.179861050042 -16.6598254707908 -1
"118" 44.5494963502341 31.527191733717 -1
"119" 184.776343143622 -33.9158468413366 -1
"120" 161.167213233588 -29.0553544032778 -1
"121" 207.516895918134 -12.5952187731846 -1
"122" 132.002996177275 18.2679243821571 1
"123" 101.3384391713 23.9954177507983 1
"124" 112.922466265629 22.5521650784125 0
"125" 76.6980557922782 24.1207348378889 1
"126" 13.0387336045289 6.6547716699938 -1
"127" 142.68527929774 14.8845820069244 1
"128" 78.7168552604758 24.261156103247 1
"129" 106.90615972235 23.4121285503628 1
"130" 152.83916840859 11.0942605638581 1
"131" 85.7454066941787 24.5401972123415 1
"132" 101.867484985835 23.9487884736277 1
"133" 117.051716659192 21.8243577754414 0
"134" 95.8679799361502 24.369263150437 1
"135" 139.417024073328 15.9898631109772 1
"136" 94.2311028654553 24.4427331721391 1
"137" 147.295812915526 13.227134315427 1
"138" 100.918134253968 24.031145982473 1
"139" 137.350522625694 16.6574542808274 1
"140" 67.3863007487994 23.1249241406775 0
"141" 93.2274797428196 24.4790355959871 1
"142" 173.962730508239 1.95564006301973 1
"143" 14.4607636378548 7.27178435024793 -1
"144" 98.3962889018465 24.2210302690274 1
"145" 100.947907272712 24.0286534837933 1
"146" 349.766005523735 -3.8561938154296 -1
"147" 195.043007639047 -7.52268156548901 -1
"148" 101.321143401824 23.9969109894459 1
"149" 2.32686291841951 1.86203324271366 -1
"150" 119.774792970401 21.283465799514 0
"151" 169.045839303389 4.17980590871714 0
"152" 105.809304242606 23.5432137643936 1
"153" 111.09590214355 22.8384314850873 1
"154" 178.082913889547 0.0752614189408605 -1
"155" 147.768844729817 13.0508848750699 0
"156" 124.246178987421 20.2911241397011 1
"157" 18.9439409633335 9.17484301566642 1
"158" 152.451371307639 11.2480869621793 -1
"159" 128.721657670547 -26.0034006028504 1
"160" 230.420553754568 -1.69054655225845 -1
"161" 235.238455083114 0.741537351103708 1
"162" 248.721816409605 7.42521891171962 -1
"163" 195.437171411555 -17.3956015422606 1
"164" 297.540433603438 24.3760013288788 -1
"165" 244.569440060086 5.40666272538758 -1
"166" 98.1969990129594 -19.4730301473949 1
"167" 163.335169358384 -25.4527612341394 1
"168" 86.2433426929388 -15.1739501183777 1
"169" 231.148419130944 -1.32363754780389 -1
"170" 115.926019128352 -24.0677162366661 -1
"171" 155.464511542025 -26.3190173555324 1
"172" 139.996184742029 -26.749631540847 1
"173" 104.11949713653 -21.2522229370573 1
"174" 141.981793535141 -26.7884243464149 1
"175" 154.054180698522 -26.428016538094 1
"176" 255.337042117902 10.5188040105481 -1
"177" 228.107523600094 -2.8533636564241 1
"178" 173.566989796135 -23.6701174238539 1
"179" 110.74742409814 -22.9539846100408 1
"180" 194.670356760507 -17.6703933190312 1
"181" 241.958208177443 4.1148482566808 -1
"182" 99.6047058554241 -19.9176936388506 1
"183" 234.650930156467 0.444857684354463 -1
"184" 189.494133319943 -19.4246191702996 0
"185" 232.102632599595 -0.842154875139831 -1
"186" 222.334371810785 -5.71921604763558 -1
"187" 136.18911503692 -26.5977502470642 -1
"188" 193.053475095893 -18.2373335878011 -1
"189" 98.1678635006042 -19.4636850802083 1
"190" 140.084292058018 -26.7519402275591 1
"191" 174.153865435075 -23.5453267195483 -1
"192" 127.968343204174 -25.9215877117569 -1
"193" 189.633183811059 -19.379826397434 1
"194" 194.654315351283 -17.6761014047539 -1
"195" 160.338929961842 -25.8341791439384 -1
"196" 132.879879031627 28.7490012376908 1
"197" 132.6233704379 25.8590593603019 0
"198" 327.133583118228 -76.117061722946 0
"199" 324.61198586807 -73.7881866342934 1
"200" 130.317488228418 -5.14643646910936 1
"201" 319.193645580548 -64.6938514084086 -1
"202" 324.955118111718 -74.1506328182809 0
"203" 135.761843502318 51.6849158930577 0
"204" 92.1559478188035 -83.5864738504478 0
"205" 132.895473372399 28.9198093598763 1
"206" 289.711589470156 78.9299158767931 -1
"207" 130.275430872624 -5.74174357264874 0
"208" 138.248410945953 62.0110895534178 0
"209" 122.883628450605 -62.6981915165434 0
"210" 293.301637985647 76.8072709924807 -1
"211" 130.352785179512 -4.64595167398041 0
"212" 131.728125926587 14.6594014104834 1
"213" 135.30483076925 49.0404895784151 0
"214" 130.846816531976 2.39898554577233 0
"215" 129.39215450741 -17.7821443175794 1
"216" 1.98947739844487 -84.8746540232367 1
"217" 133.849858329827 38.3136897958932 1
"218" 82.1085698415002 -84.6654323235399 0
"219" 130.947315944764 3.83016211633385 1
"220" 121.698891932663 -65.8422980651368 -1
"221" 132.966848163785 29.6944092080045 1
"222" 130.964093772688 4.06867098220311 1
"223" 310.010813165855 9.45384451734735 -1
"224" 133.204821902752 32.1918247318458 1
"225" 328.216869656862 -76.9205584275958 -1
"226" 129.944497547175 -10.3729094692161 0
"227" 105.454284480403 -80.6708421369538 -1
"228" 128.855376720169 -24.4412480612956 -1
"229" 131.853499007074 16.3219895754523 0
"230" 122.274193610615 -64.406067716413 0
"231" 136.822683824124 56.8097302082702 1
"232" 352.434420704033 -24.2403434862921 -1
"233" 73.9095821582964 13.8243702298708 0
"234" 187.299002375761 19.4965135170562 -1
"235" 152.195547372858 28.0080238830564 0
"236" 73.2158891609206 13.5010307002585 0
"237" 107.392270600782 25.4902836462446 0
"238" 147.422293041724 28.4479202415718 0
"239" 85.8235365334483 18.9002131132174 0
"240" 117.523248954169 27.3688702649236 0
"241" 117.206079017056 27.3218157762844 1
"242" 97.8048130772338 22.9938450762901 0
"243" 139.224050506324 28.8095329976929 0
"244" 94.8078705133076 22.0701989345344 0
"245" 149.473054253201 28.2796814014933 0
"246" 101.058093723198 23.9194255272929 0
"247" 171.558799223432 24.4677068408363 -1
"248" 224.058113883556 1.80759841483789 -1
"249" 97.0351848553949 22.7631279706328 0
"250" 200.392461904504 14.0048503633108 -1
"251" 193.988642546178 16.8341886457416 -1
"252" 95.1340950196999 22.174027675189 0
"253" 100.943023415161 23.8880605783287 0
"254" 45.3571019732471 -1.09404816422576 1
"255" 23.8423857901822 -12.3773504036908 -1
"256" 101.140836313328 23.9419165227251 0
"257" 59.5147830922296 6.6163083843945 1
"258" 117.403036131329 27.3511248171202 1
"259" 139.063666395099 28.8116588378857 1
"260" 106.148804694771 25.2060300927841 0
"261" 109.067832670333 25.8546957495648 0
"262" 1.61290659717609 -21.5066058174766 -1
"263" 155.852804521345 27.5560156622472 1
"264" 110.530320899365 26.1553194156993 0
"265" 28.2204736802053 -10.2199804172735 0
"266" 148.506786439179 28.3628411263122 1
"267" 72.375440582835 7.67921635567204 1
"268" 186.963866579417 20.8804031538963 1
"269" 150.973750401359 26.4903230869089 1
"270" 249.965164719769 -6.53075358823032 -1
"271" 106.324731063658 20.8362217901301 1
"272" 148.086273642424 26.5469057337741 1
"273" 85.8911437128831 13.6888064076666 1
"274" 179.910406632744 22.6960134153715 -1
"275" 117.096834362403 23.4808797238018 0
"276" 102.262053235314 19.6305750931059 1
"277" 139.263942545865 26.3592140344664 1
"278" 95.8644621681873 17.5084676156845 1
"279" 149.194623214302 26.5320693377896 1
"280" 105.16232247 20.5027425502418 1
"281" 171.307779572179 24.4389674180842 1
"282" 217.357931038515 9.40869589162771 1
"283" 102.931866702431 19.8370581225205 1
"284" 203.618321244609 15.2666175390954 1
"285" 193.948237527496 18.7463576170555 1
"286" 80.1740817517114 11.2485206301371 1
"287" 100.784545603184 19.1644578683917 1
"288" 56.0276160599384 -0.347269081044208 -1
"289" 204.942379262099 14.7456465561975 0
"290" 196.624518248203 17.8425778058108 0
"291" 70.7102106750632 6.88768108201919 0
"292" 118.809841731358 23.8265553198159 0
"293" 142.648182229384 26.4954624508446 0
"294" 105.213045862651 20.5174873283337 1
"295" 111.505260207354 22.2091045698494 1
"296" 181.749610767407 22.2559598609375 0
"297" 155.079829544223 26.3095830505132 0
"298" 117.224588345099 23.5073722740719 1
"299" 209.53022030595 12.8642022559729 -1
"300" 148.976501435971 26.5356668095132 0
"301" 317.266144194365 -75.3345173028215 1
"302" 227.13286366677 58.7922187807196 -1
"303" 74.5202249800148 16.188378118478 1
"304" 335.186758747805 -76.4235300729708 1
"305" 109.955963492683 69.2679719834268 0
"306" 85.3302932081079 46.756598241679 0
"307" 73.7513314041885 13.2032024107624 1
"308" 300.772853132051 -72.6347935095312 -1
"309" 79.7609200404162 33.7446351602709 0
"310" 136.835708786188 75.2886847936175 -1
"311" 86.242940096792 48.421627284882 -1
"312" 175.784221168716 76.0046447955971 -1
"313" 80.8589040279646 36.7442922637131 0
"314" 67.1226271603307 -13.8356034533265 1
"315" 79.3678378955887 32.6137768815881 0
"316" 78.4430389039345 29.8323682638992 0
"317" 63.9769920685458 -25.3482572593395 1
"318" 190.358271111315 74.5066425187435 -1
"319" 71.4904234996445 4.03925916640768 1
"320" 104.025597074819 66.4645453154562 0
"321" 70.6841422694885 0.69285483491628 1
"322" 52.4995943985088 -52.1402417834902 -1
"323" 73.6131819393718 12.6582557749414 1
"324" 72.1859407964465 6.90417513450485 1
"325" 94.3482958555606 59.2426757637338 1
"326" 84.0987302675883 44.3221179081238 1
"327" 143.887345690217 75.912927496641 -1
"328" 86.3647116809666 48.6353589333814 0
"329" 25.523027252088 -71.2181134515901 -1
"330" 40.8841212569769 -64.0667373861109 -1
"331" 79.5657337009589 33.1869064329079 0
"332" 55.0290264127956 -48.0002644648561 0
"333" 117.211265698128 71.7153786644206 1
"334" 177.466061115686 48.9815742807551 1
"335" 343.630161169937 -65.6213635554497 0
"336" 324.121423362079 -73.9093512045704 0
"337" 242.95014433874 -74.7643167699472 -1
"338" 263.007285581685 -77.3528221421246 0
"339" 7.11516448679407 -20.258767217218 -1
"340" 122.372904337223 77.1877911433227 -1
"341" 203.095946547072 -43.1007767901806 -1
"342" 316.810693587409 -75.4136613583801 -1
"343" 236.688584092393 -73.281318184303 0
"344" 342.348268030203 -66.4924890986203 -1
"345" 204.304844492602 -45.9251102251725 0
"346" 185.821770771341 25.399022098868 1
"347" 181.860092719268 38.5514157766386 0
"348" 199.288453977822 -32.117776416072 0
"349" 189.601056737554 9.39267138432649 1
"350" 194.588233358299 -13.6984880603809 1
"351" 182.128332346809 37.7827348661936 1
"352" 287.99776368002 -77.9217540499405 -1
"353" 10.9525730478253 -3.12119131549681 -1
"354" 193.820754453889 -10.2495896360737 0
"355" 186.750707112948 21.7473068694226 1
"356" 192.253041768702 -2.98815821851131 1
"357" 51.5447842650066 71.6680970387457 -1
"358" 16.2566039441082 20.8250763173153 -1
"359" 320.054600205198 -74.8105749643591 -1
"360" 214.768602190956 -61.5915462401012 0
"361" 183.814852573214 32.5524864576287 0
"362" 176.718662123069 50.4048581029421 -1
"363" 196.731945372753 -22.7451872021456 0
"364" 195.241345964707 -16.5550478371263 -1
"365" 87.8847967460902 77.6518207933939 -1
"366" 22.8285337685553 -57.1421067600053 -1
"367" 89.2503034118681 -49.0638177701001 -1
"368" 148.974926829379 23.89593542757 0
"369" 86.8795443869351 -50.2187529836874 -1
"370" 152.476455654983 28.3496027811796 1
"371" 295.855519978576 26.5510825516712 0
"372" 130.071104948437 -5.54979562425653 0
"373" 139.499012412429 9.90595700221781 0
"374" 107.931076393439 -35.4629811347084 -1
"375" 148.744137557968 23.58757981816 0
"376" 130.51773148014 -4.81816490908081 0
"377" 145.627748447978 19.2517132538642 1
"378" 169.00235484435 43.8919879177683 0
"379" 133.697027015952 0.427302908358503 0
"380" 120.307597261998 -20.5954424309706 1
"381" 192.759193887677 54.8952832892816 0
"382" 164.37322979429 40.3751097214851 1
"383" 98.6377252082631 -43.351653835728 -1
"384" 135.821538040393 3.93419308142837 1
"385" 241.64126219504 57.5275353928536 1
"386" 153.280875386152 29.3125204945749 1
"387" 135.618171214304 3.59951693503892 1
"388" 309.197969705648 6.97365674639185 -1
"389" 148.048359372469 22.6471058869231 1
"390" 90.650798111715 -48.3316898183885 -1
"391" 128.595082825346 -7.95097879936594 0
"392" 190.665501098923 54.2839158917576 1
"393" 168.230565515963 43.3451162466023 1
"394" 140.397195081891 11.3318657099167 0
"395" 68.4858655718757 -56.2847480617431 -1
"396" 149.469678299322 24.5508734526027 1
"397" 122.912883151636 61.4710821872252 -1
"398" 125.054480670522 62.0514906050939 -1
"399" 85.573934492209 35.2676114556097 0
"400" 72.8725144873193 12.7816778307431 1
"401" 298.840990693653 -60.2053906141239 -1
"402" 83.3336017624904 31.9776863694879 0
"403" 138.087336564155 64.5515844408293 -1
"404" 89.5425434658069 40.4059328843692 0
"405" 161.712096938178 65.6927595191753 -1
"406" 85.0944496378621 34.5879357983329 0
"407" 59.2613494525607 -16.6763522568494 1
"408" 87.0959606756647 37.3391853629412 0
"409" 81.4134656706608 28.9225611807041 0
"410" 55.3750522951409 -24.1354860607336 1
"411" 192.330973464625 61.1146488222528 -1
"412" 67.163788680892 0.338882319120604 1
"413" 102.342557595881 52.1028994805938 -1
"414" 67.2129561429487 0.448101200871207 1
"415" 42.2773758849107 -42.9067372363625 -1
"416" 72.5606014299184 12.1242709129388 1
"417" 70.1247214871935 6.87988228635723 1
"418" 282.514513896679 -52.2200472002617 -1
"419" 92.7189413162791 43.9390355308738 1
"420" 118.712652950799 60.1617686519569 -1
"421" 92.7767162921257 43.9989225419848 0
"422" 14.183054250821 -60.5366736322171 -1
"423" 16.4815705580945 -59.7522191521392 -1
"424" 83.8148561634427 32.7091026575483 0
"425" 45.7413957809052 -38.8641695877412 0
"426" 311.040271009935 -63.4022213981128 -1
"427" 124.083016323452 62.7071392273847 0
"428" 86.9827487983627 -53.5089137073789 0
"429" 107.362026961552 25.3630440130385 1
"430" 118.457123486624 55.5513617647337 1
"431" 105.499652783951 17.0225290259374 0
"432" 137.432512849606 71.5352537000752 -1
"433" 100.872255043468 -6.39028685773779 0
"434" 185.772786391521 79.0076333798461 -1
"435" 106.076107181666 19.7059049179859 0
"436" 102.492397407796 1.97392961190584 1
"437" 114.046868035823 46.9707242084849 0
"438" 105.774668676433 18.3133391135523 0
"439" 96.887764196622 -25.2472928638084 1
"440" 188.636860043145 79.053571033789 -1
"441" 108.431782165112 29.6945076176928 1
"442" 99.8703160850103 -11.4495029541599 0
"443" 102.635561099241 2.714226049014 1
"444" 79.3484952127561 -63.4826830215242 -1
"445" 107.445044377279 25.7116520589353 1
"446" 103.313715753013 6.20423453486525 1
"447" 111.399871268835 39.8983364780649 1
"448" 111.665090397635 40.6867818616088 1
"449" 97.9511217098644 -20.5943383176922 0
"450" 107.886819554106 27.5316548218311 0
"451" 42.5248118788768 -77.3818416503068 -1
"452" 81.7085864823355 -61.0233081402539 -1
"453" 107.786073901561 27.1218370435057 0
"454" 81.7667700020761 -60.9568607977286 0
"455" 307.835616982626 -66.0213702996588 -1
"456" 263.661682163163 -74.0594605526471 -1
"457" 147.304837448908 28.7770240007596 1
"458" 119.424817211654 65.4117067780106 0
"459" 165.812128799442 -32.3366221836088 0
"460" 138.836808525145 47.1642704715224 1
"461" 232.580401036153 -74.3833677552875 -1
"462" 148.848296514494 24.2810483460955 1
"463" 166.688652098279 -34.5433392599172 0
"464" 150.07081411676 20.4641308144494 1
"465" 137.646755052266 49.0233284823534 0
"466" 160.700455664388 -17.1127580239326 0
"467" 157.551242747372 -6.05972441023779 1
"468" 16.9728735441054 67.5120421349167 -1
"469" 142.808483316373 39.7781996188656 1
"470" 104.956817230085 70.6946091207219 1
"471" 154.788991787896 4.06487693279584 1
"472" 351.971367740981 45.5103282468446 1
"473" 146.946962359664 29.7664207506074 1
"474" 155.526303932807 1.36102018739081 1
"475" 33.7838502735559 72.1963440870507 0
"476" 149.808684290906 21.3008225630682 1
"477" 121.902071275129 64.0575645540304 1
"478" 180.659200633581 -57.0007631364347 -1
"479" 169.998328581542 -41.8521761098752 -1
"480" 150.651873675293 18.5754954891161 0
"481" 155.461732960949 1.59824652763441 0
"482" 352.848854666049 46.9890028794587 1
"483" 151.474821695588 15.8250730270491 0
"484" 85.8287616433785 18.507646940073 1
"485" 96.3054147185229 -86.1599374744495 -1
"486" 85.6509254093415 30.7384573180819 0
"487" 26.7127123360124 89.2047245573649 -1
"488" 85.2290319923338 50.4575203750925 -1
"489" 270.539585427006 81.3116250787054 -1
"490" 85.5907551599424 34.3177155650381 0
"491" 86.1265453852442 -5.73870306656358 1
"492" 85.551937908294 36.4770023327324 0
"493" 85.7021844299027 27.4629892186008 0
"494" 86.3928872124465 -26.0945737570065 1
"495" 239.711223743195 -88.4587244352951 1
"496" 85.8657611222281 15.6776105799221 1
"497" 90.1714828090444 -80.5491302900665 1
"498" 86.0370939699906 1.7324665391196 1
"499" 87.5233055278882 -64.9719027472546 -1
"500" 85.8308982871036 18.3465968452213 1
"501" 85.9757348644823 6.83875088917293 1
"502" 264.62077295652 -64.5379104559109 -1
"503" 85.3899612085153 44.3062602222003 1
"504" 87.0733087189448 -56.0294406414439 1
"505" 85.261671761491 49.3233172964927 0
"506" 90.4224123936154 -81.0825393859875 -1
"507" 87.2183158822031 -59.4770529766123 -1
"508" 85.6225754602561 32.4604341736017 0
"509" 87.357882726211 -62.2421178568082 0
"510" 262.825147447048 -78.0436451282362 -1
"511" 117.205971022933 27.3181405004875 1
"512" 98.0366636590333 22.8256545231814 0
"513" 139.220092572238 29.0466562202865 0
"514" 94.8693033406516 21.8124392865213 0
"515" 149.52796758982 28.6177458693544 0
"516" 101.241123844679 23.77284101449 0
"517" 173.105389529816 24.6353462009412 -1
"518" 222.71655309522 3.34868156967264 -1
"519" 97.353349595863 22.6135231211368 0
"520" 201.301428439822 14.3663227746953 -1
"521" 193.97291488892 17.5833576276874 -1
"522" 94.2762004604634 21.6142548898914 0
"523" 100.936024500719 23.6860469682389 0
"524" 46.9970707090184 -0.981117448465772 1
"525" 24.1423903976365 -13.028370681363 -1
"526" 92.4449817477453 20.9856455819618 0
"527" 60.9078987493218 6.66399125907143 1
"528" 117.403571968076 27.3498246920069 1
"529" 138.681484556456 29.0474013122419 1
"530" 106.119340118113 25.0634863289549 0
"531" 109.127603052574 25.7682566685161 0
"532" 1.72455661430294 -22.1192223336703 -1
"533" 156.090017362793 27.9321446342522 1
"534" 110.672761866933 26.1032656112049 0
"535" 28.5392519144286 -10.8686005397532 0
"536" 148.417825118339 28.7018857075782 1
"537" 116.685809866616 7.13141923910266 1
"538" 131.457353497293 84.8586873829652 1
"539" 294.809133762613 52.1517942642291 -1
"540" 290.391197628308 77.7429738392436 1
"541" 116.743327294576 9.55875538696651 1
"542" 116.718747527743 8.52516395049636 0
"543" 117.978522902147 47.6693065472602 1
"544" 116.796642287581 11.7784215951272 1
"545" 115.989698649664 -21.7385036032677 -1
"546" 339.819370909519 -88.0631249398447 -1
"547" 117.400884650658 33.5525188963036 0
"548" 160.510113594263 88.0874349960174 -1
"549" 116.597733622883 3.36702528286928 0
"550" 293.485400599887 66.3385213427745 0
"551" 117.221222985938 27.8347827205177 0
"552" 116.643507349568 5.32910572903758 0
"553" 117.219994237025 27.7933406662164 0
"554" 117.592364064402 38.913175489701 0
"555" 118.855674182761 60.3608364679391 0
"556" 116.83707969062 13.4387226905332 1
"557" 288.553700624966 80.4992280355731 0
"558" 295.296306721473 42.6284111524814 0
"559" 117.099039691725 23.5608184452746 1
"560" 293.710046400419 64.6778146691442 -1
"561" 120.259810500746 70.4279463611705 0
"562" 139.814727398173 -14.377377597408 1
"563" 93.9161208897892 25.7013814257656 1
"564" 143.363154800925 -17.3645229104762 1
"565" 141.639117896206 -15.9314938983407 1
"566" 115.679676270128 8.06492890483018 1
"567" 80.5188663918124 33.3840995885675 0
"568" 100.151857929124 21.2566971692308 0
"569" 139.448083231108 -14.0606029774725 1
"570" 15.3110000111844 42.0583820829841 -1
"571" 97.1578026162059 23.4592081737653 1
"572" 100.836143761486 20.7359558882047 1
"573" 120.529665972603 3.51629586917969 1
"574" 178.57756959602 -37.7770904337703 -1
"575" 97.9144753440394 22.914387105502 1
"576" 118.790940996903 5.15969491854466 1
"577" 128.150103327807 -3.73652128169613 0
"578" 57.2893030204331 41.266789916599 1
"579" 104.678418647177 17.6966088852943 1
"580" 124.304261908229 -0.0768252165927594 1
"581" 171.740266030384 -35.1209038824125 -1
"582" 136.045424090675 -11.0557252104553 -1
"583" 81.2859453441456 33.0114202128693 0
"584" 1.11650429144211 38.6213662930206 1
"585" 161.409494451507 -29.9609457173617 -1
"586" 142.048881322175 -73.1662146699159 -1
"587" 140.180102523629 -37.0558977917479 1
"588" 139.812244345459 -14.194998986566 0
"589" 139.398230168804 17.3388140574095 1
"590" 138.78425590403 48.9978754613307 0
"591" 139.674355797636 -3.70300384750787 0
"592" 139.808457686969 -13.9163059930675 1
"593" 98.0598280598862 88.8960376335203 -1
"594" 139.028376409662 39.2511833530664 1
"595" 307.833171964559 -86.4204990231689 -1
"596" 139.575782498564 3.99499991639304 1
"597" 321.039785380182 62.5906264412797 1
"598" 139.205545444709 29.9088597328524 1
"599" 139.586240215625 3.1802934658299 1
"600" 320.14859360476 35.4537160712466 -1
"601" 139.225688728009 28.7110683546921 1
"602" 137.106146507328 73.7907105618776 1
"603" 139.994171592675 -26.6239396589318 0
"604" 322.355706576732 74.9672175572791 1
"605" 139.673266932565 -3.6181882730506 -1
"606" 139.472626264245 11.8956496092497 0
"607" 140.998235564237 -61.8858627818597 -1
"608" 138.615895516484 54.0729739587791 1
"609" 308.405460043823 67.0423979016381 -1
"610" 92.7957985130644 29.9598087741056 0
"611" 99.4521589272277 0.531460465227222 1
"612" 90.0721486482365 38.89203284008 0
"613" 94.3426168949123 23.9907993902347 0
"614" 104.806036062465 -24.1009664518905 1
"615" 199.616220832431 -78.2747716284897 1
"616" 94.8301733240035 21.9767315655313 1
"617" 100.126613015088 -2.76663115434428 1
"618" 99.0457300704307 2.51859588272803 1
"619" 126.054210531338 -65.3869635062506 -1
"620" 94.8568140753498 21.8649191690944 1
"621" 98.2365790362732 6.45168611775178 1
"622" 245.524888205423 -69.9419300419707 -1
"623" 88.0873233388881 44.2261059844106 1
"624" 100.671572125386 -5.41891949533124 1
"625" 86.0417851721529 48.8398293356307 -1
"626" 144.961664510456 -73.9860333110855 -1
"627" 111.764717681283 -45.9688543099887 -1
"628" 92.4296342330951 31.2769061132519 0
"629" 124.619349536111 -64.242592831386 0
"630" 216.327546187934 -77.1078120489474 -1
"631" 143.342989338807 -17.5109143482646 0
"632" 148.218249837904 19.9742567880348 1
"633" 153.503585122512 47.6332090266745 0
"634" 144.710883536039 -7.12628893452634 0
"635" 144.061262563641 -12.1613066883898 1
"636" 188.362981254197 79.5437724558903 0
"637" 151.75446213652 40.516522993208 1
"638" 89.0697968090898 -81.4595396518611 -1
"639" 146.117862556014 4.05999500389256 1
"640" 310.14971256411 64.8250991792268 1
"641" 149.690774986784 29.6071935357995 1
"642" 145.919230272312 2.47982578657387 1
"643" 320.395781450748 35.9484121896318 -1
"644" 148.549051892769 22.2686952523735 1
"645" 193.46311089695 80.4092662093562 1
"646" 141.641190890095 -28.9087216934095 0
"647" 272.823152953168 81.0596888916243 1
"648" 147.097513653928 11.7188363574062 0
"649" 146.548501402338 7.46138557940231 0
"650" 130.995376435946 -63.5916601501815 -1
"651" 149.111454428169 25.9992549082598 1
"652" 117.446238344091 8.84510374077752 1
"653" 83.6439922200923 35.3562951878505 0
"654" 110.632394946915 15.5492962798584 0
"655" 139.606845076115 -13.9971212335757 1
"656" 195.404585474734 -44.6398641027396 1
"657" 99.6907695834616 24.9970911249998 1
"658" 100.947188467058 24.0079802908609 1
"659" 122.525725649684 3.58577882356658 1
"660" 177.283914810616 -39.4723336400407 -1
"661" 101.060654917618 23.9173781065636 1
"662" 121.211848370546 4.95996532360644 1
"663" 127.469883050254 -1.62023428989796 0
"664" 244.619052550481 -42.7701118900714 -1
"665" 105.203354917555 20.4672371104625 1
"666" 122.0486581984 4.08556100781295 1
"667" 171.313493072331 -36.890366539142 -1
"668" 136.233476190787 -10.6779879843719 -1
"669" 90.0105048253395 31.7426392896426 0
"670" 179.620942174354 -40.3543984821369 -1
"671" 161.909164846424 -31.7760766859464 -1
"672" 201.994689270985 24.7887035344495 -1
"673" 119.784106828192 9.85971406295321 0
"674" 42.721033767866 -21.4157194815893 1
"675" 193.801468063435 25.3192207367086 0
"676" 37.9882820209466 -22.4417112609435 0
"677" 100.233106482508 0.902431027779875 0
"678" 104.236227344507 2.79805157882686 1
"679" 29.4992077865679 -23.9033989436487 -1
"680" 176.653727842775 24.9586520236475 1
"681" 110.598054511805 5.76488544676224 1
"682" 123.266848779956 11.3294558312105 1
"683" 150.677983813436 20.6197754022759 1
"684" 101.873423124009 1.68071334827808 0
"685" 119.046380535713 9.54185324425524 0
"686" 182.320687245606 25.2980282111535 1
"687" 151.946110896389 20.9369957855825 1
"688" 133.59967626141 15.3446882121388 0
"689" 34.9274840426927 -23.0249529790239 0
"690" 150.417133096071 20.5532056454402 1
"691" 76.2962397689803 30.4390697084409 1
"692" 29.7487196018438 -17.4951812445136 -1
"693" 193.651124446795 31.3868048532793 1
"694" 184.305564247827 37.2594783285395 1
"695" 101.797617904863 43.7406863575629 1
"696" 44.6351232751233 -1.14348345018104 -1
"697" 207.396406352688 19.8201972868909 0
"698" 40.665260025278 -5.69115700067315 -1
"699" 51.0791108678309 6.24564764163751 -1
"700" 107.870378294521 45.5521530318103 0
"701" 99.9575731027063 43.1033372667838 0
"702" 111.844743399554 46.5113325103169 1
"703" 95.7133420354878 41.4641232928603 1
"704" 184.846138899471 36.9608106017293 0
"705" 168.844716204987 43.9437170786493 0
"706" 80.1371699172864 33.1313095628682 1
"707" 211.156115398096 16.0608821601604 -1
"708" 141.405673398232 48.8964308518302 0
"709" 149.04605838771 -9.99138777062501 1
"710" 194.983590085283 -31.1304055587116 1
"711" 96.468650563844 23.0271513271514 1
"712" 100.841952999933 20.9109060153298 1
"713" 128.845994450343 3.77673308596018 1
"714" 184.849277021862 -28.1391723977894 -1
"715" 97.2124116823774 22.6799116703758 1
"716" 128.005636786578 4.35291475419868 1
"717" 124.85905150473 6.4923694668227 0
"718" 218.186114152025 -34.5594540278753 -1
"719" 104.884951364459 18.7979006554903 1
"720" 118.34641102286 10.789724907907 1
"721" 174.086846383807 -23.9027593326584 -1
"722" 139.642906618338 -3.68140154155988 -1
"723" 241.085520461938 -33.556290183767 1
"724" 188.009721694892 -29.1742648272568 -1
"725" 157.951204497308 -15.5233139056546 -1
"726" 194.09976267837 11.3828043331498 0
"727" 40.4641967368114 -20.8145678932652 0
"728" 99.4345107172753 -24.926255317116 0
"729" 357.420578337587 -3.64698443648415 -1
"730" 25.5285535014441 -15.9854416451434 -1
"731" 22.9027039762969 -14.9918240061292 -1
"732" 169.360257422364 -0.310359397603687 1
"733" 312.472922957004 16.7069007712865 -1
"734" 172.214622630039 1.09600112897418 1
"735" 97.02499785061 -25.231144482529 0
"736" 133.404586386006 -16.3701369664943 0
"737" 178.744974265457 4.29009852978901 1
"738" 313.314960920235 16.4027638992354 -1
"739" 163.004327045177 -3.43027237605113 0
"740" 32.3705866436608 -18.3768902799308 0
"741" 336.109649296389 6.74293245278814 -1
"742" 13.5667754293638 -34.4865445025937 -1
"743" 339.660098059508 -88.0709137064895 0
"744" 14.2638766868729 -2.96475820442065 -1
"745" 194.489881670842 -8.76223101628744 0
"746" 193.943342172669 18.975207518789 1
"747" 194.382442635031 -3.21894419093497 1
"748" 17.5509352226095 71.2248044615906 -1
"749" 14.7114018955787 19.5941503560293 -1
"750" 187.822083630607 80.393925264551 1
"751" 196.250810701109 -60.3713683299729 0
"752" 192.568019667651 57.9417921955781 0
"753" 192.53327748712 58.4453432060579 0
"754" 194.76093841594 -21.8558678837353 0
"755" 194.669855261248 -17.6466220382507 -1
"756" 18.063685727548 73.6467885561365 -1
"757" 101.009178237427 25.7661788118829 0
"758" 67.2981440107216 0.454131402674095 1
"759" 30.9901220850911 -26.6362264076289 -1
"760" 94.4210820167819 21.7094093508235 1
"761" 74.9052536151405 6.92268141363967 1
"762" 115.09392502631 32.6502740418345 1
"763" 125.01678880837 36.1096275909869 1
"764" 106.953459845066 28.9662456042722 0
"765" 106.871953443598 28.9253158578732 0
"766" 184.883732575671 37.1125339553759 1
"767" 165.333419593319 40.3078120457729 1
"768" 105.083173875636 28.006490454852 0
"769" 35.4922642410781 -24.0070043404991 0
"770" 145.012099019154 40.0257661486114 1
"771" 100.282023589276 2.58712928456647 1
"772" 96.4773817821121 -65.9659328115928 -1
"773" 100.942785833635 23.8812134348778 1
"774" 100.391959850411 6.35269597089696 1
"775" 102.363992587805 52.3797784006951 1
"776" 101.747292233851 42.821613705125 1
"777" 99.9202557436067 -9.78647336055678 1
"778" 101.400834644974 35.690085935133 0
"779" 89.5480595847907 -81.0870132265721 -1
"780" 97.8091797807456 -55.264638284837 -1
"781" 101.135046940725 29.179698490098 0
"782" 96.8369430491816 -63.7356345669041 0
"783" 106.388659702268 74.9237296392181 1
"784" 19.5243072248118 -2.69604861570999 -1
"785" 49.1991992587226 -0.828216364431661 0
"786" 132.911914151612 3.87546507938179 1
"787" 125.765551813252 3.68926249349193 1
"788" 349.370420318429 -3.86516774251746 -1
"789" 102.042883463988 2.68264493234972 0
"790" 122.324077028522 3.57895562049238 0
"791" 358.637462404983 -3.60763150226754 -1
"792" 323.340330581181 -4.03880576375103 -1
"793" 151.73501832559 4.07376165114968 0
"794" 24.4738072767819 -2.42235555853353 0
"795" 333.925399648048 -4.06855795321503 -1
"796" 204.661582419585 14.1460922675285 -1
"797" 196.826803985459 -3.47825130279157 0
"798" 336.37851219782 56.8714941819904 1
"799" 190.940409303207 -16.4560980002198 -1
"800" 261.408304053897 63.9171850819554 -1
"801" 345.916837459308 50.8618339626819 -1
"802" 347.436825499213 49.6503701600159 1
"803" 255.068973538798 62.4352134131574 1
"804" 189.539799882303 -19.3326014052414 1
"805" 333.735486049922 58.1430930554822 -1
"806" 348.15800884164 49.046416702997 1
"807" 62.4402829225057 6.71192113264409 1
"808" 117.204038390173 27.831708483831 1
"809" 137.31146479718 29.874838846817 1
"810" 106.185540480349 25.3832758028722 0
"811" 108.912639003212 26.0784310353575 0
"812" 181.95611114941 23.3726053474515 1
"813" 156.732918146079 28.9364312037737 1
"814" 110.013918254515 26.3424716573957 0
"815" 29.0709182131558 -11.9433329824206 0
"816" 148.151484899042 29.7035451076455 1
"817" 125.476223360935 4.58663570617458 1
"818" 174.261946021306 -0.903300457706765 1
"819" 102.647479919098 6.23951802551803 0
"820" 121.589768438055 4.92797084292212 0
"821" 177.861829530138 -1.33468719580477 1
"822" 322.761711981039 -2.83349258210729 -1
"823" 155.88067076767 1.31879975733113 0
"824" 21.4540807840014 3.95108511133606 -1
"825" 334.445936396397 -1.48940145835751 -1
"826" 110.819294419359 40.9083432881004 0
"827" 110.279649927946 41.81774382362 0
"828" 310.849519803235 11.9740013318958 -1
"829" 341.83324255168 60.7222461260521 0
"830" 312.745768603009 17.4805050846324 0
"831" 119.27450850725 22.6143760237766 1
"832" 336.544467485431 57.0055434189595 -1
"833" 8.10856486864194 69.894777090262 0
"834" 110.06149552258 41.1003844772608 0
"835" 92.8648509529573 43.9268945051748 0
"836" 177.442925419152 -4.00033075329353 1
"837" 151.436608734565 20.0168235191464 1
"838" 21.5037932882407 24.751657890537 -1
"839" 13.9593203540387 18.9832161770288 0
"840" 150.340453523291 20.8854705463076 1
"841" 106.92770601084 28.8498934446636 0
"842" 227.129913876203 78.2750002077336 1
"843" 84.3457057791339 -60.3298574721915 -1
"844" 106.634574623066 27.5068617970408 0
"845" 83.5438132651901 -61.4020387579636 0
"846" 125.65855140365 67.5061269353403 1
"847" 166.775342991623 -51.3264736497516 -1
"848" 133.366049465575 -16.3053546555058 -1
"849" 108.305251484994 26.9442768563149 0
"850" 166.948812436955 -51.4184751393962 -1
"851" 170.279673527448 -53.0685639093249 -1
"852" 192.950110061131 58.5938749410511 1
"853" 356.184015234683 11.862297739204 -1
"854" 346.658839723482 51.6092099493966 0
"855" 347.878834689786 48.4597169901389 1
"856" 325.36609573902 -8.21980536007143 -1
"857" 261.868961371844 60.9834411046438 -1
"858" 150.803577375972 18.8563619166291 0
"859" 192.876999184191 -20.9731767612813 -1
"860" 154.263048715744 2.39682473176165 -1
"861" 348.72631827162 50.1973358075458 1
