"ra" "dec" "antirad"
"1" 163.855143554567 7.62959815895162 0
"2" 163.339364475525 -3.27273103257995 0
"3" 166.450011060669 47.5983151981947 0
"4" 166.448088433904 47.5797707969992 -1
"5" 164.912906933651 27.7393138498794 1
"6" 352.017627735344 -72.3725596923231 -1
"7" 147.490390201496 -80.3055981108701 1
"8" 164.475576749561 19.9942962529601 1
"9" 163.350490905715 -3.03720394964988 1
"10" 159.821406233246 -53.6718781543725 1
"11" 118.835240359327 -86.1665579432655 1
"12" 344.896171778406 -27.460336164324 -1
"13" 163.734305793354 5.0958649527825 0
"14" 161.043797571995 -42.226781138283 -1
"15" 310.890154589606 85.0046032421987 -1
"16" 164.35571073036 17.7157339332551 1
"17" 161.909880981582 -30.406346527538 1
"18" 161.19786187853 -40.3829107499852 -1
"19" 161.815264012562 -31.8772478115466 1
"20" 163.854099824136 7.60782694680784 1
"21" 162.694068357471 -16.5048938199941 -1
"22" 109.268653535911 9.48615564917211 1
"23" 90.9854668518661 8.21488433332051 -1
"24" 143.156856523676 9.31974950121742 -1
"25" 253.703628136921 -6.24487384629304 -1
"26" 212.468641759127 0.355010744734673 -1
"27" 180.673577341904 5.50972386670936 1
"28" 78.3282803328441 6.83683229510349 1
"29" 193.765820749798 3.51180597878362 1
"30" 211.510385708926 0.520800567604807 1
"31" 81.5123893409448 7.21818921080249 -1
"32" 230.068992794937 -2.65831693587542 -1
"33" 140.79552361129 9.43917017031583 1
"34" 221.128322513714 -1.14201678324249 -1
"35" 86.6641556565224 7.78677586240127 -1
"36" 118.111900624305 9.76557480964684 1
"37" 167.373603459974 7.23581445428449 1
"38" 256.65180901618 -6.62730898622561 -1
"39" 84.2724184181437 7.53046095079733 0
"40" 163.867519642679 7.62826325846816 1
"41" 81.2153261600199 7.18355215330102 1
"42" 274.466883264286 -11.8885851123049 1
"43" 140.286858833213 2.54302237602708 -1
"44" 266.931419558207 -12.8119885641667 -1
"45" 215.267671034466 -12.9708994517863 -1
"46" 179.509023864001 -7.06441730560097 1
"47" 273.989095195304 -11.9534329879594 -1
"48" 162.83024195436 -3.1468425856198 1
"49" 204.415906291438 -11.6358090485618 1
"50" 261.255965354684 -13.3632083972347 1
"51" 250.443979125619 -14.0559009137916 -1
"52" 265.759153774058 -12.9361843711508 1
"53" 209.999041699724 -12.3780570958139 -1
"54" 266.346143625996 -12.8746622864187 1
"55" 113.877027148996 8.59528739123885 1
"56" 165.881606699425 -3.89679274127182 1
"57" 247.503156162078 -14.1614243886184 0
"58" 74.1744351071552 13.8707227845966 -1
"59" 157.726056909252 -1.87120729613305 1
"60" 235.128641139407 -14.2114517020423 -1
"61" 166.468421362152 47.5994420636817 -1
"62" 101.646194251098 18.9950436762629 -1
"63" 200.874654485064 44.4064672687231 0
"64" 185.867373036705 47.1390249473723 1
"65" 94.7458907629589 12.1774970141396 -1
"66" 252.455368338217 11.9007499403864 1
"67" 231.068664308624 30.5903668726365 1
"68" 261.876045027703 1.75457863599202 1
"69" 113.492018575835 28.9025125793753 -1
"70" 275.687010796748 -13.1452355894199 0
"71" 243.529245340825 20.6181790414138 0
"72" 266.908383285548 -3.78920600465514 1
"73" 262.277094023871 1.31253582192902 1
"74" 174.868922941206 47.8042000537179 1
"75" 263.833918497582 -0.404835953761835 0
"76" 88.0455187025829 5.03330610359725 -1
"77" 198.794844773698 44.9219795097363 1
"78" 268.013116561802 -4.99794123126919 -1
"79" 152.25775001169 28.3478635611959 -1
"80" 190.034966297498 61.6596801553306 0
"81" 10.0050389432997 -61.6494798737245 -1
"82" 148.268806868931 20.6111794059864 -1
"83" 135.746248507764 -8.25415679255361 -1
"84" 277.467189295032 57.8824041701058 1
"85" 266.226470719431 62.3694781067188 1
"86" 332.976319732969 -29.6271890931297 1
"87" 323.050246620508 -9.0718091262452 -1
"88" 294.818508639935 44.6647718980752 0
"89" 273.11857950032 59.880993339195 1
"90" 145.990294330436 15.7420728489332 -1
"91" 177.916826323899 56.2296045448897 1
"92" 305.350677171381 29.8356897843117 0
"93" 129.97534597938 -21.027723069891 -1
"94" 109.72604012511 -49.6680107926093 -1
"95" 314.864090845154 10.3044555382965 0
"96" 29.0701697162165 -16.3467815964446 -1
"97" 182.618088048953 24.9061861386612 0
"98" 247.175606613006 -2.78548286221899 -1
"99" 224.71763073537 9.10696635299036 0
"100" 218.354184815681 12.2110405288547 0
"101" 261.391085935569 -10.1549071558287 0
"102" 342.810254501104 -27.9216362654043 -1
"103" 87.324250951658 12.9943080025747 -1
"104" 48.9739554255857 -6.93436226980991 -1
"105" 266.366864835455 -12.5484877510931 -1
"106" 212.956173421084 14.6784514990584 0
"107" 170.322661567325 27.1205971878853 0
"108" 255.814912116076 -7.34021175667021 1
"109" 260.723363799915 -9.82464326143039 -1
"110" 177.213983557998 26.0184010353458 0
"111" 77.6549894235358 8.28254419925205 -1
"112" 190.016858255828 61.6779271982746 -1
"113" 30.3574822154612 -10.4600901648032 1
"114" 211.110573467832 6.8985780251659 -1
"115" 212.1901666697 1.70329894586185 -1
"116" 254.322580684454 -72.783234954617 -1
"117" 30.7329604450491 -8.69302239022759 1
"118" 33.8238346002107 6.18422565180587 -1
"119" 34.2446388251539 8.18959393700081 0
"120" 75.6060980998403 73.1763658711004 1
"121" 209.300876009403 15.314318103315 -1
"122" 184.247665931629 66.463332905131 0
"123" 39.8014739770783 31.4685188721293 0
"124" 219.237273043552 -29.4535850222471 -1
"125" 200.287517035968 45.7923935074816 0
"126" 36.2616348179692 17.4439823798144 0
"127" 181.848119239435 17.6768866145462 1
"128" 180.220037135515 0.609013940062002 1
"129" 174.681605450212 -46.0110229231095 1
"130" 106.617102854323 -84.5072240087072 1
"131" 2.32295632587063 -22.22039768893 -1
"132" 180.29052290377 1.37306096995287 0
"133" 176.222996131884 -36.6941178257815 -1
"134" 301.273927910234 83.8520195228747 -1
"135" 181.881264974651 18.0024151624769 1
"136" 26.7151703378371 -78.342402011583 0
"137" 175.545521189536 -41.123247859212 -1
"138" 176.616320613334 -33.8592488874573 1
"139" 183.597086472597 32.9974076659074 1
"140" 178.41047323982 -18.3546151015788 -1
"141" 217.721190823316 8.03037039267799 -1
"142" 216.170901779746 8.55684698141552 -1
"143" 261.483056685164 -7.93243132710945 -1
"144" 23.9046050317425 -12.4232837048586 0
"145" 98.0923992268411 13.1386481132015 -1
"146" 46.872377085439 -4.79119013505285 0
"147" 266.550166104787 -9.62910314928881 -1
"148" 179.709317723088 18.052660890246 0
"149" 169.117940441957 19.5408547422409 0
"150" 76.9686249248136 6.3565071279914 -1
"151" 82.9097442012137 8.41845328754339 1
"152" 171.873410824468 19.2140284212528 0
"153" 80.2157120594226 7.49563370093106 0
"154" 215.660234355695 7.68879783331908 0
"155" 262.307599054509 12.2587940097266 0
"156" 33.2330244207347 -7.27322721770026 -1
"157" 181.953621362247 0.986339185425908 0
"158" 52.1285462258985 -10.0954603665854 -1
"159" 267.893287985777 12.3060056327406 0
"160" 232.902539322978 10.1890970383782 1
"161" 166.074129634551 -2.45899806885015 0
"162" 98.489226252134 -12.0845271271467 -1
"163" 112.424595926103 -11.1841131011585 1
"164" 155.99209716524 -4.55814491309273 0
"165" 130.52063717914 -9.05136061276131 -1
"166" 265.055913464533 54.5628829188767 0
"167" 34.8671628816184 -6.33260306500199 -1
"168" 208.313190861176 -5.02836694019202 0
"169" 195.908414874663 -24.670016040567 -1
"170" 272.42800349647 56.7514860678549 0
"171" 219.120841469175 13.468416353789 1
"172" 155.312117093378 -55.2428463435559 0
"173" 181.344119414252 -40.9148654213833 -1
"174" 188.272950410504 -34.1484773615433 1
"175" 88.5631508920864 -55.6898672628567 -1
"176" 199.949647927785 -18.7713686484234 -1
"177" 81.0069471084417 19.0472760712935 -1
"178" 261.283381343128 -12.7184387951397 0
"179" 263.381369070479 34.2789912212172 0
"180" 71.3218133105915 77.4952400452899 -1
"181" 261.863627181979 1.44709213361277 1
"182" 98.117139333633 -81.8240016440474 0
"183" 261.714215897559 -2.25400802228079 0
"184" 81.4234061372218 9.3770542018101 -1
"185" 85.2594292704725 -56.1875488505924 -1
"186" 261.517699731102 -7.08863439685459 -1
"187" 65.2436717121973 11.3276261772178 -1
"188" 43.4613418899504 -1.27407303619969 0
"189" 265.805410118536 -21.0402209598487 -1
"190" 194.16660188588 17.2636098775552 -1
"191" 170.158437925252 26.1396989541863 -1
"192" 68.7418026267357 13.180638559257 -1
"193" 72.2873755557868 14.9829281152371 1
"194" 175.910726087615 24.4372457039212 -1
"195" 65.827776545032 11.641863372831 0
"196" 215.827658076296 -6.58983310096679 -1
"197" 266.340784775391 -12.9588791298293 1
"198" 305.074377690895 -11.5563479548294 -1
"199" 166.989715236301 4.39017414022967 1
"200" 250.366655045333 -11.8730738602981 0
"201" 76.5918451638235 12.4090922166966 -1
"202" 162.399614373479 5.38016039976199 1
"203" 246.485658851607 -11.4683224467703 -1
"204" 269.785945172525 37.393092339603 1
"205" 232.366173163308 10.3302300730334 -1
"206" 339.332601073722 42.6791350925298 -1
"207" 345.749973554378 40.8131665225164 0
"208" 181.394044481388 -34.1114028407179 -1
"209" 298.610190050408 45.1913280194658 -1
"210" 23.2535190723927 18.6161099780209 0
"211" 267.121566064465 -0.267930099680544 1
"212" 109.446806081627 -80.9524284632453 -1
"213" 267.295966808292 2.6154686530788 0
"214" 86.7813553155885 5.87553382398808 -1
"215" 92.0977752131981 -55.0418532827028 -1
"216" 266.810886245141 -5.39170448461826 -1
"217" 168.879521846251 17.9408359887291 0
"218" 264.842697011441 0.476078368350857 1
"219" 272.514495696394 -2.02398988584372 -1
"220" 170.990776305833 18.009985292669 0
"221" 94.7520389658473 2.74729296196286 0
"222" 159.91927385061 -40.2286942863515 -1
"223" 161.647120561785 -31.844052758995 1
"224" 168.350710554262 14.2885873483515 1
"225" 164.104195879922 -16.7226573551653 -1
"226" 231.808104232492 -25.1301246004329 -1
"227" 313.702529659456 33.5485303694543 -1
"228" 73.0842816833992 9.63792815280252 -1
"229" 140.841262959316 -25.7831149133115 0
"230" 88.1810528348796 4.94272069720148 1
"231" 149.682338971721 -14.0367023147812 -1
