"ra" "dec" "antirad"
"1" 223.088450165131 -15.6912224310136 0
"2" 197.399651754115 3.2306914349937 -1
"3" 215.65011572825 -10.5419097020807 -1
"4" 226.751470031223 -18.0548483434892 1
"5" 270.246829549788 -35.5538368964416 1
"6" 207.503116609054 -4.49996260666785 1
"7" 197.162857661717 3.41129788016246 -1
"8" 129.532084174384 36.1395524499264 -1
"9" 175.097006144223 18.9162256478468 -1
"10" 288.553108355398 -37.4659776272295 -1
"11" 267.605953957305 -35.0330191994294 0
"12" 240.186425402594 -25.5707248028754 1
"13" 222.9138846715 -15.5755293044798 0
"14" 135.209297234033 35.1200521798271 -1
"15" 169.52064009093 22.1857196163585 -1
"16" 135.611533575172 35.0366424957942 -1
"17" 261.129010313924 -33.4791847672107 -1
"18" 191.242380442113 7.86933152863189 -1
"19" 265.292515068926 -34.5236495523899 1
"20" 230.225635900775 -20.1775693312092 1
"21" 264.124519170123 -34.2473590169576 -1
"22" 244.006928391182 -27.3575390981943 -1
"23" 202.006419419983 -0.298560807902241 1
"24" 243.405948136433 -27.0868775594103 -1
"25" 176.737194740775 17.8950917498369 -1
"26" 222.395992453133 -15.2307243479028 -1
"27" 226.044054547753 -17.6081406758951 -1
"28" 159.800134520609 27.0998984052491 -1
"29" 163.115641854792 25.5378550206017 -1
"30" 181.964475421181 14.4733043379736 -1
"31" 198.694882332064 2.24086139910145 -1
"32" 251.98868950937 -30.5877300139535 1
"33" 187.231405256572 10.7957388443245 -1
"34" 272.844468424951 -36.004120890074 1
"35" 198.830685917756 2.13691592130377 -1
"36" 192.168740184313 7.18100762876946 0
"37" 283.291233465851 -37.212742818381 1
"38" 187.518947797741 10.5892019816733 0
"39" 209.248260567149 -5.81915405115334 1
"40" 167.190444759207 23.4559979152792 -1
"41" 187.816427817931 -1.85307367992356 -1
"42" 214.787039168586 -12.8833096106119 -1
"43" 225.746096968809 -16.5118282642938 1
"44" 269.767529326904 -23.793932848011 1
"45" 212.645197800987 -12.1027818445262 1
"46" 190.66438203271 -3.10307705848873 -1
"47" 138.296684994628 17.4445310382323 -1
"48" 325.805535029292 -15.1594484564992 1
"49" 283.575361413412 -23.5218938169164 -1
"50" 335.105147138459 -11.9121706296644 -1
"51" 243.353933605863 -20.8915860129186 1
"52" 222.867441969276 -15.6212067826751 0
"53" 303.198571875499 -21.022985145152 1
"54" 154.39460555446 12.1751808725861 -1
"55" 303.952822107654 -20.8778191344955 1
"56" 263.193115052133 -23.4911521274645 -1
"57" 180.180770271317 1.51773140775858 -1
"58" 266.618595532419 -23.6837048089821 1
"59" 231.589437164873 -18.1732367255642 1
"60" 265.42046916892 -23.6249631027735 -1
"61" 247.63307405335 -21.6654128857442 -1
"62" 194.818448225714 -4.90624638389019 1
"63" 246.275020848435 -21.4324281297415 -1
"64" 163.080786341969 8.81262460875086 -1
"65" 222.209941430235 -15.4113216208985 -1
"66" 226.784882060886 -16.8217061467865 -1
"67" 326.375349137472 -14.973238955247 1
"68" 149.541858714501 13.9071424144615 -1
"69" 169.318576833619 6.22920110430676 -1
"70" 191.015962036639 -3.25674124315751 -1
"71" 255.036484184543 -22.7281606406086 1
"72" 159.165460998334 10.3664785212842 -1
"73" 273.145115350585 -23.8410462983745 1
"74" 190.846376227719 -3.18264144201254 -1
"75" 311.94809506776 -19.1197614726682 1
"76" 279.335852114144 -23.7362865118287 1
"77" 174.799106195254 3.87598827098758 0
"78" 206.652723924007 -9.81055693755206 1
"79" 150.23297972575 13.6675637043019 -1
"80" 225.446901274224 16.6147942923971 0
"81" 30.0482420830856 -9.69470044756803 -1
"82" 268.089721454668 27.3655337923134 1
"83" 21.117663710804 -5.17737118739434 -1
"84" 16.5156163248029 -2.764249744608 1
"85" 331.810993261098 18.6824956776808 1
"86" 42.3811311481126 -15.3460414134636 -1
"87" 269.355014682154 27.4809970974954 0
"88" 0.607575076901032 5.63634212427335 -1
"89" 272.51488381536 27.71847059075 1
"90" 265.451360956823 27.0872080280997 0
"91" 270.652442086979 27.5872876330397 1
"92" 276.791178449772 27.9244265234043 1
"93" 272.332838562531 27.7067592398459 1
"94" 271.900058810131 27.6779514227503 0
"95" 296.259932195979 27.1877654607722 1
"96" 271.735951501927 27.6666719224277 1
"97" 259.927590532283 26.339471615544 1
"98" 270.524957100055 27.5773861243297 0
"99" 275.065883562455 27.8572855514612 0
"100" 242.366726906012 22.4671803169359 1
"101" 267.980504987715 27.3550202994931 0
"102" 285.795169704222 27.9252098785594 1
"103" 265.284130339405 27.0678527607087 0
"104" 266.612347984759 27.215944879946 0
"105" 284.10115647669 27.9698652366434 1
"106" 285.103709036533 27.9459464783904 1
"107" 292.241048419511 27.5651397363131 1
"108" 27.5012733101011 -8.43523885014677 1
"109" 271.581306552689 27.6558637253531 1
"110" 29.3708359973505 -9.36233404455169 0
"111" 274.168671030948 27.8138441632565 1
"112" 31.8961668110866 -10.5911182854568 1
"113" 19.9898213890119 -4.58983274579877 -1
"114" 267.58350012533 27.3160706677556 1
"115" 274.94309530323 27.8516850445291 1
"116" 223.26368329567 15.7173611761032 1
"117" 266.263299010408 27.1782757332183 1
"118" 38.0426148501977 3.87511215012626 -1
"119" 85.4200936273622 -63.9023884640123 -1
"120" 34.2332116084012 14.3621014698756 -1
"121" 232.087098923484 31.9099783693967 1
"122" 2.61537579755535 59.5277771583192 1
"123" 44.7752130367177 -14.8579718134814 -1
"124" 253.060181709593 57.5433092001651 0
"125" 30.6134883511964 23.4586156052375 -1
"126" 181.810071870479 -59.9894497791233 -1
"127" 28.5992988074941 28.0238151992302 0
"128" 63.5986268459141 -49.3004920665726 -1
"129" 235.548720227804 38.2629715179722 1
"130" 244.486471550509 50.2553006605357 1
"131" 292.601168468684 69.7887695895531 0
"132" 228.645095602773 24.4824718808123 1
"133" 282.521161048926 68.4388980870633 1
"134" 192.028450211353 -52.5384064462315 -1
"135" 281.159077705104 68.1947147598211 0
"136" 356.30483300367 62.7185714826624 0
"137" 224.245998989182 13.4517978785905 0
"138" 341.26574707234 67.4657925248939 0
"139" 234.548306505684 36.5382101179041 1
"140" 29.1871566980144 26.7306869593499 0
"141" 24.7708712861774 35.6462110367311 0
"142" 241.276727416363 46.582060535343 1
"143" 240.203373088293 45.2081486294656 1
"144" 53.0549986157906 -33.7968334259096 -1
"145" 46.9797245575153 -20.4941855591959 -1
"146" 320.542740057952 70.2427793682596 1
"147" 42.2057101284205 -7.8782808244303 0
"148" 276.116580802894 67.138561171239 1
"149" 226.302550362082 18.8036837594347 1
"150" 38.7306242868999 1.92838764588159 -1
"151" 253.840907573461 58.0644284129229 1
"152" 229.274694891243 25.924614450575 1
"153" 227.309214098669 21.3027106810729 0
"154" 53.955766844474 -35.474729202005 -1
"155" 271.471958748156 -54.7364399442567 1
"156" 269.030221258948 -53.9104298044062 0
"157" 207.669813886262 13.5707295603177 -1
"158" 108.638320764311 58.5652134431349 -1
"159" 204.799156005627 18.0542409239584 -1
"160" 303.408144966229 -59.6895034259764 -1
"161" 237.673500589234 -32.5592020211519 0
"162" 236.212752393191 -30.8719089735954 1
"163" 224.283895689467 -14.2148445626285 0
"164" 344.741791817217 -53.0845725692074 1
"165" 193.478914593556 33.0052371421497 0
"166" 164.27535250885 53.2640779573404 -1
"167" 256.87629201823 -48.3785134315826 -1
"168" 206.314776111 15.7165218381593 0
"169" 262.331049758558 -51.1835247353347 1
"170" 229.18885213907 -21.6610025785363 1
"171" 261.243654310789 -50.6698750791627 -1
"172" 239.079064006745 -34.109652211825 -1
"173" 212.145929335597 6.18500286936582 1
"174" 239.2398896351 -34.2825466120501 -1
"175" 197.408862963038 28.3444449264964 -1
"176" 223.958649493052 -13.6959567011768 -1
"177" 226.289099927765 -17.3490515581726 -1
"178" 184.750605557933 41.4249049558973 0
"179" 187.350956202297 39.1773040365462 0
"180" 200.476172529581 24.310105377297 -1
"181" 209.845362479585 10.0301035188602 -1
"182" 246.772742240147 -41.4027230695185 1
"183" 210.304757007947 9.2694966348987 -1
"184" 272.107152402783 -54.9380483807115 1
"185" 210.160644352088 9.50853324298942 -1
"186" 216.432530915262 -1.1253535911689 0
"187" 295.044346439856 -59.2686944663166 1
"188" 204.605792395509 18.3474267011962 0
"189" 214.427678580004 2.3053990090795 1
"190" 193.465269393425 33.0204349176333 -1
"191" 271.443849203759 -54.4276939964504 0
"192" 267.309918409849 43.9195791854425 0
"193" 92.8215340021194 65.3991085180763 -1
"194" 268.936143281616 1.94959230448966 0
"195" 267.917581081194 31.6296883622452 1
"196" 270.216716645717 -34.896232660101 0
"197" 268.300406678934 21.6646101476564 1
"198" 268.025148562082 29.0072304003666 0
"199" 267.955858868334 30.7125923205021 0
"200" 267.919269060694 31.5896205441395 0
"201" 267.863655873589 32.891593032077 0
"202" 268.695173326366 9.74311759465542 0
"203" 267.970938360889 30.3464204507159 0
"204" 268.984283841273 0.374523148670389 1
"205" 267.753496776954 35.3611272628305 1
"206" 268.686428754686 10.0209241447417 0
"207" 268.455662794873 17.1470240763127 0
"208" 267.968763241233 30.3994088558855 1
"209" 268.082753906559 27.5451019702579 0
"210" 267.829831549881 33.6652500445892 0
"211" 268.022765142656 29.0668596778931 0
"212" 268.048039794291 28.43101995131 0
"213" 267.616701382291 38.2301396323193 0
"214" 267.639875345384 37.7591710855164 0
"215" 267.825015241545 33.7742978867968 0
"216" 267.800263605532 34.3303439447352 0
"217" 268.394659936439 18.9518885288751 1
"218" 269.001964813875 -0.20423368109742 0
"219" 271.875261709422 -58.6954368561904 1
"220" 267.883047003874 32.4418624475306 0
"221" 269.506377002819 -16.2638945257537 0
"222" 268.17565887926 25.1029243704779 0
"223" 268.043146609996 28.5547234108273 0
"224" 266.772227499554 51.7827932531113 1
"225" 268.127124579557 26.3916005099354 0
"226" 200.25167844428 6.47708368951608 -1
"227" 111.604959496512 56.6247439477479 -1
"228" 191.418755499137 19.0309816200018 -1
"229" 300.173692621826 -56.5314517566824 -1
"230" 226.530010211066 -29.6516668739322 0
"231" 232.384720261243 -35.377301059126 1
"232" 218.333515182801 -19.9269230875855 -1
"233" 335.01684952522 -49.1416172539813 1
"234" 183.070765691295 29.08283990083 -1
"235" 334.829722785527 -49.220366382948 1
"236" 256.25212578488 -50.0326402532995 -1
"237" 197.131691804642 11.0816685856694 -1
"238" 262.116580772103 -52.0686642914056 1
"239" 224.700889132964 -27.6544133030718 1
"240" 260.994960633172 -51.7152230903951 -1
"241" 235.653792296223 -38.1514058893646 -1
"242" 203.919976280366 0.934992088441363 1
"243" 236.293133268248 -38.66054486683 -1
"244" 7.57051126201432 -23.9175887686452 1
"245" 217.944082819455 -19.4167974920294 -1
"246" 220.722204844921 -22.9640337939363 -1
"247" 354.877219086632 -36.9477254153127 1
"248" 177.46146942103 34.6756382674922 -1
"249" 190.957389295835 19.6385077176654 -1
"250" 201.663199089352 4.35514374154647 -1
"251" 244.899379458831 -44.5500087910661 1
"252" 197.66253072025 10.3086407242426 -1
"253" 272.127891499118 -54.5633060008345 1
"254" 201.819765779769 4.1187441724395 -1
"255" 201.95019684808 3.9216755546336 0
"256" 292.919259540773 -56.6487069183877 1
"257" 194.961501933545 14.1870584907373 0
"258" 208.821531139025 -6.48137215150817 1
"259" 2.38255929538545 -29.8192310616123 1
"260" 337.249180019246 30.8537423523093 1
"261" 31.6936783333204 -17.1806381514688 0
"262" 263.019281218072 43.1983736960974 0
"263" 5.03870485233525 8.65600781949187 -1
"264" 289.235522178676 44.9855108863215 1
"265" 299.47985821896 44.0246173229694 0
"266" 76.1511538224161 -41.6610790455502 -1
"267" 243.611400875766 37.5061655789371 1
"268" 257.868165401334 42.0912627472733 1
"269" 276.202253319536 44.8666419033455 0
"270" 34.0186438821912 -19.1715562402854 -1
"271" 274.217548689583 44.717446308391 1
"272" 279.30328048816 45.0298284416832 1
"273" 272.999073426035 44.6083674814639 0
"274" 290.091353877773 44.9412587348424 0
"275" 178.852872000246 -14.4824855905955 -1
"276" 280.113087408584 45.058506151629 0
"277" 241.726862880501 36.7153197048278 1
"278" 300.208704870826 43.9196021832366 0
"279" 295.93092702733 44.4652576328358 0
"280" 258.237424996702 42.1797016242638 1
"281" 256.587009262129 41.7732553286825 1
"282" 236.423334411832 34.2337204283872 1
"283" 9.25749732180034 4.50628190017395 0
"284" 280.185676690313 45.0607959767729 1
"285" 23.7368589515491 -9.86882306405037 0
"286" 274.658487802572 44.7536326675055 1
"287" 10.0697562428198 3.69697656226613 0
"288" 18.762865361968 -5.00472429810981 -1
"289" 262.383896496615 43.0763122794292 1
"290" 219.315788271033 23.4202406945781 1
"291" 240.799385314861 36.3089375205085 1
"292" 57.9149004569643 -34.9707979026062 -1
"293" 319.707967327701 -13.8365885174044 -1
"294" 116.806309524866 52.4623974157391 0
"295" 316.138616117742 -22.6719343770947 -1
"296" 183.13192577297 -59.8152348990652 -1
"297" 346.747623979604 46.011278181049 0
"298" 311.916554351643 -31.7314580867022 -1
"299" 323.432319636787 -3.79971740476805 -1
"300" 312.132288381786 -31.3076136817141 -1
"301" 61.2893757781572 70.0472944451209 0
"302" 330.35120723835 14.9991662801804 0
"303" 254.987794967829 -68.9776762362778 -1
"304" 178.119015559225 -56.7044353522237 -1
"305" 73.6553508575691 69.1353439383881 0
"306" 6.98957203744459 61.7571159847879 0
"307" 154.718092689403 -25.5131364827203 -1
"308" 14.5458293856687 64.700965890328 0
"309" 326.134893521363 3.68123758926165 -1
"310" 346.349520962229 45.5123552768723 0
"311" 349.218389738455 48.8878231849822 0
"312" 321.28448778279 -9.66130165148203 -1
"313" 322.343458974112 -6.79022490555071 -1
"314" 327.926845326745 8.58532461685441 0
"315" 334.574477931709 25.1927803310962 0
"316" 211.435340400946 -68.5476954744605 -1
"317" 321.587476814486 -8.84447668642768 -1
"318" 271.256705585814 -65.8462301141503 -1
"319" 334.005776499491 23.9062630632841 0
"320" 317.771269962524 -18.7513128442267 -1
"321" 292.453882814629 -56.016275961221 -1
"322" 328.566216998846 10.3068421454483 0
"323" 168.313748591131 -47.8770429887558 -1
"324" 321.898699957527 -8.00141250238097 -1
"325" 277.351345912129 -0.969650582921325 0
"326" 328.901097832396 -15.7634568559303 0
"327" 258.609195098615 5.45344370566939 1
"328" 246.278486208391 9.34725775960474 -1
"329" 293.455824599593 -6.41976176153575 1
"330" 342.555899410514 -17.8545219456065 1
"331" 294.864899169407 -6.8747392602146 1
"332" 267.523695979097 2.43658390259757 0
"333" 209.992410914775 17.4192153158672 -1
"334" 269.12436550881 1.88457729185561 1
"335" 68.1036980488212 -8.79814817320996 -1
"336" 267.959153446686 2.28662266401823 0
"337" 261.645368500176 4.43964288751875 0
"338" 46.2118261376749 -14.5520386152316 -1
"339" 257.97290061802 5.66366172571585 0
"340" 358.6881020274 -19.0650150081705 1
"341" 245.89770028691 9.46044581406402 -1
"342" 248.586604393176 8.65109566486485 -1
"343" 326.746930131452 -15.3480475879188 1
"344" 332.149028028217 -16.3466121040987 1
"345" 9.9238542415733 -19.0803858483169 1
"346" 39.0893900916657 -15.9718134873784 1
"347" 263.540999386403 3.79873373908245 1
"348" 282.704225900927 -2.81802595824912 0
"349" 273.617707870664 0.32699361533494 1
"350" 40.5392544563356 -15.702722902121 1
"351" 334.348127688152 -16.7114879320267 -1
"352" 273.882787343177 0.234911300557709 1
"353" 204.068606097942 18.1322043995331 -1
"354" 42.9295633578242 -15.2366601583688 -1
"355" 335.290160105868 -16.8602970432763 1
"356" 106.679485178529 32.7124815070994 -1
"357" 270.285993059032 24.6048477679364 0
"358" 268.679009208429 29.4764709354273 1
"359" 268.43632623361 30.1736043128877 1
"360" 267.934028668827 31.5842322951048 1
"361" 267.178190619112 33.6253110374368 1
"362" 270.912940686543 22.5861700191468 1
"363" 268.376249644624 30.3446107916859 1
"364" 271.095174081733 21.9873906467761 0
"365" 266.864263342316 34.4445168581724 0
"366" 270.209641872227 24.846241579799 1
"367" 271.162269564923 21.7655911029588 1
"368" 268.331690682011 30.4710444262755 0
"369" 268.856577643188 28.9599438633275 1
"370" 267.099348318931 33.8326171872506 1
"371" 268.66498499246 29.5170338873612 1
"372" 268.819947330065 29.0669430206566 1
"373" 264.734473914729 39.574952544066 1
"374" 265.061854936137 38.8333933866282 1
"375" 267.081250385322 33.8800551467959 1
"376" 266.958024661885 34.201582576475 1
"377" 270.344045096372 24.4206571950354 0
"378" 97.5801769784241 1.85228138024802 -1
"379" 273.843192919588 12.3678975413886 0
"380" 267.634206568534 32.405557910497 1
"381" 101.957964401706 18.0999708558402 -1
"382" 259.295769625658 49.723652208355 0
"383" 269.021036969523 28.4766962366245 1
"384" 259.799403334458 48.9365827997635 0
"385" 269.976949321799 25.5758909497036 1
"386" 235.275255875914 -32.0291572674001 1
"387" 213.017942149699 -24.5517839257195 -1
"388" 307.41053221342 -26.5122935365289 1
"389" 334.534948546665 -12.2776417282445 1
"390" 307.967888415387 -26.2892046135701 1
"391" 260.744988486306 -35.1248820875144 -1
"392" 174.835310708126 -1.60986899923927 -1
"393" 265.211813711283 -35.1090385627926 1
"394" 223.805090758424 -28.7647497939272 1
"395" 264.003182646183 -35.1295036110242 -1
"396" 239.938909100742 -33.012848258871 -1
"397" 186.837471016245 -9.85561632166653 1
"398" 240.019166254766 -33.0280886441318 -1
"399" 341.50029542522 -7.68017224629564 1
"400" 212.337255392648 -24.2480080817234 -1
"401" 217.111391040363 -26.2834869716773 -1
"402" 327.810440224359 -16.4098831488135 1
"403" 330.490259406508 -14.8044479750201 1
"404" 166.466204864872 4.26361266553143 -1
"405" 184.166259637717 -8.06822722185528 -1
"406" 250.266711628714 -34.5165146104925 1
"407" 337.627981797563 -10.2702728565772 1
"408" 272.880642987398 -34.698428889832 1
"409" 183.775473821614 -7.80377791802441 -1
"410" 324.976445737654 -18.0429309603158 1
"411" 282.097530886143 -33.553560769812 1
"412" 170.441716093738 1.48086600633014 -1
"413" 200.756076570784 -18.4015872809052 1
"414" 331.260079827768 -14.3328035398767 1
"415" 279.516464577546 36.1957135962215 0
"416" 271.587175218389 26.4469105659541 0
"417" 273.704394745495 29.2976274725195 0
"418" 272.423319977626 27.594524624599 0
"419" 271.678709576241 26.5739247087319 1
"420" 274.381812424074 30.171196347963 0
"421" 271.594322726772 26.4568407436765 0
"422" 142.179206605748 -58.8581054195478 -1
"423" 270.162444903643 24.4264167877858 1
"424" 297.12298502631 50.1003448759904 1
"425" 275.580769407512 31.6716966545443 1
"426" 255.759771539133 0.334365427625144 1
"427" 275.520041513439 31.5970912439753 0
"428" 279.326463882621 35.9911005026355 0
"429" 280.549065887229 37.2840513510112 0
"430" 276.770010904786 33.1029217344055 0
"431" 276.829949979833 33.1735648955065 0
"432" 276.079548374314 32.2788506328328 0
"433" 278.837429768686 35.4581507610405 0
"434" 270.559584039791 24.9978080905985 0
"435" 256.76478514454 2.14548078320731 0
"436" 274.220386831694 29.9647223800981 0
"437" 277.041104741082 33.421294908855 0
"438" 249.03873570144 -11.5985758489419 0
"439" 268.847234351793 22.4896435819995 0
"440" 272.804078204989 28.1076990991218 0
"441" 134.376635221239 -57.0439545363968 -1
"442" 270.726161562883 25.2355985235769 0
"443" 268.906879869552 29.6382445184516 1
"444" 270.377030620266 30.6602231271167 1
"445" 270.053583679515 30.4385982654198 1
"446" 272.88429877416 32.3171908982815 0
"447" 269.891378615156 30.3267734338945 1
"448" 272.260172286431 31.9147661959297 1
"449" 252.331912676131 15.5352971693175 1
"450" 270.949391128568 31.0479725443388 0
"451" 282.831309581533 37.8741150585067 0
"452" 270.763218840006 30.9224690276861 0
"453" 269.453433240732 30.0225704690163 0
"454" 272.941442966971 32.353706480965 1
"455" 271.824737773327 31.6300827439227 1
"456" 273.95992821477 32.9952970472189 0
"457" 275.470177562871 33.9148011415141 1
"458" 275.483634453303 33.9228248229431 1
"459" 273.624556140657 32.7859558505134 1
"460" 278.075242751835 35.4132353613236 1
"461" 273.7494346817 32.8641259971645 1
"462" 62.0565909295361 -4.82212977702265 -1
"463" 274.302781213811 33.207363615335 1
"464" 274.290061258522 33.1995309024025 1
"465" 231.794915514048 -6.3741798418978 1
"466" 267.269192624683 28.4553797343234 1
"467" 267.462795853812 28.5976666441472 1
"468" 354.553138700128 44.3513230854219 -1
"469" 265.812159566918 27.3633891929318 1
"470" 266.780929762857 31.9982216653317 0
"471" 327.964697340452 -45.2314659104513 1
"472" 271.640478039322 26.3809981136701 0
"473" 268.284167189936 30.3451316748072 0
"474" 271.592422077592 26.4404266978962 1
"475" 265.67055182217 33.1713056236149 1
"476" 270.541872526426 27.7202420557627 0
"477" 272.98142967354 24.6916592654735 0
"478" 268.195830031489 30.4443577931091 1
"479" 269.106823884621 29.4085144460445 0
"480" 264.470221255019 34.3942540547423 0
"481" 268.881549652839 29.6672524341609 0
"482" 269.162010163263 29.3448705129568 0
"483" 253.077399625906 43.8619138138578 -1
"484" 255.628923619613 42.0519923838997 -1
"485" 264.673820086479 34.1900905652464 0
"486" 264.984767629663 33.8757101650755 0
"487" 271.264068472901 26.8444167781482 1
"488" 292.291209759575 -4.55418391564482 0
"489" 274.06598583706 23.2818971847732 1
"490" 266.553442900777 32.2418559250959 0
"491" 301.975224667066 -19.322922953294 0
"492" 265.98949019347 32.8384946421534 1
"493" 269.97656166718 28.3935750450267 0
"494" 71.8693682965365 -44.6632892292017 -1
"495" 273.618377669021 23.8683844470883 0
"496" 269.599123567956 30.9614105067755 1
"497" 272.352592955718 29.8658151880969 0
"498" 271.299620480862 30.2945234323895 0
"499" 272.018700856411 30.0030679252445 1
"500" 265.121760104893 32.5692976828059 1
"501" 270.875849809274 30.4636468714873 0
"502" 275.510947482165 28.5068059393424 0
"503" 270.036740319306 30.79277969852 1
"504" 269.92099332071 30.8375825118822 0
"505" 251.00961263616 36.3038157568249 0
"506" 270.3556457517 30.6685902679895 0
"507" 270.672759902465 30.5440068287324 0
"508" 297.942173262515 15.682674131133 1
"509" 306.617146483313 9.39453054320826 1
"510" 257.521871623943 34.823949754143 0
"511" 262.493372464353 33.4153645528753 0
"512" 272.454283807305 29.8237707147996 1
"513" 331.178072775667 -9.78786219018861 0
"514" 274.198967924955 29.0847192991294 1
"515" 266.230193802007 32.1909869746376 0
"516" 339.48791387242 -15.7900426939659 -1
"517" 266.181190879279 32.2079839575737 1
"518" 277.789156836599 27.4577491974975 0
"519" 242.336534938104 37.6636625704235 1
"520" 13.6948177120738 -33.0744623168121 -1
"521" 271.991500211931 28.1275575817469 0
"522" 270.154171553005 30.3219013397309 0
"523" 271.816364219587 28.3418652979167 1
"524" 266.630966925319 34.1995592841999 1
"525" 270.768883907206 29.6010043086332 0
"526" 273.761804954447 25.9005414497452 0
"527" 269.786232801512 30.7470371241776 1
"528" 269.835738446114 30.6901124883627 0
"529" 266.949733547145 33.8662859663643 0
"530" 270.038393009167 30.4561907947924 0
"531" 270.248617530147 30.2120060316075 0
"532" 257.336674278312 42.4969336937563 0
"533" 259.368104797692 40.9042643847608 0
"534" 266.914691480148 33.9030912079034 0
"535" 266.672331737736 34.1565061729342 0
"536" 271.841275273787 28.3114486507645 1
"537" 293.591715455732 -4.78041224668282 0
"538" 274.114015195372 25.4443307538767 1
"539" 268.230992251268 32.4917572681542 0
"540" 302.87020994386 -19.3268212025923 0
"541" 265.047810002449 35.8042768633444 1
"542" 271.930433039986 28.2024064083276 0
"543" 253.147439840071 45.4372687969682 1
"544" 276.290512128413 22.5299441092476 0
"545" 272.435706619704 30.2574958339284 1
"546" 271.508215430564 25.7085068814543 1
"547" 275.383827693184 42.1809208396696 0
"548" 268.609846114645 9.21884355812377 0
"549" 270.586349578258 20.8085766319054 1
"550" 272.646827994215 31.2382598814187 0
"551" 274.104121472967 37.4619290121248 1
"552" 272.895322055796 32.3666528663137 1
"553" 272.880162888485 32.2986187916436 1
"554" 272.857589788017 32.1971181804335 1
"555" 273.519815228746 35.0795403578636 1
"556" 273.495970282702 34.9791490538361 1
"557" 273.015757161026 32.9034697474123 1
"558" 273.511027280634 35.0425708281642 1
"559" 272.227251124411 29.2691698849299 0
"560" 267.16174556264 0.151307630361486 1
"561" 274.462084391276 38.8492579614675 1
"562" 273.055665004068 33.0799066344131 1
"563" 84.6502642814812 15.3341162641376 -1
"564" 270.025356392502 17.6547551102615 1
"565" 272.005186811171 28.1945260770335 1
"566" 280.439016008496 55.4733589697095 -1
"567" 271.359577757338 24.943442026139 1
"568" 272.051978953975 30.2711025281959 1
"569" 263.109509975354 30.2706851847801 1
"570" 270.856199602131 30.306307255377 0
"571" 276.586874396765 30.0384517077236 0
"572" 267.706378442411 30.3469273555491 1
"573" 269.62940668618 30.3311070088891 0
"574" 281.428112348735 29.6162010966687 1
"575" 269.847451553644 30.3275365391267 0
"576" 270.382557218853 30.3172400932928 0
"577" 281.975038335488 29.5571517119406 1
"578" 282.887378051158 29.4535038170945 1
"579" 289.664431947889 28.4809601829274 1
"580" 243.99923114799 28.2152553293015 0
"581" 272.63065702141 30.2501530049458 1
"582" 15.8860592955713 -10.4158340863936 0
"583" 274.225664056978 30.1791873416261 1
"584" 254.213821743957 29.6649144729616 0
"585" 10.7971694148812 -7.62041712954001 -1
"586" 266.732317105195 30.3442030756808 1
"587" 244.363799361087 28.2810476970005 1
"588" 230.14247449001 24.9298056574128 1
"589" 258.613461525392 30.0402738729465 1
"590" 273.520747283396 40.6794556158756 1
"591" 356.110862812932 84.6959602961174 -1
"592" 271.051645143045 21.5828859039691 0
"593" 272.163678071647 31.1600681871784 1
"594" 272.730062712849 35.4158573451667 0
"595" 272.338874840403 32.5212375560634 0
"596" 272.259241751401 31.9075469026821 0
"597" 272.237365913181 31.7375009772255 0
"598" 272.745296502178 35.5245894060371 0
"599" 272.724149310114 35.3735703147714 0
"600" 272.404172649499 33.0182453264776 0
"601" 272.665908373486 34.9546973036956 0
"602" 271.800474029808 28.209116612312 1
"603" 268.931873924415 -0.190693353267624 0
"604" 274.765587600514 47.5405113819539 0
"605" 272.403298848629 33.0116313219149 0
"606" 267.43780942926 -15.8820838003493 0
"607" 270.454962755318 15.8188352690076 0
"608" 271.80128769033 28.2159221182602 0
"609" 96.4519857256901 -54.6191394289521 -1
"610" 271.418224746772 24.9161851687721 0
"611" 272.133459952234 39.4953594999675 1
"612" 134.100111302001 -57.9109460683137 -1
"613" 262.123691120878 29.0917014800848 1
"614" 281.314880057483 46.3414882118142 1
"615" 266.425777566557 33.9825633865819 0
"616" 252.983009890065 16.5331929447988 0
"617" 246.592057800013 6.30477570506135 0
"618" 269.635950477643 37.2139658566648 0
"619" 269.390230772039 36.9787477688961 0
"620" 266.414713499335 33.9708213688262 0
"621" 266.575525434298 34.1410709833848 0
"622" 280.817674897362 46.0262451246008 0
"623" 245.356175000503 4.24451737239437 -1
"624" 274.546408868107 41.5183426869008 0
"625" 264.530680420262 31.9090340861131 0
"626" 237.850950238523 -8.31564965041791 0
"627" 265.832756731478 33.3472194705846 0
"628" 261.95047308117 28.8809292844311 0
"629" 130.653641562115 -57.3294280714635 0
"630" 261.939720050606 28.8678093259565 0
"631" 269.590469088989 19.1202813432666 1
"632" 270.937364562178 30.9529028143408 0
"633" 271.20059343143 32.9902421864288 1
"634" 271.179939687608 32.8336711781368 1
"635" 270.95126582492 31.0627747979704 1
"636" 270.908920453421 30.7272938071436 1
"637" 271.633681063538 36.1462777699655 1
"638" 271.603063602014 35.9310418944534 1
"639" 271.232237084073 33.2290449628427 1
"640" 271.447260021471 34.817318741847 1
"641" 270.083118516988 23.7144344332579 0
"642" 267.750328877332 0.0375892143063969 1
"643" 275.06004793336 53.9068670863089 1
"644" 271.18535520528 32.8747788049608 1
"645" 266.256660331494 -15.654548713173 1
"646" 269.616277241437 19.3680432836653 1
"647" 270.615087880278 28.3342356807538 1
"648" 275.169252946635 54.3079841767001 -1
"649" 270.276980614177 25.440302904928 1
"650" 278.006969371396 31.9767992219294 0
"651" 60.3687104016673 32.4518736438032 1
"652" 277.307845038886 31.0343301250051 1
"653" 282.609073224376 37.624952924139 1
"654" 284.127825434978 39.286472702406 1
"655" 278.171361893377 32.1951059410455 1
"656" 278.278329253155 32.3364807074793 1
"657" 277.921690308329 31.8630572237327 1
"658" 280.829261674132 35.5527147206125 1
"659" 266.805313450727 14.1904574639904 1
"660" 260.137264903258 1.50354139186775 1
"661" 274.1374503896 26.4723591461821 1
"662" 279.215891625945 33.553012358134 1
"663" 252.798493851462 -12.5959336886912 1
"664" 269.650985720922 19.2240558354706 1
"665" 275.052536658463 27.837663200818 1
"666" 312.065170157329 57.2346629315355 -1
"667" 272.730584701876 24.2971023850321 1
"668" 269.878372778203 30.7639228813426 1
"669" 275.36993618635 31.6429108975311 0
"670" 270.729171636435 30.9164893764918 1
"671" 271.278342829723 31.0117607003772 1
"672" 278.428380218979 32.0249031621578 0
"673" 278.744639490372 32.0600564738781 0
"674" 277.625377871403 31.9319946593028 0
"675" 330.412439623123 26.9512923964049 -1
"676" 273.074490074401 31.3058588731927 0
"677" 216.099599094971 8.6391109178707 -1
"678" 274.258306223935 31.4851019618713 0
"679" 305.151203020198 32.1702572437136 0
"680" 206.253543712714 2.43647034186383 0
"681" 266.786095935946 30.1582599613164 0
"682" 261.35535722 28.8980480738525 0
"683" 220.083941373904 11.0399525339147 0
"684" 261.652252081498 28.9734823725968 0
"685" 271.115531132664 32.850658813806 1
"686" 269.488297174448 30.0838700121621 1
"687" 268.995878759516 29.2101849376441 1
"688" 272.785935621638 35.5014816585737 1
"689" 272.70787297689 35.3817942064538 1
"690" 271.335696257771 33.2109172747462 1
"691" 272.413837240889 34.9273160214242 1
"692" 280.353855785304 45.321297719282 1
"693" 256.528063915377 2.19026836479179 1
"694" 274.434681515185 37.9358791739584 1
"695" 271.125955298495 32.8677911728044 1
"696" 250.571208292335 -12.0120891926878 1
"697" 267.710348295642 26.8492885819143 1
"698" 268.60826382573 28.5104999961504 1
"699" 295.863997673055 57.3644683387886 -1
"700" 267.589813275342 26.6220085344688 1
"701" 272.960057073751 32.348475597272 0
"702" 273.035189760199 32.3273280808764 0
"703" 282.371309534206 29.2674888345518 1
"704" 284.216245273898 28.5591559508574 1
"705" 266.579248585023 33.9487673657142 0
"706" 266.07245409608 34.0595437595182 0
"707" 273.461502339274 32.2063030171812 1
"708" 345.75126449133 -10.6947146617017 0
"709" 274.270702662657 31.9717433787859 1
"710" 271.073832835766 32.8616356046565 0
"711" 349.904221996307 -13.528965929584 -1
"712" 265.576584766421 34.16564459964 1
"713" 294.776197263699 23.8274119789072 0
"714" 241.254251371834 36.7169287154719 1
"715" 47.9015752085689 -35.9866922093122 -1
"716" 273.662717415793 32.7824390836167 0
"717" 275.514515885623 33.8875807423041 1
"718" 275.530788622387 33.8970470016239 1
"719" 273.657818340957 32.7794414449696 1
"720" 278.258280002896 35.4244633199098 1
"721" 273.732122478777 32.824864374062 1
"722" 61.5752744722907 -4.90502324208382 -1
"723" 274.301801276528 33.1701218262746 1
"724" 274.361646773374 33.2060849634723 1
"725" 51.2415678165313 6.19212502846856 -1
"726" 267.251934269679 28.5172224869259 1
"727" 267.372830099545 28.6040995170887 1
"728" 356.188051199254 43.2902588508976 -1
"729" 265.725484338903 27.3987179123965 1
"730" 275.365670612048 33.9788290215012 1
"731" 275.372444661149 33.9834762708189 1
"732" 273.658392514701 32.7793289074225 1
"733" 277.458825518009 35.3733675543076 1
"734" 273.736917014386 32.8357414180465 1
"735" 64.9249349605417 -4.32089810740547 -1
"736" 274.303622162095 33.2392979791224 1
"737" 274.241005528606 33.1950153387251 1
"738" 55.0966544620208 7.44488966670901 -1
"739" 267.42159994047 27.9060137266075 1
"740" 268.184015899299 28.5439219647359 1
"741" 344.907509421741 49.4889595272209 -1
"742" 266.46968142491 27.0929039361654 1
"743" 275.241494944255 34.054667411324 0
"744" 279.085177261682 31.5847044980484 0
"745" 273.572767153327 35.0487535750697 0
"746" 274.489657458119 34.5083009778693 1
"747" 320.400346994151 -8.70980705376769 0
"748" 274.33997292791 34.5974856415304 1
"749" 276.345771515455 33.3710726160801 0
"750" 328.954749264953 -17.5336583995474 -1
"751" 263.547515466345 40.093893500159 1
"752" 286.851908227435 25.794913231526 0
"753" 251.367460369643 44.3496054632166 1
"754" 315.717308058751 -3.57190242662985 0
"755" 279.839408108431 31.3977075024555 0
"756" 273.395615782427 35.0309269007583 0
"757" 274.47124122748 34.4682094101354 1
"758" 324.708550553666 -9.18012552806525 0
"759" 274.338373862509 34.5386481225766 1
"760" 276.464105792121 33.3798975881794 0
"761" 332.819579916543 -16.9597293055876 -1
"762" 263.834096182174 39.3143632801695 1
"763" 288.606299569851 25.4007412647167 0
"764" 250.022004333492 43.480784659472 1
"765" 327.235096252931 -11.6810761918637 0
"766" 265.924561899033 34.0351563058258 0
"767" 273.707796957626 32.7696348049043 1
"768" 356.352800256694 -10.9315556844194 0
"769" 274.288308521386 32.6541148842557 1
"770" 272.426476836951 33.0141170875041 0
"771" 357.390552812293 -11.6024860831319 -1
"772" 265.604887212784 34.0760162350245 1
"773" 315.34343848021 16.5154681252888 0
"774" 238.847569388089 34.4888543731508 1
"775" 60.2329600664682 -34.612562304177 -1
"776" 274.79378477185 35.1644201977906 1
"777" 28.9228265002622 -9.40598585971687 0
"778" 274.354390989327 35.1242442014289 1
"779" 14.7802658376718 0.564143718938849 0
"780" 21.3442134872307 -4.1288612035012 -1
"781" 265.633082601243 33.986531429406 1
"782" 244.107984005528 28.2553773426803 1
"783" 46.5164611884319 -20.2443947381787 -1
"784" 254.108034040508 31.455134971955 1
"785" 262.689485626262 1.01389341564155 0
"786" 274.328001398734 34.1549687513768 0
"787" 273.880994454767 33.1612731620898 0
"788" 258.05288887274 -13.888898620211 0
"789" 269.172399090716 21.186110797922 0
"790" 271.803109303981 28.2157323440928 0
"791" 110.318300125797 -56.9243576449012 -1
"792" 270.660361107221 25.2657140849303 0
"793" 273.591610322469 -1.08914010713983 1
"794" 29.8526522793311 -9.31474840383653 1
"795" 359.813165503486 -10.9300022598406 -1
"796" 274.190994247865 -1.20428050508573 1
"797" 187.889513689122 10.775242877344 -1
"798" 38.3283814719915 -8.37251502592536 -1
"799" 323.382520672899 -9.04081416145217 1
"800" 274.302605351157 33.2006824178284 0
"801" 273.290774311984 -16.9066260641014 0
"802" 273.637149725163 1.38180474945925 0
"803" 274.171834021568 27.9479508002204 0
"804" 95.0803561638497 -54.2857377753792 -1
"805" 274.073943968751 23.645289868921 0
"806" 21.6676869244045 -4.01833459254829 -1
"807" 266.188327654656 32.1843342496981 1
"808" 251.00761230624 28.7770367244493 1
"809" 224.950207833473 18.1003981956864 1
"810" 257.371270588079 30.4501051392573 1
"811" 277.823072709094 -17.579639256782 1
"812" 185.134227876311 9.37661548604105 0
"813" 213.009076395067 0.0746109364236507 1
"814" 154.896559775526 16.6195129384596 -1
"815" 267.22472863701 28.6145582772258 0
"816" 259.723587168431 48.9013170901588 1
"817" 267.79536227429 26.5342125254211 0
"818" 231.301481211155 26.3414188555544 1
"819" 261.899931093942 28.8824849732552 1
"820" 239.156718749384 34.7847396253448 -1
