"ra" "dec" "antirad"
"1" 127.582555524426 3.90050255149798 1
"2" 57.3900857514696 29.7820839838427 1
"3" 101.265587725548 17.7394860118715 1
"4" 115.094864776709 10.9120016260935 1
"5" 120.490292064609 7.95448578314453 0
"6" 10.0866275068014 25.934000655257 1
"7" 116.975147198751 9.89662944540865 0
"8" 250.387384809459 -27.814756479314 -1
"9" 125.228429336185 5.26216335472983 0
"10" 313.686863166117 -0.327909310582566 -1
"11" 119.892580356613 8.28843796714315 0
"12" 239.761399465763 -29.5215856781214 -1
"13" 89.0997080198104 22.6171290836677 0
"14" 124.55863702783 5.64704905465764 0
"15" 107.746279634156 14.6928990774603 1
"16" 141.49975299005 -4.24447076361643 1
"17" 81.8906339631141 24.9541451107811 0
"18" 122.924471143145 6.58057552876974 0
"19" 87.8199669884444 23.0625688322566 0
"20" 124.417384485481 5.72805745127218 0
"21" 222.607694583902 -30.4320950383002 -1
"22" 132.318271809236 1.13186442634125 0
"23" 119.12452312495 8.71542315679863 0
"24" 331.683122398165 9.98837689003997 0
"25" 81.2018679614037 25.155451832932 0
"26" 164.708889330385 -16.5918063060962 -1
"27" 72.1789227568135 27.4390719328038 -1
"28" 176.476467871599 -21.5541925169459 -1
"29" 48.201622858033 30.3826188579159 0
"30" 273.87500270137 -20.8397124266001 -1
"31" 18.4817893363798 27.891053623789 0
"32" 116.284668976698 10.2715288540138 0
"33" 19.4695740617391 28.0842817109042 1
"34" 57.0244594512621 29.818378425696 -1
"35" 21.2640389049124 28.4155186779749 1
"36" 18.7878850790103 27.9517601274266 1
"37" 29.588581277654 29.6211276963386 0
"38" 317.838863373648 2.10983041072034 -1
"39" 111.28565613676 12.9115756916154 0
"40" 109.700338527199 13.7190621318962 0
"41" 3.65768436206761 24.0512829040011 1
"42" 63.4786035875667 29.0252905904615 1
"43" 110.371373082866 13.3791283175193 0
"44" 90.1717842950198 22.2338717608282 0
"45" 242.99344697316 -29.0961836748984 -1
"46" 141.338105252446 -4.15072082426863 1
"47" 133.963329781775 0.165440383761476 0
"48" 104.711965981611 16.1555447541351 0
"49" 46.7433042353385 30.4185148496444 -1
"50" 310.301167331047 -2.31456697452162 -1
"51" 310.101890408893 -2.43118811343695 -1
"52" 126.592418022343 4.4747711007254 0
"53" 109.082974315828 14.0293469427814 0
"54" 151.393693758101 -9.83078203186875 -1
"55" 355.505448317067 21.1849606676304 0
"56" 339.861479195124 14.2563812941018 0
"57" 345.652276419036 17.0275766893377 0
"58" 344.43572272211 16.4644528915983 0
"59" 67.2019926817369 -8.30218993295675 0
"60" 177.976918130857 11.4562518957724 1
"61" 101.238282598325 -1.75213577722223 -1
"62" 116.338038854897 1.52272250918005 1
"63" 184.012369908912 11.8521119753948 1
"64" 121.243054494066 2.57371540445784 1
"65" 58.504135278236 -9.57293097923528 -1
"66" 124.578047914992 3.27708124035417 1
"67" 140.868752106819 6.49468833546232 -1
"68" 114.855440685405 1.20226346356386 1
"69" 191.834267765169 12.1735988165762 1
"70" 107.917567015625 -0.305196456217973 1
"71" 126.001070682329 3.57368319412617 1
"72" 138.461488638564 6.04810116499884 1
"73" 118.644297609854 2.01891344086152 1
"74" 77.2721475704532 -6.58593432289901 1
"75" 122.785019574646 2.90025903899245 1
"76" 101.327074909821 -1.73302383321186 1
"77" 123.051100322553 2.95638323000604 1
"78" 39.0193756920713 -11.5766814257048 -1
"79" 124.464466349 3.25331018891968 0
"80" 121.030051822612 2.52844226158778 1
"81" 154.310528206595 8.74501850111272 -1
"82" 40.225354040944 -11.4892791312151 1
"83" 174.083463374445 11.1342158063307 1
"84" 155.289290951021 8.89082709750614 -1
"85" 164.796803795341 10.163041136733 1
"86" 158.68986488443 9.37645192960043 -1
"87" 94.2482446827843 -3.23825596244315 -1
"88" 140.32625172636 6.39507736600374 -1
"89" 119.370343703441 2.17442454233016 1
"90" 47.55189924989 -10.8518034870235 -1
"91" 136.777661858112 5.72892847409712 -1
"92" 118.187413013804 1.92087071878616 -1
"93" 82.7548515710481 -5.55774990117516 -1
"94" 184.715506732961 11.8899249613072 -1
"95" 130.628258710919 4.52062714955676 -1
"96" 79.829996323163 -6.11363050869963 1
"97" 76.5534067117744 -6.71619015147123 1
"98" 167.312617787154 10.4536584315411 1
"99" 184.011528368137 11.8520656727604 1
"100" 80.569222512205 -5.97467956727925 1
"101" 100.096503403917 -1.99746900602216 1
"102" 193.592511346814 12.2156498943922 1
"103" 153.030275303511 8.55033435109155 0
"104" 135.78426875663 5.53813572278502 1
"105" 98.1871720021221 -2.40573898341702 1
"106" 124.876484122959 3.33947293657017 1
"107" 132.124766150862 4.82039782920882 -1
"108" 130.982112278201 4.59181662681302 -1
"109" 125.277491317415 3.42315320878217 1
"110" 80.9219440542762 -5.90800474312619 1
"111" 141.26046900233 6.56623050551218 1
"112" 43.9214772382775 -11.1903242076912 1
"113" 151.760045660725 8.3528166441426 -1
"114" 174.687141360147 11.1875160904426 -1
"115" 157.78990434508 9.25115087026774 -1
"116" 62.9155315950577 9.56753642542363 1
"117" 251.810653784888 25.7842415547366 -1
"118" 78.1983621963704 -43.372977859897 -1
"119" 28.3915300686599 68.3545801230479 1
"120" 220.999337117377 -59.8907637343734 -1
"121" 243.506018429881 -7.13910178627518 -1
"122" 89.3925405493854 -59.8576617634604 -1
"123" 255.267565099293 36.2803631931122 0
"124" 76.963279557065 -40.5711726216636 -1
"125" 237.845688528418 -28.3313373420212 -1
"126" 229.975452452313 -47.8567524291806 -1
"127" 45.1956623254617 55.2078417971018 1
"128" 60.4417975996546 19.275991178702 1
"129" 241.814748913992 -13.9948240508314 -1
"130" 73.4163178106628 -30.9604860819499 -1
"131" 295.669896530939 72.8590156690516 1
"132" 221.928811999019 -58.9656085924554 -1
"133" 82.89505972877 -51.9372134597298 -1
"134" 46.1703996776348 53.9094784901298 1
"135" 61.6137177400727 14.7863620141385 0
"136" 16.3816275381997 72.4661046170199 1
"137" 303.337199255655 74.3537004702502 0
"138" 62.799486865351 10.0408982436672 0
"139" 105.782366186171 -69.9125457572066 -1
"140" 58.6231121915116 25.7584170272036 0
"141" 215.669046731482 -64.2500267009139 -1
"142" 56.496379004303 32.5048909858464 0
"143" 276.039471334937 65.1024776508615 0
"144" 55.6285940695137 34.9943164863199 0
"145" 26.0459858578513 69.3648491685706 1
"146" 257.826467689228 42.5565187796317 1
"147" 57.3788060151364 29.8174638039502 -1
"148" 58.5079514860528 26.1472447639215 -1
"149" 63.6145852832949 6.68943498730944 -1
"150" 49.6667810272676 48.4140280131493 -1
"151" 52.6469140562718 42.4511615053957 0
"152" 68.3160109558625 -12.8216056412541 0
"153" 68.062541494922 -11.8057613107076 0
"154" 41.5283372013862 59.3712458159352 1
"155" 58.3595496149011 26.6443771810559 1
"156" 68.4945759766728 -13.5322564472565 0
"157" 30.4256331953211 67.3701373272139 1
"158" 238.458674321642 -26.312810344867 -1
"159" 258.992407533801 45.04141290802 0
"160" 272.794238304035 62.8110592092989 1
"161" 78.9685826153811 -44.9927947524825 -1
"162" 237.491134534824 -29.4639772546436 -1
"163" 259.577581190803 46.2084835718574 0
"164" 267.924650668017 58.3662665695502 0
"165" 73.3647801419041 -30.8025030098191 -1
"166" 68.6814436419335 -14.2712961766018 0
"167" 222.919070675157 -57.9143608623662 -1
"168" 252.065462495459 26.6406097347201 -1
"169" 31.0396235480625 67.0508726419438 -1
"170" 287.987407880203 70.6987002421475 -1
"171" 24.2887934735547 70.0450848399413 -1
"172" 124.994752691672 19.0982485773603 0
"173" 128.121422189315 19.0515755686026 1
"174" 184.358437451093 9.65845406870035 1
"175" 111.52316491535 18.696531193843 1
"176" 64.3737009977421 9.9928725230108 -1
"177" 129.948353156007 18.9999041780218 1
"178" 153.626114689375 16.7215337939902 0
"179" 128.072919513973 19.0527022346842 1
"180" 199.550502787396 4.86969864051159 1
"181" 94.3453871266442 16.7824564137248 1
"182" 114.817498959646 18.8849766955898 1
"183" 95.6544556938455 16.9823884297576 1
"184" 253.281863194103 -12.4206608309966 -1
"185" 80.1831296085338 14.0772941611178 1
"186" 123.42229543921 19.1017852828911 1
"187" 91.7727515066649 16.3642272243687 1
"188" 131.281561643285 18.9508501229512 1
"189" 40.1197417232631 2.18600328833548 -1
"190" 76.768732946784 13.2837144337043 0
"191" 115.804686648089 18.9301018970839 1
"192" 155.433911301546 16.4275861015322 -1
"193" 61.9985936994361 9.29638664758286 1
"194" 174.509480261886 12.3676095756486 1
"195" 132.035005615518 18.9188978153206 -1
"196" 162.982213742171 15.0250467371569 1
"197" 145.033564290057 17.8897632409513 -1
"198" 93.943529595015 16.7193319593037 -1
"199" 120.013101418818 19.0636272158193 -1
"200" 112.850085002261 18.7794339803917 1
"201" 39.0305326424103 1.81116844723377 -1
"202" 110.78915156426 18.6466233064718 -1
"203" 90.0964887414873 16.0738461748714 -1
"204" 60.2519487324244 8.77229534096244 -1
"205" 186.325263853243 9.07545616314693 -1
"206" 113.831126950247 18.8346591793349 -1
"207" 123.45068138588 19.1018397156296 1
"208" 120.003178084454 19.0634246251725 1
"209" 165.382009483708 14.5215565943221 1
"210" 188.641087959457 8.37310431858041 1
"211" 120.660121603648 19.075690264044 1
"212" 92.6964700686073 16.518235842053 1
"213" 202.867063360736 3.75521470448568 1
"214" 159.936006884633 15.6246072591139 0
"215" 140.345588291988 18.3645643562771 1
"216" 105.484513357859 18.2005655723577 1
"217" 278.521441147904 -17.3895788956487 -1
"218" 142.373770271479 18.1733973433569 0
"219" 136.97732494421 18.6337388688056 0
"220" 144.675833250434 17.9300778058489 1
"221" 117.181032143661 18.9842674270269 1
"222" 133.226561672203 18.8621362586067 1
"223" 29.8808467033755 -1.35314598938403 1
"224" 148.353593195851 17.4836737028616 -1
"225" 175.028986349479 12.2341771938668 -1
"226" 155.896359774642 16.3497492457062 -1
"227" 132.096230173954 24.238762283718 1
"228" 177.994397766435 41.9009033740367 1
"229" 115.930969778149 11.6420173473659 1
"230" 228.343584204412 37.2113088955635 1
"231" 131.88480156286 24.0955044690646 1
"232" 215.784721455436 40.6211166062232 0
"233" 133.054651063488 24.8804605541507 1
"234" 155.735023801257 36.4463037064362 1
"235" 285.789383838417 -2.47480048061043 -1
"236" 118.610342417132 13.938042842515 1
"237" 116.915979036762 12.4940507032014 1
"238" 288.307470502272 -4.79995728837474 -1
"239" 254.667573380117 23.8885330999362 -1
"240" 123.36909619774 17.8296688919817 1
"241" 281.305058769581 1.6901559753803 -1
"242" 135.844329901228 26.6761242628573 1
"243" 216.068373556961 40.5621961374921 1
"244" 110.519047037335 6.82195163198361 -1
"245" 117.711875413455 13.1758549571163 1
"246" 159.241704183612 37.6556240746883 -1
"247" 170.384879216031 40.6048082408556 0
"248" 188.165368567325 42.8002227258528 1
"249" 127.02025632696 20.6322827522557 -1
"250" 153.70613204967 35.6808632872115 1
"251" 132.31740865322 24.3879700222247 -1
"252" 274.321373487053 8.09577761547254 1
"253" 122.895785387726 17.4542538729592 -1
"254" 115.795463041038 11.5241176723774 1
"255" 243.453364359239 30.6835778597124 1
"256" 119.554499621936 14.730072039745 -1
"257" 290.004602784649 -6.35373234220817 1
"258" 271.278469324175 10.8024916313455 1
"259" 164.658663984085 39.2530718103658 -1
"260" 119.267374382556 14.4901996777173 -1
"261" 127.250097751121 20.8030100874378 0
"262" 132.090409405773 24.2348265079117 0
"263" 153.331332269437 35.5340611493764 1
"264" 146.289792808243 32.4513238047882 1
"265" 132.522699997854 24.5258590876361 0
"266" 280.329318440891 2.5950715365375 -1
"267" 155.541561332258 36.3754262390491 1
"268" 202.114082680928 42.5543765980056 0
"269" 146.316466100873 32.4641959070508 1
"270" 277.09407632542 5.57700187844188 -1
"271" 113.721777192002 9.70053420019936 1
"272" 165.05276889087 39.3569476809169 0
"273" 143.149869955977 30.8704407470518 0
"274" 46.2835286600924 -37.887591691728 -1
"275" 141.834535052416 30.169054833647 0
"276" 130.257153043566 22.9722101790505 1
"277" 251.102076519347 26.2369865006942 -1
"278" 142.686087599003 30.6257966809919 -1
"279" 187.958180835398 42.7910727497282 -1
"280" 150.234928907485 34.2554105944834 -1
"281" 174.104466109829 53.2019602528817 -1
"282" 119.241744636052 6.03706225112107 0
"283" 214.049466973062 57.1026614725892 -1
"284" 131.790732082316 23.8569082190716 0
"285" 95.5732899441926 -27.901235271188 -1
"286" 128.585105838806 19.6804499024935 1
"287" 147.242758041427 39.5535579516291 0
"288" 111.867841131835 -5.44772163784549 0
"289" 121.667068235095 9.74213520940267 0
"290" 122.491615505421 10.9812694199857 0
"291" 116.952385724385 2.4820325011553 0
"292" 69.1852599246623 -48.4504948946542 0
"293" 123.131384651137 11.9341597406376 0
"294" 107.077832920635 -12.7011282832898 0
"295" 140.815458201189 33.9034519869809 0
"296" 212.909793761239 57.1767344942089 -1
"297" 118.461595392054 4.83025562305921 1
"298" 119.725036375375 6.7815013804958 0
"299" 342.207856543181 -48.7634029488642 -1
"300" 152.992365998955 43.6751387690791 1
"301" 201.370879389569 57.3400763870032 -1
"302" 308.844419971066 -20.0295025855161 -1
"303" 150.061818818961 41.6761369548315 0
"304" 312.243146077044 -24.4213720721072 -1
"305" 274.671662671534 28.9245873010674 -1
"306" 305.772789190364 -15.7771144057149 -1
"307" 118.403014700284 4.73941173086873 0
"308" 258.643260844706 43.0777331295984 -1
"309" 303.663543091748 -12.7206338027812 -1
"310" 297.007158376777 -2.56748880578727 -1
"311" 283.623273506409 17.65212404726 -1
"312" 336.726865014938 -45.9419951414361 0
"313" 302.824118013725 -11.4774839357842 -1
"314" 130.445495126266 22.1415111176218 1
"315" 132.094218642892 24.2362574099985 1
"316" 149.083407093689 40.9624188798581 0
"317" 141.02294084983 34.1046265105918 0
"318" 132.232044227704 24.4075963073125 1
"319" 105.375089831735 -15.1770739184314 0
"320" 146.865583926001 39.2538989017639 0
"321" 73.8096718328858 -46.0503660086982 -1
"322" 152.506567313656 43.3576944173287 0
"323" 81.7443251130632 -40.8884142330706 0
"324" 119.509928783762 6.45048495933017 0
"325" 60.0853790079555 -52.1178704214299 -1
"326" 150.568605896793 42.0365020430732 1
"327" 109.397946612792 -9.23254911292219 1
"328" 134.944455666531 27.6587473288335 1
"329" 130.664667394514 22.4247280553848 0
"330" 91.0795955112523 -32.7476142926626 0
"331" 320.956276538752 -34.0401308702416 -1
"332" 20.2708621250081 -57.3003508883227 0
"333" 327.878825733571 -40.0503707597626 -1
"334" 200.885986894339 -59.6161751873996 -1
"335" 155.083583767079 73.4291448802625 0
"336" 347.061756334861 -64.7006094753337 -1
"337" 180.316008311429 32.3274434990025 0
"338" 174.945287535701 51.1666172782776 1
"339" 182.651540658602 20.0914330960532 0
"340" 197.316757892875 -52.5839745697822 -1
"341" 17.7462656105391 53.5810011034453 1
"342" 187.440318297171 -10.3829672890607 -1
"343" 187.975611116637 -13.7439389082881 -1
"344" 308.392948668823 -79.7661045696221 -1
"345" 133.899799289133 79.0613139680267 1
"346" 202.691625470887 -62.2994017937607 -1
"347" 351.99025813302 -57.5590952273832 -1
"348" 67.0043578739464 80.1447056378788 0
"349" 7.70215075973418 12.0376022003485 0
"350" 35.7407707354492 73.0226247601739 1
"351" 168.70016781986 62.6923671341793 0
"352" 179.037013245421 37.9071416399122 1
"353" 180.972920896009 29.1533981236548 1
"354" 6.99191385070387 7.50915617404296 0
"355" 198.137149668468 -54.4479899261678 -1
"356" 7.46684411417093 10.5514533734822 0
"357" 88.6262046015183 81.2791020857278 0
"358" 9.80145376370371 24.4030862384325 0
"359" 29.7436980602615 69.4136426614127 1
"360" 12.0523676753435 35.4054830867258 0
"361" 9.21106161142346 21.1121964771268 0
"362" 10.3139208933907 27.1260660999124 0
"363" 10.8728148375394 29.9496159713984 0
"364" 3.73777529644954 -13.5680124904665 -1
"365" 12.60333261745 37.7252447903453 0
"366" 180.396865749815 31.9482180008077 1
"367" 180.28106203908 32.490352001037 1
"368" 12.6788951509576 38.0324145015384 1
"369" 184.012489678228 11.8513585320551 0
"370" 359.994815212526 -33.8023165016094 -1
"371" 27.647707817678 67.7216381420724 1
"372" 182.439389708134 21.3092408090317 0
"373" 180.331478300496 32.2551363534466 0
"374" 170.327778347626 60.3633309609445 1
"375" 162.449166580174 69.0289439475837 1
"376" 190.2951819341 -27.0287391834112 -1
"377" 176.82746210491 45.8372927126278 0
"378" 171.263030370769 58.8448072030835 0
"379" 179.816427579043 34.5998333588331 1
"380" 359.463360888418 -36.1333737034681 -1
"381" 197.104842692054 -52.0741232453512 -1
"382" 7.99516000631464 13.8649995901644 1
"383" 25.3456564009483 65.4955097990359 -1
"384" 181.040922524191 28.8126822485116 -1
"385" 35.5329618161481 72.9210005318116 -1
"386" 81.3663595157288 49.0248002075367 -1
"387" 123.224081619503 -0.876337717616679 1
"388" 126.228999650284 -6.08599625814062 -1
"389" 118.808557288297 6.7809683675799 1
"390" 91.4968660139628 42.0930447559801 -1
"391" 157.956008754637 -45.1531695044566 0
"392" 96.9478787478363 37.1513732304054 0
"393" 115.13888203404 12.9492916563603 0
"394" 122.110269409504 1.06437653297776 0
"395" 266.417787924728 -45.8946839795467 -1
"396" 122.678609882514 0.0741252681734544 1
"397" 217.432652481385 -60.0667198399817 0
"398" 122.11728164675 1.05216181694326 1
"399" 47.5953171089582 59.3003462385807 -1
"400" 120.203044755387 4.37810789435591 1
"401" 120.759855628808 3.41304889264252 1
"402" 147.303562610612 -35.9393828643356 -1
"403" 98.844882725207 35.1969362885591 1
"404" 153.320526179888 -41.5743937279295 1
"405" 286.676887557492 -25.716456362997 -1
"406" 206.251776822467 -59.9922524217871 1
"407" 279.992561814379 -33.9517661954691 -1
"408" 93.4731238302319 40.4118077042297 0
"409" 286.899487124102 -25.412915764874 -1
"410" 115.409096958837 12.5050500260305 1
"411" 346.709239733268 50.4340421373779 -1
"412" 291.843020771032 -18.2042600811962 -1
"413" 303.200159878748 0.834662360352699 -1
"414" 322.929413966853 31.0460428667296 -1
"415" 245.263439269338 -55.7556475605856 -1
"416" 289.087387528806 -22.3308041447317 -1
"417" 114.194354874989 14.4872148626604 1
"418" 113.415278044997 15.7372009300394 1
"419" 42.635749790692 59.7769263132123 -1
"420" 96.2881102876392 37.8015932460444 0
"421" 113.686563544034 15.303918470656 1
"422" 243.867757626663 -56.1577844747375 -1
"423" 93.0274589025613 40.8015077797846 0
"424" 131.340176002863 -14.636104881399 -1
"425" 129.767033166525 -12.0657054123465 1
"426" 107.83862487618 24.1117412773548 1
"427" 118.747254571514 6.88603315760187 0
"428" 125.330834050058 -4.53658159797792 -1
"429" 126.467451634452 -6.49571064317515 -1
"430" 122.184317635342 0.935385435441066 1
"431" 112.954163596986 16.4686603687383 1
"432" 233.247760566592 -58.501810863272 1
"433" 144.47164638982 -32.8523498277579 0
"434" 188.895280537757 -57.8993608691669 0
"435" 154.485815614438 -42.5321250935137 0
"436" 182.538231116394 -56.4215917540385 0
"437" 6.82511839619766 -69.9727047268035 -1
"438" 226.511873992666 40.8217080571664 0
"439" 217.104413945833 54.1556334835098 1
"440" 254.215954367241 -36.8142594019436 0
"441" 253.854551019937 -36.0455465789818 -1
"442" 260.128605217444 -47.275030231304 -1
"443" 247.362008162234 -19.3556453025256 -1
"444" 245.478383325913 -13.5501136031756 0
"445" 271.926172447616 -59.7082647524692 -1
"446" 129.424033428329 72.2478288609223 1
"447" 255.499051184265 -39.4141031139016 -1
"448" 24.3900088449846 -63.730138632515 -1
"449" 212.582609013812 58.3453059933269 1
"450" 65.7697413004617 14.4712520121596 -1
"451" 91.1638139427363 59.1338747659267 1
"452" 177.852469934432 71.6476468511998 0
"453" 65.0158333886839 12.0724430613658 -1
"454" 208.037795584269 61.6169516636449 1
"455" 250.181170031363 -27.2753941341946 1
"456" 288.131055315285 -67.822801096709 -1
"457" 73.3490584946028 34.9427719648112 -1
"458" 92.7049573848284 60.270947691358 0
"459" 73.0612627751979 34.3003751070357 -1
"460" 87.0096388028362 55.5366269131139 1
"461" 234.884565641521 20.8397137744733 1
"462" 250.878528240196 -29.0767569400703 1
"463" 248.853640455619 -23.670417771515 1
"464" 243.409169239067 -6.81796779596449 1
"465" 93.7239416676678 60.9724478094603 -1
"466" 255.143912171468 -38.7143593667417 1
"467" 55.3781771368561 -19.3827085613713 -1
"468" 55.696493650998 -18.4282508415947 -1
"469" 100.216824322117 64.6648811519338 1
"470" 252.251174394483 -32.4346695591669 -1
"471" 54.8789671532409 -20.8560743502364 -1
"472" 257.707463423541 -43.4425802265891 -1
"473" 253.039553184881 -34.2514850455464 -1
"474" 222.851224984766 46.9341567013408 0
"475" 192.652914527873 68.4401903659656 1
"476" 182.079394531087 70.9476116327309 1
"477" 250.145357348163 -27.1811543212808 0
"478" 217.171086870328 54.0853050727125 0
"479" 198.229680753388 66.5288228730674 0
"480" 48.1430151660987 -37.6262299223238 -1
"481" 54.2665740908173 -22.6227807522731 -1
"482" 266.013418781677 -54.5394843359844 -1
"483" 235.667401132568 18.5159561507669 -1
"484" 102.881069149381 65.8644202613962 -1
"485" 207.286942137371 62.0850662824612 -1
"486" 116.105362937605 70.0140453015845 -1
"487" 119.711348547257 -11.4966531048201 -1
"488" 131.511394671443 23.1428789163239 1
"489" 140.249142734533 41.4880723957067 0
"490" 118.800938436469 -14.1464495949783 0
"491" 125.0999132918 4.87080613837086 0
"492" 126.719256994036 9.75477256425309 0
"493" 123.711943941232 0.621511954842479 0
"494" 54.8110268728657 -70.731944600371 0
"495" 122.566954006146 -2.89148656494477 0
"496" 114.584273842363 -25.4714444888726 0
"497" 127.287658999528 11.4377222424255 1
"498" 206.026608653165 71.8154397075101 -1
"499" 124.561797170533 3.22735357196934 1
"500" 122.626479628653 -2.70917683018735 0
"501" 351.600824506829 -66.3644663977538 -1
"502" 141.958015124712 44.1760388085293 1
"503" 237.85857763249 70.3287740761902 -1
"504" 310.161674497055 -19.5796041747355 -1
"505" 144.982901136722 48.3408884470978 -1
"506" 312.048570247249 -24.5086333927476 -1
"507" 275.433605641318 55.3164623368312 -1
"508" 308.261833065552 -14.2722206291708 -1
"509" 121.966725422794 -4.72571664734093 0
"510" 278.788946140712 52.0886820611593 -1
"511" 307.123367954541 -10.9533071545698 -1
"512" 303.231962036282 0.852147243388227 -1
"513" 295.513761788252 23.1271372746251 -1
"514" 327.660489757951 -51.4793624958569 0
"515" 306.280875918755 -8.44427169809913 -1
"516" 131.248955599457 22.4645846086405 1
"517" 131.913558205656 24.1682543371738 1
"518" 143.658990635205 46.6054687868688 -1
"519" 136.805221873346 35.2269744981807 0
"520" 131.965038327134 24.298270771002 1
"521" 112.500499102938 -30.3848066953896 0
"522" 139.933422032191 40.9625108375844 0
"523" 112.385143161548 -30.6427968629585 -1
"524" 230.030351773396 71.2367714944594 -1
"525" 14.5262039964213 -70.9953173434305 -1
"526" 124.643107929421 3.4761135326287 0
"527" 119.354217957526 -12.5430819275614 -1
"528" 102.20017738078 -48.1328341013878 -1
"529" 124.394258510788 2.71439651696169 1
"530" 133.006400338303 26.8668855289868 1
"531" 131.03907144593 21.9169833724525 0
"532" 110.054683415909 -35.5429229245733 0
"533" 318.488494670561 -38.4354325560853 -1
"534" 54.6427092432548 -70.752290682743 0
"535" 324.21708169333 -47.352897879251 0
"536" 268.700323873184 31.2819122062178 -1
"537" 171.503716903448 28.1464280504609 1
"538" 297.846666697552 12.987984770536 -1
"539" 310.278827550099 2.61764196987074 -1
"540" 319.813097172048 -5.59830725179861 -1
"541" 311.527156119276 1.54002409713857 -1
"542" 252.155755259195 37.1557086149198 -1
"543" 302.320391240229 9.3638248647247 -1
"544" 290.391185300325 18.61858136991 -1
"545" 293.245385558771 16.530828993973 -1
"546" 216.057873785977 40.6386165923503 1
"547" 134.065073783721 0.655091956660584 -1
"548" 304.193144220751 7.80411921574261 -1
"549" 155.712226570289 18.2504665557039 -1
"550" 186.685904564946 34.7758239232595 -1
"551" 182.929367499257 33.388330810987 1
"552" 147.986598930152 12.3657972707178 -1
"553" 160.412447247515 21.5141081088966 1
"554" 150.718603524247 14.5142095048277 -1
"555" 274.661192988774 28.3834737733216 1
"556" 320.561325110186 -6.23416693837929 1
"557" 303.394514698249 8.47191283822083 -1
"558" 250.871715303187 37.4877634657363 1
"559" 318.70137754455 -4.64930592628243 1
"560" 308.793468423648 3.89574952601654 1
"561" 288.422017251432 20.0056670057057 1
"562" 173.486241567047 29.1700212190964 -1
"563" 314.463677764102 -0.999838688697644 1
"564" 179.430301973933 31.9496898783362 0
"565" 180.679946924563 32.4799744770009 0
"566" 161.48321322657 22.2209256517604 1
"567" 164.755860890912 24.2940008780805 1
"568" 183.815474698619 33.730068474001 -1
"569" 287.685793453297 20.5126800442761 -1
"570" 171.938575948733 28.3751357558656 1
"571" 180.693103877234 32.485459484407 0
"572" 314.155012533214 -0.732887061457223 -1
"573" 266.529989135876 32.2301188389074 -1
"574" 312.187749103109 0.968950089133036 -1
"575" 300.870357708923 10.555433672964 1
"576" 306.853823656835 5.55469698844965 1
"577" 199.115844235182 38.2807579575886 -1
"578" 189.421966476378 35.6873329242317 -1
"579" 321.15453714179 -6.73646241345808 -1
"580" 267.431023556397 31.8432842444339 -1
"581" 149.769787300456 13.7758251242213 -1
"582" 183.050850077042 33.435715916354 -1
"583" 155.42565613267 18.0432667991744 -1
"584" 148.808671873758 39.0455945134738 0
"585" 110.979019714617 -4.29672958855372 0
"586" 121.311014231601 10.2388839689758 0
"587" 121.96559668261 11.1292457732355 0
"588" 115.949890757007 2.75529802640896 0
"589" 70.370465935175 -44.4448724455046 -1
"590" 123.163159107576 12.7401958002663 0
"591" 106.155833602133 -10.9899657434284 0
"592" 138.115345062351 30.1337918473341 0
"593" 213.588606052156 54.4896916617719 0
"594" 117.57940611969 5.05741236307022 1
"595" 119.448909375809 7.67305783252136 0
"596" 161.450919554967 46.3115420699089 1
"597" 155.697119428907 43.3869021945562 1
"598" 198.195387803109 54.7300274329155 0
"599" 308.866121012587 -20.0221897247167 -1
"600" 150.866614700735 40.4472072702859 0
"601" 312.527007402983 -24.2934054228179 -1
"602" 274.603058837207 25.2778690972146 -1
"603" 305.569705157183 -15.8977413837458 -1
"604" 118.038145159824 5.70222674008837 0
"605" 255.890112023323 41.2613423696366 -1
"606" 303.288965439087 -12.9079922736285 -1
"607" 296.148591172329 -3.03679733353142 -1
"608" 281.810991707173 16.7151120919217 -1
"609" 338.289501975155 -44.7773376381909 -1
"610" 302.457333360899 -11.7936457813293 -1
"611" 130.752357364346 22.265544442466 1
"612" 132.667128247773 24.4500193004423 1
"613" 150.001817506606 39.8695760858174 0
"614" 142.098859901658 33.789943843464 0
"615" 132.856298405457 24.6606354061712 1
"616" 104.537865186545 -13.1633658352608 0
"617" 148.450154360295 38.7917653833862 0
"618" 244.535811958005 47.2101874306365 1
"619" 150.492077936532 40.1990352109727 0
"620" 85.6156352070585 -34.0522173586579 0
"621" 118.844220925063 6.8307663360855 0
"622" 217.681954966386 54.0903788094593 1
"623" 147.83679032519 38.3507128018289 1
"624" 104.991674033167 -12.5583223616098 1
"625" 136.082621928457 28.1061184242655 1
"626" 130.768505178717 22.2843628740202 0
"627" 87.9492851678883 -31.9792550492734 0
"628" 321.404477710612 -33.1824089932203 -1
"629" 17.3168675945134 -54.6846315820932 -1
"630" 328.430138269669 -38.7775080959341 -1
"631" 253.299919447411 -36.4360488358786 -1
"632" 270.318295667096 -41.8367563171323 -1
"633" 223.897949427044 -18.0319547058196 -1
"634" 220.856918927024 -15.4268462397156 0
"635" 264.993277174717 -40.4984808459628 0
"636" 124.758407859115 44.0092473354962 1
"637" 256.923160929984 -37.8702118813098 -1
"638" 145.846583612206 39.9827915224259 1
"639" 221.22373046312 -15.747136283154 1
"640" 40.6194650665021 15.2186558354873 -1
"641" 284.66967968316 -44.0418768123701 -1
"642" 158.70070971392 35.1481100839041 -1
"643" 129.594193970966 43.4669161245245 1
"644" 178.527638968961 23.2840387882893 1
"645" 52.1741692976254 24.4867398020273 -1
"646" 152.542687276293 37.7174972429295 1
"647" 69.08636173885 34.5553932513303 -1
"648" 93.4182340799654 42.4808884020187 -1
"649" 69.3115700076817 34.6618932989863 -1
"650" 279.344428075558 -43.4506117171478 -1
"651" 214.045019539753 -9.21701737766397 1
"652" 240.184020732828 -29.7768487174308 1
"653" 235.399973382807 -26.7323613034734 1
"654" 43.8594755294167 17.9997302092063 -1
"655" 176.832194277034 24.5249440146513 -1
"656" 257.422141337957 -38.0549493674004 1
"657" 166.350100932067 31.2475413707712 1
"658" 165.089808979613 31.9468666859192 1
"659" 151.378579464178 38.1495429425553 1
"660" 225.576453181573 -19.4186674402785 0
"661" 163.561332119835 32.7645102345378 1
"662" 260.806725794567 -39.2291889349308 -1
"663" 159.847849690529 34.6146991052235 0
"664" 173.050472453209 27.138870069448 0
"665" 149.644153677573 38.7628892962972 1
"666" 298.625033636633 -44.394815495486 -1
"667" 239.26741243319 -29.2198736508305 0
"668" 159.063470287895 34.9813411725398 0
"669" 148.418442297344 39.1748371454629 0
"670" 167.770560077741 30.4317682802338 1
"671" 159.897616007261 34.591156575558 1
"672" 288.585321924489 -44.3136191353746 -1
"673" 206.001450327982 -1.44418688196318 -1
"674" 135.942949038128 42.4224125808394 -1
"675" 178.796988362822 23.0830068744051 -1
"676" 148.23433847688 39.2351965273002 -1
"677" 12.3904398576944 52.4662966188865 -1
"678" 93.9461197181406 17.2464309595174 0
"679" 102.930264382065 6.18303373025267 0
"680" 82.5988091039006 28.9959061977649 1
"681" 121.980056180947 -17.8896371394167 1
"682" 86.2515766956344 25.5320769702573 1
"683" 116.177263054358 -10.9273369571545 1
"684" 45.2033540505015 49.2195490616497 -1
"685" 100.653858591301 9.08994404890636 1
"686" 130.789599793185 -27.1571154919902 1
"687" 146.541177493184 -39.3558733062707 -1
"688" 84.4110320427995 27.3162783480507 1
"689" 152.605922724482 -42.7094352220194 1
"690" 263.877421380089 -27.8188004088273 -1
"691" 195.996336709025 -52.572544441902 1
"692" 75.2092744287019 35.0642998274471 1
"693" 93.9347283346168 17.259623181589 -1
"694" 76.8627670305726 33.8129034797355 1
"695" 131.726048010531 -28.0382656550906 1
"696" 349.975632591343 49.1705937765009 -1
"697" 264.92312990768 -26.8277726641724 -1
"698" 277.92174111751 -12.4977737851033 -1
"699" 312.581011008705 28.824886056517 -1
"700" 229.177633970931 -48.1036414577187 0
"701" 246.490711898817 -40.726308875183 -1
"702" 101.904561071143 7.49916554374348 1
"703" 100.998812691289 8.65289176949342 1
"704" 27.4919287765998 52.1766775930079 -1
"705" 76.7812334944688 33.8760150901492 0
"706" 101.56830636224 7.92847713360862 1
"707" 90.8559080379905 20.7287558666814 1
"708" 75.1006612625473 35.1444190510715 0
"709" 124.695596705702 -20.9290312697993 -1
"710" 125.951867587707 -22.2817297912267 1
"711" 101.69328327186 7.7690461603651 1
"712" 90.9472858917458 20.6286540095405 -1
"713" 118.445309183842 -13.7164737438663 -1
"714" 121.723441982891 -17.5945947181513 -1
"715" 112.767660269866 -6.60715411937781 1
"716" 101.034864051023 8.6071375497124 1
"717" 198.472151829557 -52.5819273462624 1
"718" 138.751295754125 -34.0027795372599 0
"719" 180.88819190654 -51.3725700437111 0
"720" 153.971095353791 -43.3762576326181 0
"721" 178.319601681183 -50.9628965801172 0
"722" 120.343390376448 11.5788459749808 0
"723" 129.064722501126 -0.86033621255845 0
"724" 265.991982498093 -44.3825305112083 -1
"725" 122.974992467697 7.90213459207574 1
"726" 234.962695308802 -54.2596840319796 -1
"727" 124.452502589007 5.79896510592921 1
"728" 46.458885699014 55.1313808402292 0
"729" 126.623355992474 2.67520648623276 1
"730" 116.584324251586 16.620459392364 1
"731" 149.02996106086 -26.9723455524704 -1
"732" 99.1733569145659 35.3428178834188 1
"733" 157.099015523036 -34.7739104338443 1
"734" 289.536375697913 -25.1852681205984 -1
"735" 16.9509269279735 53.4340966292729 -1
"736" 280.953222666727 -33.804912082676 -1
"737" 93.4907122548162 39.7204667161252 0
"738" 290.870141730746 -23.6637912914285 -1
"739" 110.541003471216 24.0437426858372 1
"740" 355.469998548306 46.664605312571 0
"741" 297.177650954458 -15.8439765083769 -1
"742" 312.590052524519 5.94278695190977 -1
"743" 334.523774867458 32.476247137076 -1
"744" 239.456463160091 -53.5335377975475 -1
"745" 296.471979607875 -16.7666019042076 -1
"746" 117.068250517951 15.9877308697078 1
"747" 116.163893764156 17.1659051546653 1
"748" 32.5008591397059 55.2471616753256 0
"749" 96.1313936230965 37.7839534676551 0
"750" 116.422736242171 16.8305699430917 1
"751" 70.9207407940315 50.7267790270532 1
"752" 92.1900265097314 40.6150277676799 0
"753" 135.636255244793 -10.246207127519 -1
"754" 132.121460741227 -5.27174135728925 1
"755" 108.69135916898 26.1240323480823 1
"756" 127.044540575117 2.06612525892772 0
"757" 128.545752360419 -0.108323694240846 -1
"758" 128.876535468178 -0.587669788646917 -1
"759" 125.809799449538 3.84943489808913 1
"760" 115.508435463322 18.0081472738315 1
"761" 24.9324132563057 54.6344877804068 -1
"762" 152.645742252918 -30.6882107391309 0
"763" 177.345368588066 -47.5086413306986 -1
"764" 158.17609815854 -35.6833163633771 0
"765" 175.772859127331 -46.8048178959507 -1
"766" 207.177583926879 -15.3079171375109 -1
"767" 80.8897961254873 18.7575914693185 1
"768" 123.087473929839 10.812375539453 1
"769" 91.0357573509401 17.6613459163053 1
"770" 126.468729110634 9.82923573715067 1
"771" 41.393433943244 17.715838990572 -1
"772" 20.3377258585221 13.7948565487355 0
"773" 118.023787628475 12.2035134174965 1
"774" 153.221755223391 0.979644390314603 -1
"775" 73.3199353443703 19.2148918652033 1
"776" 168.87578728036 -4.47344037826982 1
"777" 20.1519653311444 13.7507391165226 1
"778" 170.18168162746 -4.91659732607835 1
"779" 187.032018908407 -10.2642214522243 -1
"780" 93.9349163701019 17.2481127366053 -1
"781" 143.086657484706 4.49377825172236 -1
"782" 115.243593475377 12.9228426479858 1
"783" 29.4289853886681 15.7570553311782 -1
"784" 132.981328226731 7.82707618853761 -1
"785" 84.3634924226841 18.444123689513 -1
"786" 43.8152280557867 18.0220431626908 0
"787" 18.9275599843259 13.4560676450346 1
"788" 123.837643083371 10.5978487619362 -1
"789" 112.530535483798 13.5926586822231 1
"790" 110.386143054003 14.0988252482515 1
"791" 355.026832970967 6.53138327339686 -1
"792" 43.3241756481847 17.9624599301322 -1
"793" 111.25063820691 13.897279281567 1
"794" 92.2805380491703 17.4892950754679 1
"795" 47.5370027860256 18.4319681530368 -1
"796" 147.773506634842 2.88215561914158 0
"797" 136.211547253044 6.78765418076716 1
"798" 104.428285032054 15.3928338683937 1
"799" 281.616378437343 -15.944173183474 -1
"800" 134.077371724345 7.47753077174862 -1
"801" 132.389440009968 8.01442973239586 -1
"802" 131.455272167959 8.30805191079139 1
"803" 109.504490493247 14.3008364890136 1
"804" 142.399881740055 4.72713913299766 1
"805" 191.554761496867 -11.5448339718908 -1
"806" 154.543702021662 0.515546598639602 -1
"807" 169.659257305471 -4.73967200795738 -1
"808" 160.553385037628 -1.594002952593 -1
"809" 259.778136951057 -11.3004833065217 -1
"810" 122.709633938608 0.898742528960134 1
"811" 276.420731778663 -7.77473965132474 -1
"812" 122.121716140781 1.06121442702706 1
"813" 221.195787872297 -15.4191391551307 1
"814" 225.164148987286 -15.2906587415634 -1
"815" 121.418235508293 1.25545136608792 1
"816" 152.113388675355 -6.96095643764664 -1
"817" 246.509329226939 -13.4149575737993 -1
"818" 166.918530473411 -10.290782775444 1
"819" 203.330369995947 -15.1237000537135 -1
"820" 172.519833690615 -11.371158912589 1
"821" 193.399127824176 -14.3471498458247 -1
"822" 274.075075827009 -8.32230715730404 1
"823" 163.404307388146 -9.55910575908977 -1
"824" 119.519199724898 1.77860752267572 1
"825" 209.694434494248 -15.3927519098717 1
"826" 164.306376480089 -9.7507058661503 -1
"827" 117.373399541425 2.36700470568934 -1
"828" 229.419340573573 -15.0749607456324 1
"829" 199.778045381959 -14.8954338139148 -1
"830" 139.617507495787 -3.74247027922186 -1
"831" 100.658762167642 6.74971555929309 1
"832" 278.675464234187 -7.23487343109771 -1
"833" 357.688571014015 12.2679402321494 -1
"834" 219.609209794668 -15.45078813514 1
"835" 99.995644561991 6.91296026682196 1
"836" 276.260554047277 -7.81259788597033 -1
"837" 223.760128205895 -15.344158082048 1
"838" 141.300517448276 -4.19157016715043 0
"839" 133.228929752134 -2.00792572670115 1
"840" 101.283960754706 6.59488343115289 1
"841" 134.577822438559 -2.3773792359677 1
"842" 128.178697651787 -0.615249528793118 -1
"843" 128.796047506732 -0.786038963978018 -1
"844" 122.284586167986 1.01621712521845 1
"845" 278.978969660357 -7.16123681218963 -1
"846" 149.129100821717 -6.21981755534745 1
"847" 188.150952331133 -13.7653736042689 -1
"848" 157.6653007601 -8.28245595420757 -1
"849" 167.832030130919 -10.4743459008523 -1
"850" 162.542409930766 -9.37366060784903 -1
"851" 135.93468279013 80.6850742666092 -1
"852" 82.870391258054 30.4674388753057 0
"853" 64.4170487700152 -59.7728721929389 1
"854" 187.400965579598 81.6434823679504 -1
"855" 80.0015889551628 12.8401668757356 1
"856" 91.4813421424172 58.8957518237509 -1
"857" 25.7077325582775 -80.0801855997423 -1
"858" 82.021237304742 25.7215702535288 1
"859" 235.743076484977 70.0345675767244 -1
"860" 262.388306390565 -27.8252718961003 -1
"861" 279.614383348614 -69.2060137647085 1
"862" 263.81654185818 -35.2544213656449 0
"863" 272.661824564255 -60.967455369921 -1
"864" 263.299650151238 -32.7042694624055 -1
"865" 89.1628221724719 53.9180521493495 -1
"866" 251.898059884348 38.3108708442556 -1
"867" 262.306418926318 -27.3628165137092 -1
"868" 261.038752417332 -19.7137376022287 -1
"869" 257.852613186652 2.42921509180512 -1
"870" 272.624046846672 -60.9052200799517 0
"871" 263.941578134173 -35.8481465409993 0
"872" 77.1074744715975 -7.75437948436512 1
"873" 77.3206264638696 -6.24084413300468 1
"874" 95.6305739765371 65.1651116041822 -1
"875" 83.9161507450377 35.7281287357343 -1
"876" 77.0355754253042 -8.26255273618054 1
"877" 83.7003780195666 34.694801350496 -1
"878" 84.5410755806644 38.5727653493986 -1
"879" 69.7376667489535 -46.6582847225577 -1
"880" 234.371670029405 71.0430936355065 -1
"881" 65.1658613330495 -58.3869667575707 1
"882" 81.7248124378186 23.965668553696 -1
"883" 68.6410921650649 -50.0980105764123 -1
"884" 59.4956799607256 -66.5981501543669 -1
"885" 73.452836590804 -30.7671677015341 1
"886" 76.9736972163153 -8.69884718497667 1
"887" 89.0466392782424 53.6308294043433 -1
"888" 74.0584312309622 -27.446154687998 0
"889" 277.516865209684 -67.2605405787731 0
"890" 54.7579365782935 -70.7701196221789 0
"891" 284.960713086677 -72.8833886294559 0
"892" 121.187278050048 -34.6262494869217 0
"893" 122.765176003318 2.37389226839255 1
"894" 149.354939283312 85.2106468043427 0
"895" 122.814885743539 3.69153196246747 1
"896" 122.579616367361 -2.5556532924442 0
"897" 292.541161873543 77.9323888643245 1
"898" 124.672213209782 42.8008023129449 1
"899" 297.46409973458 67.503568339502 -1
"900" 303.534378409644 -21.7179655680625 -1
"901" 126.729065475809 61.9772916821335 0
"902" 303.815281376109 -27.8616575457089 -1
"903" 282.173341870529 83.8695458219363 0
"904" 303.342970028263 -17.1981233903246 -1
"905" 122.449332460689 -5.99856860076677 0
"906" 299.48703095834 55.9301950263116 -1
"907" 303.172107196461 -12.9662772004778 -1
"908" 302.655685113499 0.535252361573677 -1
"909" 301.648991290881 25.4717787301231 -1
"910" 306.233603711207 -58.7749506252623 -1
"911" 303.10399405708 -11.2354480528768 -1
"912" 123.421732754429 19.088429684656 1
"913" 123.489565814423 20.6826779719151 1
"914" 126.121340440117 57.9556437630492 0
"915" 124.333312842909 37.5561041083571 0
"916" 123.481114195867 20.4858053596672 1
"917" 120.65863422881 -43.0967846586118 0
"918" 124.691214902833 43.0713683762233 0
"919" 121.738465788759 -23.5025636468444 -1
"920" 121.280762415989 -32.9098115614013 1
"921" 125.478986869512 52.4315457259625 1
"922" 122.846385588921 4.52455541687983 0
"923" 122.350507485672 -8.58276831548043 -1
"924" 122.019531503851 -16.9343506654102 -1
"925" 122.727488570905 1.3731704656181 1
"926" 123.567154289321 22.4658845490395 1
"927" 123.957102327765 30.7272159661385 0
"928" 121.123115575863 -35.7647453599391 0
"929" 305.650047426383 -54.0570705772138 -1
"930" 117.082211005465 -68.896046852338 -1
"931" 307.304410563729 -65.0060001344852 -1
"932" 111.269513183429 -20.117105579103 1
"933" 47.0488705792098 57.4144541176121 -1
"934" 95.1199727742351 10.2392200919325 1
"935" 147.61036459365 -55.0248452131524 1
"936" 142.608392039915 -52.6116991583977 -1
"937" 84.870217367079 27.6130571328917 1
"938" 144.013688721225 -53.339457347347 1
"939" 264.737854747337 -27.807777811499 -1
"940" 209.231888889987 -61.544100760356 1
"941" 79.1957793698227 35.2282601662564 1
"942" 94.0137973454409 12.3017314578331 -1
"943" 80.8436051432371 33.1698143891321 1
"944" 338.686326783014 58.8948171782589 -1
"945" 327.833887076801 55.1217181632083 -1
"946" 265.478768164793 -26.7072562474571 -1
"947" 272.536463296654 -14.9989243728759 -1
"948" 292.244283113158 21.7421516058452 -1
"949" 237.860102643187 -52.826577756361 0
"950" 256.511335520038 -38.3253120631031 -1
"951" 97.8453093820446 5.03786459173043 1
"952" 97.1836479416637 6.31315891669745 1
"953" 41.063738045007 59.1952748999586 -1
"954" 79.6447483392935 34.6795341699033 0
"955" 97.6631506639851 5.3895870435958 1
"956" 95.8231584012765 8.91165644380501 1
"957" 78.2169456966755 36.3936418235435 0
"958" 116.20729710508 -27.9103021547801 -1
"959" 120.717233669171 -34.0411649015629 1
"960" 99.5832831675143 1.66463423902311 1
"961" 88.7975824104962 21.467263317759 -1
"962" 112.079263324723 -21.4699263669167 -1
"963" 116.487485792337 -28.3188634421608 -1
"964" 106.424903850706 -11.491842363124 1
"965" 97.3465116450584 5.99985756769792 1
"966" 224.934192670188 -58.0965640006641 1
"967" 122.101160863002 -35.735504339392 0
"968" 197.667530263145 -62.6531242423095 0
"969" 145.570695043535 -54.0991729413668 0
"970" 189.673357466739 -62.8372475082867 0
"971" 210.661046369799 63.9072739935357 -1
"972" 123.34354554515 3.55144966729755 1
"973" 121.724492711608 0.250144653726693 0
"974" 344.149963469162 -54.0900399086597 -1
"975" 149.751684512071 43.9337091636523 1
"976" 212.760302073464 63.9057010547339 -1
"977" 311.391521022654 -19.1485964736153 -1
"978" 148.999787500275 43.2207178760743 0
"979" 313.972539703519 -23.6295529665105 -1
"980" 274.981110007472 42.4607871709848 -1
"981" 308.636472740465 -14.041592462114 -1
"982" 120.801478396554 -1.63432340699311 0
"983" 268.334365953027 48.245853459624 -1
"984" 307.057476207417 -10.9875593100305 -1
"985" 301.619113672488 -0.0349428862694957 -1
"986" 290.728593789277 21.0685436092429 -1
"987" 334.166925035194 -47.7059865989308 -1
"988" 305.928248688805 -8.75775517307995 -1
"989" 133.887553135224 23.487082734565 1
"990" 134.974182807883 25.2817193546514 1
"991" 147.980767633586 42.2190128756255 0
"992" 140.977248601104 34.117732210617 0
"993" 135.144318064798 25.557367034499 1
"994" 109.166709144391 -23.7378727533506 0
"995" 145.521110700773 39.6246501009376 0
"996" 98.7645856209114 -38.4006248294561 -1
"997" 158.177378667653 50.5879269445031 -1
"998" 61.7573729999277 -60.4765740831249 0
"999" 123.604984010669 4.08270129417258 0
"1000" 107.485511146615 -26.4768454582433 -1
"1001" 340.348519607407 -51.9611651180989 -1
"1002" 121.979002119653 0.769849960852986 1
"1003" 136.990067991906 28.4534722630378 1
"1004" 132.114013824934 20.4343703077065 0
"1005" 101.776631423652 -34.707110529186 0
"1006" 320.940751363978 -34.0695070790509 -1
"1007" 30.7928255031104 -63.9080690380567 0
"1008" 327.24014155386 -41.4646177656676 -1
"1009" 41.1799261623766 15.2324854996171 -1
"1010" 53.8606557241865 71.8075931876639 1
"1011" 196.805451447748 78.6306850853257 0
"1012" 38.9295004238975 -12.6636628954806 -1
"1013" 210.983998081515 63.104431499548 1
"1014" 41.757002858996 21.7871150897827 -1
"1015" 231.414178480189 -68.3226773010629 -1
"1016" 42.4079834577345 28.5190202213352 -1
"1017" 86.3521073408672 83.772855584165 0
"1018" 42.994160078777 33.9286625409786 -1
"1019" 51.2685996618272 68.0735860765036 1
"1020" 219.977468795079 -0.386690710895536 1
"1021" 222.461226258064 -29.0361322315098 1
"1022" 222.395045733963 -28.3925875979867 1
"1023" 41.5200887870733 19.1576673018632 -1
"1024" 44.4445951165196 44.7796860407811 -1
"1025" 44.1231345180962 42.661949591932 0
"1026" 37.7212532201198 -26.1711244201723 -1
"1027" 37.7525341497034 -25.851654099433 -1
"1028" 48.3468238675996 61.588400815889 1
"1029" 221.297564303005 -16.6086777718952 0
"1030" 37.5572589611724 -27.8172743839756 -1
"1031" 48.9504411722377 63.2079534420837 1
"1032" 220.990378104075 -12.9771190859352 0
"1033" 215.278781422392 45.8428641400374 0
"1034" 207.011248365959 70.5563378291199 1
"1035" 207.304804438815 70.1467999307386 1
"1036" 222.620137278804 -30.5488859285658 0
"1037" 213.704126088801 53.9935324437378 0
"1038" 208.89481488077 67.5972974114269 0
"1039" 36.3080487091504 -38.7693070894439 -1
"1040" 37.3510194344405 -29.818423746039 -1
"1041" 227.288681875001 -58.2672588845498 -1
"1042" 219.306775866116 8.04698707906982 -1
"1043" 52.6147276672528 70.1833493009997 -1
"1044" 210.682501412892 63.8553441884354 -1
"1045" 57.7176289894504 75.4838333176015 -1
"1046" 120.487232672148 4.30387477552563 0
"1047" 332.484554885558 4.31667411978317 -1
"1048" 67.5262725367491 14.3157429228622 0
"1049" 167.673764308325 -8.06579924175958 0
"1050" 20.2221846365906 13.781707638859 0
"1051" 171.633752083535 -8.9519867591453 0
"1052" 10.4150316615489 12.4678897941347 0
"1053" 274.04248205307 -10.4515247482789 -1
"1054" 337.595471092159 5.63103646855573 -1
"1055" 118.35857252272 4.85685099049827 0
"1056" 210.189675887747 -14.7088364187804 -1
"1057" 336.075388806363 5.24486680413447 -1
"1058" 287.961639418189 -7.43422222200507 -1
"1059" 229.044251702463 -15.2795844618002 -1
"1060" 19.0377414680902 13.6437267532043 0
"1061" 315.163467606707 -0.354905577458008 -1
"1062" 103.515454898267 8.4591797794302 0
"1063" 101.439424801355 8.91915732462212 0
"1064" 176.625672363034 -10.0028940977527 -1
"1065" 219.216880218291 -15.1779534005486 -1
"1066" 102.686881447687 8.64424368759576 0
"1067" 95.3058978633274 10.202196414252 0
"1068" 223.680456677108 -15.2772255178532 -1
"1069" 143.407464964266 -1.894155458459 1
"1070" 134.123352695025 0.639170410196782 0
"1071" 102.049498593954 8.78527267694333 0
"1072" 125.491668733523 2.97884798148865 0
"1073" 309.917215160762 -1.78513473984651 -1
"1074" 309.847133258407 -1.80415472341519 -1
"1075" 124.915559864018 3.1329217330963 0
"1076" 101.472175880991 8.91199750702642 0
"1077" 147.068909918319 -2.8817933248385 0
"1078" 10.2044417265397 12.4354962036136 0
"1079" 336.628960947549 5.38599553450624 -1
"1080" 348.542578993481 8.2639771525443 -1
"1081" 341.849021598476 6.6871060499099 -1
"1082" 143.411372024657 -50.409723959543 -1
"1083" 107.701132875497 38.6535549045111 1
"1084" 145.032448506605 -52.326322999403 1
"1085" 293.912519189258 -24.2559116623329 -1
"1086" 65.0123412868078 69.9963345281392 -1
"1087" 290.913170244226 -31.804815471627 -1
"1088" 92.8428550019723 57.8269594926587 0
"1089" 294.811481505394 -21.777292558747 -1
"1090" 128.673841445251 -21.4504054790378 0
"1091" 327.726842119175 55.1375940329369 -1
"1092" 296.781735363263 -16.0258967711471 -1
"1093" 301.824442301335 0.0780119399051036 -1
"1094" 311.315681509122 28.4903805876282 -1
"1095" 269.047642207147 -60.6218068173641 -1
"1096" 296.558727319903 -16.6972725951768 -1
"1097" 116.834067970547 15.8676489799094 1
"1098" 116.367385928197 17.2693951363663 1
"1099" 79.2567434138481 65.7505947412455 0
"1100" 107.772224251511 38.5152074347855 0
"1101" 116.500122797646 16.8728928299642 1
"1102" 169.09971992059 -67.4886562008962 0
"1103" 105.437294981408 42.7682495645998 0
"1104" 127.576220016574 -18.2834159374967 -1
"1105" 127.540062124111 -18.1768593571877 1
"1106" 111.088698837139 31.3941477316277 1
"1107" 119.895418678001 6.22961451433094 0
"1108" 123.819778161164 -6.59847537195011 -1
"1109" 124.936522054908 -10.1820150192973 -1
"1110" 121.647594746246 0.50260716070122 1
"1111" 116.016922052756 18.3076243572897 1
"1112" 101.764578856512 48.363360188646 0
"1113" 133.993874119743 -34.7393098000733 0
"1114" 242.083604986927 -70.5719751128205 -1
"1115" 146.135143154988 -53.5299159676715 0
"1116" 216.033127472763 -73.0167910640975 -1
"1117" 160.457498353142 42.7155471993009 0
"1118" 141.290028258629 -55.7908481439402 -1
"1119" 334.393872805182 -9.3297961485833 1
"1120" 337.395867384303 -28.4050175640907 -1
"1121" 334.771694274909 -11.9543622962675 1
"1122" 279.170236675134 80.2426668449328 1
"1123" 332.768745323908 2.27877335759357 1
"1124" 324.368206983297 47.481154608628 0
"1125" 321.237521540147 55.9073898750874 1
"1126" 332.626943729169 3.29667243476008 1
"1127" 330.944028149325 15.050536725516 1
"1128" 328.137810930453 31.8243563549638 1
"1129" 160.527584276293 42.9843495385048 -1
"1130" 331.115403833693 13.8951831713578 1
"1131" 157.694014139851 30.0339964961336 -1
"1132" 157.883669536859 31.0428964356139 -1
"1133" 337.533460453674 -29.1633027721709 -1
"1134" 337.328553195351 -28.0299796958822 -1
"1135" 158.051536941725 31.9181940333385 -1
"1136" 319.699797658806 59.0239457353726 -1
"1137" 338.692691546395 -35.1097022111313 -1
"1138" 334.50472136774 -10.1044747902357 -1
"1139" 165.551180060513 57.225539898874 0
"1140" 176.387112817168 70.6425901674266 0
"1141" 331.410570252126 11.878158592133 -1
"1142" 338.586446389815 -34.5972988817666 -1
"1143" 164.537796549377 55.0105999690974 1
"1144" 156.847123152277 25.2704112619139 -1
"1145" 158.538122750243 34.3620954400729 -1
"1146" 331.648251241768 10.2314927759094 -1
"1147" 328.110404718706 31.9659761272798 -1
"1148" 333.549405647141 -3.33361514987033 1
"1149" 319.65185807027 59.1126033565189 -1
"1150" 335.590119122189 -17.4552133553141 1
"1151" 184.180271789606 35.8835556154981 -1
"1152" 265.162536225691 -27.8003709536854 -1
"1153" 148.431680234729 44.0122657521879 0
"1154" 277.012408959507 -34.3569556888234 -1
"1155" 93.651939267279 32.6988380650795 1
"1156" 90.5346800824966 31.020428631335 1
"1157" 103.631945917415 37.1858819852674 0
"1158" 224.96331602128 7.07313352404871 -1
"1159" 263.970644984946 -27.0287322610402 -1
"1160" 256.136776874439 -21.4389605395597 -1
"1161" 240.969096498522 -8.33211058438625 -1
"1162" 340.942294333581 -42.6351773156213 -1
"1163" 272.58457754554 -32.1395653987408 -1
"1164" 13.7957272012816 -31.170996755583 1
"1165" 13.1770533590501 -31.5126702538615 1
"1166" 146.216371518384 44.1096013216777 0
"1167" 107.270711277924 38.50764183505 0
"1168" 9.56834399309493 -33.3982925811746 1
"1169" 86.9216095327168 28.9010614095217 0
"1170" 125.872343774335 42.9840878486952 0
"1171" 5.46891810426581 -35.324100966115 -1
"1172" 152.738007339797 43.6988349448898 0
"1173" 116.457968911087 41.169525753337 0
"1174" 80.2014261399927 24.4508701675358 -1
"1175" 167.97451674892 41.2095720498732 1
"1176" 151.980810323799 43.7659323329913 1
"1177" 184.394828528385 35.7918997667214 -1
"1178" 3.80936141960531 -36.0406075502338 1
"1179" 113.781339140378 40.4894359136463 0
"1180" 41.9749432380705 -9.87914524281626 0
"1181" 314.880184419362 -43.9357904540551 -1
"1182" 4.20424330067053 -35.8733447199945 0
"1183" 325.957696711121 -44.1181584782866 -1
"1184" 350.679004392204 -0.976535476840218 -1
"1185" 169.429727263591 -2.80349904503292 0
"1186" 350.704335876787 -1.05320743839568 -1
"1187" 276.681115502545 71.0089311277224 0
"1188" 346.479725382902 11.5689393234372 -1
"1189" 146.993185132178 -50.2104259204879 -1
"1190" 321.139596330823 55.916187428327 -1
"1191" 346.676845295406 10.9962085159414 -1
"1192" 343.410487647329 20.110447296778 -1
"1193" 338.115493616901 32.6985591890067 -1
"1194" 358.21102652691 -22.4783083399126 -1
"1195" 342.440927936006 22.6341593922243 -1
"1196" 2.23175214901213 -31.9252793473739 -1
"1197" 2.46400968375039 -32.4181245899477 -1
"1198" 171.083612171961 2.20054378724705 0
"1199" 176.261682274234 17.3020875885411 0
"1200" 3.10687725983562 -33.7523738255894 -1
"1201" 138.167968726124 -58.2010286123116 0
"1202" 178.788722513429 23.940742217056 0
"1203" 183.25569712374 34.0550218057511 0
"1204" 240.180302528629 70.6145378193585 1
"1205" 223.196934058146 67.4896851425652 1
"1206" 164.157887800788 -18.1035467216058 0
"1207" 195.07583689248 51.6979645669328 0
"1208" 224.503944915814 67.8297990745148 0
"1209" 184.095902875367 35.7203618957378 1
"1210" 4.25230810583592 -36.0223178975599 -1
"1211" 161.633433247989 -24.6637122873212 0
"1212" 160.188104496822 -28.1254466262299 0
"1213" 342.794958847022 21.7233971541901 -1
"1214" 4.68845361281176 -36.851183476244 -1
"1215" 344.573949175719 16.9644627402034 -1
"1216" 167.49670646092 2.65112601604803 -1
"1217" 351.206458417367 -0.698310031793015 0
"1218" 273.75801345261 -27.3707332635435 -1
"1219" 285.811980749897 -25.8652973195156 0
"1220" 110.062967069118 25.0808937819675 -1
"1221" 208.381815443445 -17.1781209078308 -1
"1222" 259.937269338134 -27.8011321575857 0
"1223" 239.599621050715 -25.9243399937188 -1
"1224" 38.2497333475194 20.7003555974776 1
"1225" 18.7291346256001 13.1172516610727 0
"1226" 283.143116201424 -26.2900137548298 0
"1227" 126.926372604429 20.662665489422 -1
"1228" 124.892302029091 21.3054357858555 -1
"1229" 171.93235222999 0.315266968481597 -1
"1230" 235.483714628904 -25.1775527790832 -1
"1231" 125.071541298895 21.2499897467252 -1
"1232" 87.5197896166695 27.7356223014873 -1
"1233" 237.231903419258 -25.5099434244463 -1
"1234" 333.965627517176 -9.53856819970991 -1
"1235" 139.486064983462 16.0558428885555 -1
"1236" 108.383854511168 25.4065919593704 -1
"1237" 249.860984120769 -27.2464712561746 1
"1238" 320.363020246093 -15.6951079372345 -1
"1239" 316.372662389413 -17.2968718814235 -1
"1240" 141.022390425162 15.4207186569045 -1
"1241" 122.636577840288 21.9833835059528 -1
"1242" 133.579171590787 18.356073518111 -1
"1243" 13.1042794983489 10.5080794461258 0
"1244" 330.772794379124 -11.0696001333956 0
"1245" 351.340062489059 -0.627819472738904 0
"1246" 338.265947036425 -7.40937719227914 0
"1247" 347.182915810328 -3.53453773004421 -1
"1248" 91.854360124073 69.9967676926712 -1
"1249" 354.447744030265 16.4763489459601 -1
"1250" 230.548319982152 -68.1678113594423 -1
"1251" 5.92001602495758 40.3132570039995 -1
"1252" 353.692368912759 14.5050981831467 -1
"1253" 357.735540685145 24.5296953196291 -1
"1254" 1.06246392582374 31.6878584510761 -1
"1255" 316.796150790474 -55.980288699789 -1
"1256" 2.15764614044943 33.8173221239322 -1
"1257" 156.708328557897 29.8572358213614 1
"1258" 156.259785937547 30.7806460395059 1
"1259" 155.332842458928 32.6291119235718 0
"1260" 157.635810525413 27.8877319735483 0
"1261" 155.895354569324 31.5169716600389 1
"1262" 219.986715617071 -65.6703578268086 -1
"1263" 152.725889564059 37.4046754093532 0
"1264" 161.984458957158 17.6058419359964 0
"1265" 150.751716974362 40.6258235082815 1
"1266" 133.082405474049 58.5348533470007 1
"1267" 177.180686334728 -23.2358905050964 0
"1268" 155.612995952775 32.0789143015518 0
"1269" 150.165201047865 41.5211432886237 0
"1270" 158.442491609919 26.1090492891205 1
"1271" 154.803788500508 33.6482544767131 1
"1272" 194.317405975383 -50.9508565314023 0
"1273" 176.177547349579 -20.8272818820554 -1
"1274" 252.772109716729 -70.4127061356 1
"1275" 169.874560826288 -4.05491744455137 -1
"1276" 140.822189232973 52.6222489209011 -1
"1277" 273.608244647812 -34.7275303554838 -1
"1278" 69.7498256023036 34.62570420381 1
"1279" 106.139536434275 32.8733057442642 -1
"1280" 205.346213525845 -21.1416615179427 -1
"1281" 224.557386873593 -29.2477269009758 -1
"1282" 222.110822507523 -28.4147798575757 -1
"1283" 30.8734899282135 23.8420270585341 1
"1284" 22.7793820078184 19.7888288586708 0
"1285" 265.57392340448 -35.2182440712729 0
"1286" 134.10381062982 23.5682593037899 -1
"1287" 132.400062677026 24.3507302816651 -1
"1288" 172.018257289541 0.124332006490203 -1
"1289" 81.9399037329249 35.2649854061388 1
"1290" 132.253926104694 24.4165267415526 -1
"1291" 83.3603445449345 35.2596555263378 -1
"1292" 74.8620407619746 35.0437957962155 1
"1293" 335.701952903676 -11.3508306540384 -1
"1294" 141.011350851802 20.1091839757936 -1
"1295" 111.247206448823 31.7223310252475 -1
"1296" 48.0843313990343 30.3480455716285 -1
"1297" 323.058730965761 -18.9977246894886 -1
"1298" 318.316511008599 -21.5127800788103 -1
"1299" 144.807742502716 18.0182095953979 -1
"1300" 129.819366507061 25.4819335482588 -1
"1301" 127.605248344147 26.4004870524268 -1
"1302" 10.2835700856175 12.3836472386456 0
"1303" 329.122342807671 -15.4887047292906 0
"1304" 351.333929449586 -0.608194996244491 0
"1305" 337.561457350621 -10.1282169106617 0
"1306" 93.7044629481252 30.1322975936607 0
"1307" 93.1673647423419 50.417961017864 1
"1308" 275.252674001416 50.9605103146409 1
"1309" 93.8089578285289 24.6089706535994 -1
"1310" 273.981649757459 -14.3446188224893 1
"1311" 274.391166620045 12.6261357160432 1
"1312" 92.6655845317752 60.907927249145 -1
"1313" 93.6746861579018 31.6045691109995 -1
"1314" 94.1587383202218 2.76378932279808 -1
"1315" 94.1341631961968 4.40670049280164 -1
"1316" 92.3326005169717 65.4292202955762 1
"1317" 93.5458241303668 37.4616024248608 1
"1318" 94.1541934285273 3.06805105712196 -1
"1319" 273.996318076422 -13.41677770408 -1
"1320" 93.4606102060081 40.8951866911114 1
"1321" 274.918300793104 40.0806346905803 0
"1322" 275.761144424895 61.3279486590374 1
"1323" 94.4001740771316 -13.2005112223625 -1
"1324" 273.899027732119 -19.4182547256665 0
"1325" 274.855298339695 37.5134898188222 0
"1326" 275.368928770716 53.8597493025822 0
"1327" 94.5073455079491 -19.8041077775651 -1
"1328" 94.1448158612455 3.69527434073269 -1
"1329" 93.0983412879098 52.2261605552333 1
"1330" 274.765773791764 33.5377157532372 -1
"1331" 92.0468950354942 68.3682017905244 -1
"1332" 276.830912808286 72.0180682723622 -1
"1333" 91.0442638892614 74.8560350947526 -1
"1334" 110.672913601891 23.7542747899058 -1
"1335" 19.3605162521579 28.2035691941969 1
"1336" 341.149372008909 8.05229692474231 1
"1337" 19.560482918042 28.2736523844497 1
"1338" 18.7117682113846 27.9735606087534 1
"1339" 31.2333197347449 31.7119287793789 0
"1340" 280.436843370247 -27.9329872982175 0
"1341" 121.557135514096 18.2106826667048 -1
"1342" 120.00866058126 19.0660497500484 -1
"1343" 1.77405980045336 20.5304434343046 1
"1344" 76.6641677139969 33.8414141125097 1
"1345" 120.315063093121 18.8984884700379 -1
"1346" 85.0664522631098 32.3364518174907 0
"1347" 73.131508033956 34.2924771148812 1
"1348" 326.848362033067 -1.87164494306976 -1
"1349" 136.879819737011 8.72780076532704 -1
"1350" 108.158476431509 24.8748617341441 -1
"1351" 22.8049670137148 29.3574641098861 -1
"1352" 315.628805839949 -9.56058145338619 0
"1353" 313.594160485309 -10.896558874103 -1
"1354" 134.259433847144 10.4623744771415 -1
"1355" 118.630687823949 19.8091481562962 -1
"1356" 142.139201443506 5.14908615152634 -1
"1357" 359.204637635772 19.1629818212135 0
"1358" 336.430447650563 4.82731241776505 0
"1359" 347.303575838353 12.0974326105157 0
"1360" 342.420752209522 8.90503907267801 0
"1361" 331.883787044643 54.4410719751661 0
"1362" 293.364999770564 -17.5512445717494 -1
"1363" 299.798157699295 -1.03638353082415 -1
"1364" 312.046550542681 28.6852896300905 -1
"1365" 260.528311454598 -59.5231644998496 -1
"1366" 292.347989377855 -19.9587237633805 -1
"1367" 114.543679418598 14.6726732521406 1
"1368" 113.988470536193 16.0398095085811 1
"1369" 66.6146824766716 64.9768614160622 0
"1370" 102.899913811947 38.3509257122092 0
"1371" 114.175655620673 15.5810518621398 1
"1372" 14.351316744794 68.6738342338749 1
"1373" 100.32400434979 42.1340847865397 0
"1374" 127.389635813591 -18.4587606872383 -1
"1375" 127.412873690227 -18.5139697889946 1
"1376" 109.111493148331 27.0891265040339 1
"1377" 117.266776124632 7.72567867039148 0
"1378" 123.066952473447 -7.61809640510686 -1
"1379" 124.478928514382 -11.2676483127896 -1
"1380" 120.382055616645 -0.518086007009678 1
"1381" 113.640032466864 16.8877052222643 1
"1382" 89.8393047761647 53.3738272004197 0
"1383" 135.18875724902 -34.5728210739573 0
"1384" 221.587254338825 -69.0356082900353 -1
"1385" 148.168222544487 -51.3214137302139 -1
"1386" 201.925319997217 -69.2166701431419 -1
"1387" 22.0212834613343 25.1929457378152 -1
"1388" 19.3165378484075 28.2515731871584 0
"1389" 19.8785449538928 27.63381393862 0
"1390" 24.4108570146707 22.3130732321837 -1
"1391" 10.2446046004331 36.9542892444094 0
"1392" 54.1737159138797 -19.9287737815775 -1
"1393" 53.7422809807954 -19.3693026243215 -1
"1394" 11.2372665491026 36.1147763362152 1
"1395" 213.022852478443 -10.6991437350183 0
"1396" 54.8923648575662 -20.8496323641734 -1
"1397" 135.002653178684 -56.3075236317572 -1
"1398" 215.085227398056 -7.69288373042057 0
"1399" 261.09060495289 44.5543159191121 0
"1400" 106.234541115932 -53.9717050477939 -1
"1401" 79.8176808330855 -43.801948143593 -1
"1402" 198.851529342819 -28.755644071511 -1
"1403" 262.038705266582 45.0933516077346 0
"1404" 278.01354616702 51.8550756100503 0
"1405" 66.2098171806768 -33.3928650807808 -1
"1406" 55.7071362548782 -21.8765926321096 -1
"1407" 180.978693496826 -43.6028903126571 -1
"1408" 231.047226353775 15.7672080160908 -1
"1409" 356.309410092019 46.2357258644922 -1
"1410" 323.957818384741 55.6300188787472 -1
"1411" 355.6452799 46.576111783313 -1
"1412" 219.028051941375 -28.617030596462 -1
"1413" 25.0756533012493 25.9749215981634 1
"1414" 27.2761142815076 26.492689567049 0
"1415" 298.200376562798 -15.3692091383646 0
"1416" 116.972183621704 15.938518542925 -1
"1417" 115.273346279018 16.7092541030637 -1
"1418" 0.227964498556734 17.4970024082527 1
"1419" 244.776004115976 -29.5823151936663 -1
"1420" 115.784227547511 16.4795466088455 -1
"1421" 88.3643477506221 26.0423611008273 -1
"1422" 243.922116550862 -29.630539475731 -1
"1423" 325.729366352265 -0.64726898732039 -1
"1424" 135.997906405068 6.16366845367891 -1
"1425" 106.345724663059 20.4213249686891 -1
"1426" 234.674923244475 -29.8005242578404 1
"1427" 313.945306902769 -7.29893887833234 0
"1428" 312.43517189623 -8.12475304358759 0
"1429" 131.719479528027 8.51305928548187 -1
"1430" 114.160899520377 17.2031867170578 -1
"1431" 144.461140511824 1.37353736424072 -1
"1432" 1.30135113804147 17.9602320187024 0
"1433" 336.704042345215 5.59702177191328 0
"1434" 347.520724361819 11.4328291080892 0
"1435" 342.371442771853 8.71474312231961 0
"1436" 18.1316817490407 28.1380379723585 1
"1437" 28.9569819248432 28.788600894819 0
"1438" 334.326896758753 16.5280152982055 0
"1439" 104.672979948774 9.14208762975912 -1
"1440" 103.126342770877 9.92999439121314 -1
"1441" 4.83128786631143 26.1420359215611 1
"1442" 237.685875046633 -26.309131119656 -1
"1443" 104.008174278635 9.48204091214173 -1
"1444" 93.5248694143328 14.5528110600891 -1
"1445" 238.274624490259 -26.1937134909305 0
"1446" 317.343698576298 8.44682117902632 -1
"1447" 132.000265201568 -5.6271262394576 -1
"1448" 102.555358728519 10.2181733625241 -1
"1449" 191.522873216086 -27.3125155038212 -1
"1450" 306.648379933192 2.72626879827887 0
"1451" 307.760863946459 3.33370887091039 0
"1452" 121.29131731181 0.21526687508479 -1
"1453" 103.02095890523 9.98329445339902 -1
"1454" 156.349412373986 -17.3753505965503 -1
"1455" 352.041652706919 22.9585970196884 0
"1456" 341.917335301045 19.5617685577088 0
"1457" 344.441767712266 20.4798999944581 0
"1458" 345.69642100051 20.9188190093721 0
"1459" 26.5477033424544 25.4616265453819 0
"1460" 358.295170440696 32.034203214126 0
"1461" 81.7665675214241 -4.93163456974881 -1
"1462" 80.5994987609804 -4.18887107958211 -1
"1463" 7.52597492582422 30.6331199423369 1
"1464" 223.588583197632 -18.136088356977 -1
"1465" 81.9657532418753 -5.05804960692094 -1
"1466" 107.202249164895 -19.4254181383307 -1
"1467" 225.779654690309 -17.0164579657432 -1
"1468" 300.060112711531 24.8965772457823 0
"1469" 124.26738675161 -26.3708318764671 -1
"1470" 94.5707281372134 -12.7295348477242 -1
"1471" 197.042003204132 -28.4390647988918 -1
"1472" 291.953169339993 21.614314240716 0
"1473" 298.546472488427 24.3277848660381 0
"1474" 100.312476896987 -15.9212289091933 -1
"1475" 82.0408670587405 -5.1056928208354 -1
"1476" 168.510556892019 -32.762363761145 -1
"1477" 328.483610494405 31.8681370053298 -1
"1478" 347.841374793111 32.7841531850419 0
"1479" 339.544956088276 32.7583469178173 0
"1480" 349.50063893062 32.723577742467 -1
"1481" 221.757003718347 -42.6082288426923 -1
"1482" 171.518509076496 31.6861917853298 -1
"1483" 170.957817051423 32.3740984330375 -1
"1484" 122.218617131757 59.5205196001182 -1
"1485" 5.27669736134906 -10.9155600399989 -1
"1486" 350.068759575724 -33.4387547033114 1
"1487" 64.7433161324422 55.5772962562763 -1
"1488" 355.865669362045 -25.9139516203073 -1
"1489" 354.30006646997 -28.0826641379476 -1
"1490" 155.17095786053 47.0346677603257 -1
"1491" 131.596668503451 57.5198089389464 -1
"1492" 29.9876333810386 30.1386333570317 -1
"1493" 344.755550753953 -39.1585452936843 -1
"1494" 335.029879310756 -47.1305641767319 -1
"1495" 171.388789053144 31.8464826607655 -1
"1496" 168.143549132233 35.6362176052757 -1
"1497" 251.142235181609 -57.5218850606331 1
"1498" 16.0711674799876 8.48341820011348 0
"1499" 296.535628757404 -60.3225808632183 0
"1500" 358.443191893757 -22.12630446384 0
"1501" 318.714998733302 -55.3214294813395 0
"1502" 117.296331410954 16.1043022429621 -1
"1503" 116.045986543945 17.105794765023 -1
"1504" 12.3908288474009 37.658345796661 1
"1505" 264.131764263408 -35.7763931930581 -1
"1506" 116.40441267101 16.8205417227827 -1
"1507" 82.7207807282243 36.2985608192872 -1
"1508" 260.26745391578 -37.1513198935927 -1
"1509" 320.755960991731 4.78266883177955 -1
"1510" 134.297070522597 1.15333594311565 -1
"1511" 107.545495550603 23.4036961975361 -1
"1512" 324.325446222711 8.00673586291435 -1
"1513" 311.395017074049 -3.81976125815022 0
"1514" 310.864829577242 -4.30460132006009 0
"1515" 128.773339758778 6.20658718711592 -1
"1516" 115.162079241035 17.8028099014994 -1
"1517" 157.466839722366 -18.9886151779695 -1
"1518" 346.668647099181 25.4747026428213 0
"1519" 343.474502928578 23.3509044541978 0
"1520" 343.407859675252 23.3051221270908 0
"1521" 347.169604955177 25.7951904443562 -1
"1522" 25.3506959081263 -29.3484518546523 0
"1523" 157.066766241105 29.9224351000676 0
"1524" 154.274594927786 29.3865861209229 0
"1525" 87.4306613298641 -1.42663352299523 0
"1526" 97.4497204021201 4.7953066485321 0
"1527" 166.760141993704 31.2900898676975 0
"1528" 179.857554460422 31.9499421499569 1
"1529" 143.719980135558 26.7733951790742 0
"1530" 101.51809414119 7.26729678222453 0
"1531" 109.5521526634 11.9471677394943 -1
"1532" 152.240323692564 28.9555932923758 1
"1533" 140.403056665448 25.7572659414438 1
"1534" 170.838578320749 31.6405692355172 0
"1535" 85.2736258706278 -2.76762254164813 0
"1536" 130.775516207369 22.2748729777898 0
"1537" 56.3767329805506 -18.9211426761798 0
"1538" 324.397291175688 -26.9693424810242 -1
"1539" 2.36949427222506 -31.9224922574285 0
"1540" 332.117280229573 -28.9284211497385 -1
"1541" 156.50345529992 30.8213838462559 0
"1542" 152.562285929991 30.1020318962935 0
"1543" 128.772433708859 22.9403365963727 0
"1544" 96.9182781849392 6.14837972959609 0
"1545" 165.430154709025 31.9791726309001 0
"1546" 180.684263556424 32.4798552795261 1
"1547" 144.332444347782 28.1783205545094 0
"1548" 102.273209270065 9.42052127839997 0
"1549" 107.995686242508 12.7616937701513 -1
"1550" 153.673435684019 30.3179267625832 1
"1551" 141.197859724009 27.2930084848233 1
"1552" 173.086584430774 32.4613013594193 0
"1553" 101.76240513478 9.11376288471121 0
"1554" 129.932872685722 23.4039910046881 0
"1555" 55.5983331424126 -18.4762571305835 0
"1556" 323.8997455571 -28.0611661498908 -1
"1557" 2.58761592776997 -32.4129041789564 0
"1558" 331.77557078429 -29.9429252499871 -1
"1559" 158.555246735824 27.4557479806334 0
"1560" 156.040952779576 31.5453182254344 1
"1561" 51.3351119142514 62.3700397717644 1
"1562" 151.676126640097 37.7645504410752 0
"1563" 163.259990010144 18.8078667215026 0
"1564" 150.171224323034 39.6632881453401 1
"1565" 129.828835436059 56.2094200632901 1
"1566" 184.476268309835 -25.5181029868791 -1
"1567" 155.664830188858 32.1246815087831 0
"1568" 149.42934763144 40.5557886956703 0
"1569" 159.13285337993 26.4629100077739 1
"1570" 154.667930863266 33.6199209085109 1
"1571" 215.962127243401 -57.0169590911218 -1
"1572" 0.650369744572217 18.3379432044651 1
"1573" 111.963728094267 62.5736294280081 -1
"1574" 171.525182255011 1.22007019382924 -1
"1575" 145.685622848112 44.6506282759281 -1
"1576" 151.428296033595 30.5581537279197 1
"1577" 83.1776997650455 35.559462211323 1
"1578" 61.0053698795765 27.9116159767611 -1
"1579" 167.597858550931 22.7004961177113 0
"1580" 146.307310354622 32.4453462260952 1
"1581" 114.777412446762 38.3971197396138 1
"1582" 242.693345469043 -28.6790833470897 -1
"1583" 153.174775587947 29.8498220195533 0
"1584" 144.430536159784 33.0675572997383 0
"1585" 159.856671097356 26.8280555961503 1
"1586" 147.732620329691 31.9481601391406 1
"1587" 116.366967393889 38.3120301425705 1
"1588" 203.434553332378 -3.28932182867966 -1
"1589" 140.904162188653 34.1386516476073 -1
"1590" 176.642217136461 17.0472308379113 -1
"1591" 151.58642454764 30.4953913032247 -1
"1592" 97.3082177871377 5.1562096937773 0
"1593" 163.793245883255 32.7945518776172 0
"1594" 2.7630753929656 -33.7617338485968 -1
"1595" 144.586175867512 28.7490497276484 0
"1596" 101.801413695561 8.07810865329972 0
"1597" 108.713407842625 12.3878270363393 -1
"1598" 154.722238417885 31.281919198076 1
"1599" 141.455526273278 27.7810868803084 1
"1600" 177.050110497953 33.7776040245158 -1
"1601" 83.648182422452 -3.94641947886007 0
"1602" 129.909666183482 23.434758049791 0
"1603" 57.5117054990761 -19.5598026318764 0
"1604" 323.703590032871 -28.4851605907189 -1
"1605" 3.19544911314189 -33.7498077144192 0
"1606" 331.554618468607 -30.5876557483693 -1
"1607" 81.8299190093827 37.6953480637061 0
"1608" 112.570940082219 -30.5158476703844 -1
"1609" 117.868408599538 -39.2824817035977 1
"1610" 99.1562228726631 0.41941471876458 1
"1611" 90.8907634751184 20.6511697551963 -1
"1612" 109.470102941243 -24.378455298049 -1
"1613" 113.895261399558 -32.9071250800866 -1
"1614" 104.452323180718 -12.9554918917848 1
"1615" 97.0579277774807 5.79347672202522 1
"1616" 60.0544986469413 58.4302897881985 -1
"1617" 115.596947536349 -35.7810299434715 0
"1618" 211.653908522677 -67.1958320775408 -1
"1619" 139.743453654719 -59.0465747424395 0
"1620" 199.878104520671 -68.4160607467621 -1
"1621" 173.457293797571 27.4491488754805 0
"1622" 149.479677355572 38.476669299048 1
"1623" 117.884593710682 43.3349724045893 1
"1624" 242.374468186954 -28.7333247157514 0
"1625" 159.040061730171 34.9626221463399 0
"1626" 148.199211230398 38.8667873777964 0
"1627" 168.105209787163 30.5686526765091 1
"1628" 159.900682319908 34.5916548056748 1
"1629" 110.269446596269 43.1502653471364 1
"1630" 207.353171383045 -0.469694035217178 -1
"1631" 136.474518808351 41.6330669437711 -1
"1632" 179.050014290476 23.7585191957644 -1
"1633" 148.420264738914 38.8007376622785 -1
"1634" 307.457968762818 18.3946064460422 -1
"1635" 258.921652000132 45.0570302257552 -1
"1636" 140.036494516175 -5.56137818683102 1
"1637" 265.414084583089 43.399479095129 1
"1638" 297.037211069973 27.283176837727 1
"1639" 187.702562518605 36.5260876579191 0
"1640" 186.525932330699 35.9026250609012 -1
"1641" 145.236517073492 0.107646360314716 1
"1642" 285.17238807155 35.1202858766196 -1
"1643" 152.06034755706 7.51775705438328 -1
"1644" 183.367947648355 34.1212955843936 -1
"1645" 156.911747774343 12.5944418250831 -1
"1646" 205.107098075003 70.3630583569701 1
"1647" 133.348708497511 -1.65369725915624 0
"1648" 138.494035566369 13.3191527711813 -1
"1649" 156.124669867431 48.2255780197297 0
"1650" 138.635537448711 13.7138831899351 1
"1651" 145.807989461235 31.4043742288914 1
"1652" 137.953375849107 11.7986113008273 0
"1653" 119.812235903454 -35.79149524199 0
"1654" 324.094390100489 -27.6368271108894 -1
"1655" 55.9397644828488 -70.947065126245 -1
"1656" 328.948575066609 -37.5351451159712 -1
"1657" 104.172672791404 14.7004494888335 -1
"1658" 77.3268183332201 -47.1456032638027 -1
"1659" 221.407121187959 67.9023731227428 1
"1660" 91.078618235484 -21.9308076312767 1
"1661" 102.295258804554 9.4830018934365 1
"1662" 115.279462866262 39.2514223778422 0
"1663" 86.8008098390807 -31.674560090466 0
"1664" 306.454855995206 -53.3549264574654 -1
"1665" 41.4402287186286 -67.8950456509508 -1
"1666" 314.679893760012 -59.5463361238658 -1
"1667" 129.199993951984 0.795213738361011 -1
"1668" 129.391668731404 0.682060026802846 -1
"1669" 125.047878966804 3.23906245586194 1
"1670" 287.517439233605 -13.0091366925924 -1
"1671" 153.364769023786 -12.9000372810495 1
"1672" 173.84610353097 -22.0492862514517 -1
"1673" 160.730477213985 -16.5377223147203 -1
"1674" 165.131012163378 -18.5324361279027 -1
"1675" 164.995801981032 -18.473267098342 -1
"1676" 309.740292725872 -1.5410395673626 1
"1677" 139.016086652061 13.9893742611554 -1
"1678" 158.231772106074 34.3082223767709 0
"1679" 317.665081155785 -12.2451283974995 -1
"1680" 279.02689516863 34.2997808839098 -1
"1681" 146.251413525119 22.6967340705731 -1
"1682" 194.302520490303 51.5308900809703 -1
"1683" 152.140491555672 28.8587419907482 -1
"1684" 133.011818674864 9.50994073407792 -1
"1685" 142.959921419963 30.5344809026293 0
"1686" 135.554989107163 15.4550019419428 1
"1687" 292.188905944736 35.6648755068739 -1
"1688" 142.836700865264 30.3151424831169 -1
"1689" 221.462834537475 67.9015863641421 -1
"1690" 148.319688181014 39.036457035742 -1
"1691" 5.19075301344997 -35.9781555130323 -1
"1692" 137.331017739674 12.7602719653258 0
"1693" 77.8788259383914 -28.8799842089426 0
"1694" 327.457756263427 -19.7505697285109 -1
"1695" 4.13413589693202 -35.7295601266061 -1
"1696" 333.810035360961 -23.5934546919673 -1
"1697" 128.724467798686 24.9823304044786 0
"1698" 58.741251113589 -20.2380709088768 0
"1699" 322.761320502183 -30.4708910349867 -1
"1700" 4.27665422233574 -36.0212651447473 0
"1701" 330.793545527676 -32.7409562425759 -1
"1702" 163.379676333089 -26.8723990415367 0
"1703" 167.015205548317 -31.1378963077159 -1
"1704" 162.477363419278 -25.7440014157289 -1
"1705" 170.136877590852 -34.444805139807 0
"1706" 164.754183735347 -26.3014516594237 -1
"1707" 161.776218387736 -27.5146057177644 -1
"1708" 167.020499814602 -25.3187634477727 -1
"1709" 343.430057046971 23.2457222545123 0
"1710" 173.514773860712 -42.4326938667381 1
"1711" 345.065447634959 18.7198029400791 1
