"ra" "dec" "antirad"
"1" 129.049641722532 64.2860011648879 1
"2" 173.288173967328 23.2460029128438 0
"3" 215.76259186634 -54.3694775087705 -1
"4" 188.411516164256 -13.8635753783506 -1
"5" 173.08827361716 23.6723745792317 1
"6" 164.553273861692 38.9936011909878 -1
"7" 186.16082803061 -8.31145305483334 1
"8" 24.4239106425781 43.3284212943438 0
"9" 212.303915618856 -51.614830579051 -1
"10" 172.293381719612 25.3377691589732 0
"11" 172.112455604416 25.7100501540784 0
"12" 175.750261302074 17.7571005757543 0
"13" 169.480248869877 30.8364540148552 1
"14" 174.818973347856 19.8833887773845 1
"15" 113.912280784602 67.3850397104102 1
"16" 186.96469971589 -10.3201076330997 0
"17" 158.719317972035 46.4923141367547 0
"18" 4.2867542808863 3.55066098834467 -1
"19" 134.23107747463 62.622882186205 0
"20" 169.439025410739 30.9124056172527 0
"21" 188.862985873545 -14.9471906477532 1
"22" 152.179598777891 52.7236126093735 1
"23" 181.434433779722 3.77333116584302 0
"24" 183.370948612079 -1.20036666897121 1
"25" 170.130640708062 29.6204610661638 1
"26" 182.264211196602 1.64494360564506 1
"27" 190.167151735373 -18.0095390980117 1
"28" 188.464381324552 -13.9910462165531 -1
"29" 185.138430881026 -5.72506653393226 1
"30" 152.571211387649 52.4030812158595 0
"31" 53.3714717408765 63.2423936796145 -1
"32" 181.583572173632 3.39143248226851 0
"33" 192.636621942872 -23.4951415207024 1
"34" 163.986077277852 39.8186786051915 0
"35" 171.754041538672 26.4400393043033 0
"36" 193.869532613525 -26.0653347872229 1
"37" 219.013248183233 -56.5804871444812 -1
"38" 328.667332683361 -55.3479042264411 -1
"39" 159.866805313863 45.1801554803949 0
"40" 168.390882777175 32.7988633690643 0
"41" 148.482565459888 55.4743503964117 -1
"42" 192.251675178299 -22.6690064512088 1
"43" 199.207655733827 -35.8251807267492 1
"44" 178.018237544383 12.353704345819 1
"45" 162.11718473178 42.3839217513867 -1
"46" 170.541713682329 28.8347244036901 1
"47" 142.567971733919 59.0027671305082 0
"48" 130.342431136973 63.9060390434331 0
"49" 173.557302762961 22.6672415638864 1
"50" 143.244000944051 58.6459057546428 0
"51" 70.4155258335755 67.1746371352206 0
"52" 170.782865833287 28.3675836044391 1
"53" 43.6076445479783 59.1922278496841 1
"54" 40.8680036070316 57.7009710758207 -1
"55" 184.626968510585 -4.42096010606196 1
"56" 88.7351838291574 68.6987744264079 -1
"57" 142.877346863258 58.8408042006974 0
"58" 181.197330591825 4.3797237309423 0
"59" 296.194810678418 -67.0532905113054 -1
"60" 142.981434822448 58.7858026660465 1
"61" 143.000664840814 58.7756129617296 1
"62" 160.218361808732 44.763243941754 0
"63" 103.293959473756 68.4281765122929 -1
"64" 57.2445469155063 64.4232847215505 -1
"65" 165.148569650007 38.1034332469687 1
"66" 172.612828339133 24.6742989949988 0
"67" 106.032827502376 35.4507914434784 0
"68" 113.366874267812 49.4837294122663 -1
"69" 232.718053253794 68.1155943755248 1
"70" 75.5143819159557 -50.9449394161215 1
"71" 106.967674798721 37.6396785309139 -1
"72" 248.284133754644 58.9695058832328 -1
"73" 245.770163243565 61.0243923470371 -1
"74" 100.490229807453 19.6767519063164 0
"75" 100.845916836682 20.8304858264018 0
"76" 87.3938656530893 -25.9687627652194 -1
"77" 104.242872868081 30.8842387564472 -1
"78" 84.6549150804478 -33.5029136140173 1
"79" 199.461689882642 74.4172362128749 0
"80" 112.366248521058 47.9490401352395 0
"81" 95.1199060760934 0.629268268741271 0
"82" 197.029028876345 74.5653678193866 1
"83" 95.197448234033 0.916424206044059 1
"84" 121.428464779895 58.8037321092391 0
"85" 82.9024674636356 -37.7074709304335 -1
"86" 238.93569620071 65.3370430858676 0
"87" 74.7804011524844 -51.9385537212019 1
"88" 96.5820837303228 6.02200747850827 -1
"89" 210.041287156723 73.399855694717 0
"90" 142.773113259984 69.9826535508739 0
"91" 204.69580108438 73.9944584716968 0
"92" 238.400871948848 65.6121841693285 -1
"93" 65.2952398585232 -61.3799506644891 -1
"94" 168.047484180771 74.2423575065191 0
"95" 83.9062062808167 -35.3565561601338 -1
"96" 234.584072888002 67.3709200295961 0
"97" 120.804104229302 58.2378007662219 -1
"98" 250.29562562227 57.0882641310425 -1
"99" 84.8771671961775 -32.9358687472114 -1
"100" 81.7277195912534 -40.2712132890254 -1
"101" 69.8299461115934 -57.5445006074865 1
"102" 99.0095545426639 14.6929228986857 0
"103" 97.0970744267229 7.90027468462893 1
"104" 82.3163052320773 -39.0113935823477 -1
"105" 110.888917620916 45.486972760801 0
"106" 111.66170779546 46.8052584391695 -1
"107" 244.740619943223 61.7831399366965 -1
"108" 250.193751059445 57.1891913506256 -1
"109" 75.2406129466466 -51.3211545672136 1
"110" 79.8732916764279 -43.9331671729437 -1
"111" 224.741274803353 70.6402237696111 0
"112" 124.77102066501 61.5021461217079 -1
"113" 126.813082549443 62.9130768740743 0
"114" 71.8135776954268 -55.5063596244553 1
"115" 122.689488922775 59.8843030709549 0
"116" 209.211541238978 73.5039412897666 0
"117" 234.083385681512 67.5775211251034 0
"118" 104.949386705708 32.746740608076 0
"119" 223.987394749445 70.8331819608347 0
"120" 162.094828870421 73.6701554681138 -1
"121" 226.078982989533 70.2805964843758 0
"122" 95.5503840198996 2.22259841149859 -1
"123" 88.5366814577392 -22.4763066857167 -1
"124" 120.771247231279 58.2074238306099 -1
"125" 158.115303246056 73.1659655942229 0
"126" 147.849045760283 71.298732232853 0
"127" 109.682720117851 43.2876981558016 0
"128" 251.545221226871 55.7970412658388 -1
"129" 138.497120020785 68.6009629365942 -1
"130" 194.553804442555 74.6865636660309 0
"131" 230.154155017155 69.0340633281977 1
"132" 132.919651678648 35.4007507839563 1
"133" 194.839460129652 10.3191356679736 -1
"134" 172.869466365558 23.4543663150887 1
"135" 96.7438365254035 34.0453005362412 -1
"136" 195.507430215157 9.85981994235314 1
"137" 216.91944007396 -5.57159449598419 1
"138" 87.5003670596369 31.8777600300491 1
"139" 166.658866820441 26.3362206092155 0
"140" 170.067258590262 24.8031828443377 0
"141" 219.805311933428 -7.6276934571986 0
"142" 163.726197501939 27.5607550928305 1
"143" 175.172476870414 22.2865021814443 1
"144" 111.907866996604 35.9564284710371 1
"145" 221.343921923442 -8.708777968416 0
"146" 153.106216072362 31.2746459600116 0
"147" 34.1387855653308 3.56327220695688 -1
"148" 89.4590945485734 32.403276029501 -1
"149" 164.009280590687 27.4463561674916 0
"150" 196.786841849999 8.97288865997823 1
"151" 132.8909538589 35.4040418438599 1
"152" 208.162575363904 0.798616452711956 0
"153" 185.754773017245 16.2586769553973 1
"154" 171.554424920943 24.0972601548828 1
"155" 184.051300473127 17.2990632862036 1
"156" 18.3199579331601 -7.89858736512644 -1
"157" 197.97762506578 8.13949386283315 0
"158" 183.187678485363 17.8166965786565 1
"159" 130.204060613808 35.6810294722314 0
"160" 233.836083145603 -16.9221979905702 1
"161" 168.105005601565 25.7002116704844 1
"162" 205.565492068445 2.694334275951 1
"163" 150.743446996518 31.9511053531874 0
"164" 169.666200033682 24.9897089030341 0
"165" 206.98116511166 1.66188055459529 1
"166" 86.1123005314582 31.4833102605234 1
"167" 297.335073952841 -36.1658791753366 -1
"168" 143.418043242889 33.7152977534312 0
"169" 202.785607944074 4.71066470940176 1
"170" 91.0888996480291 32.813084681427 -1
"171" 202.867482588982 4.65155556383594 1
"172" 213.638027048428 -3.19949406859864 1
"173" 182.951759175068 17.9569299596511 1
"174" 148.828320783792 32.4605202388642 -1
"175" 169.09320309143 25.2533622124484 1
"176" 203.502181222758 4.19269763989756 1
"177" 88.5892752273845 32.1743784743263 -1
"178" 173.819653136684 22.9789772411275 1
"179" 219.609636973446 -7.48938990917769 1
"180" 55.8457207647033 18.127558272217 0
"181" 169.168264713171 25.2190142233785 1
"182" 102.79180881845 35.045882643904 1
"183" 221.862914343636 -9.07072196911082 1
"184" 182.031270127295 18.499216465839 1
"185" 72.2310961129815 26.5001112266805 -1
"186" 113.743155975527 36.054784946709 0
"187" 195.407498574364 9.92870387634635 0
"188" 126.116779547042 35.9851416084321 1
"189" 134.836024772828 35.164969069309 1
"190" 139.450730947575 34.466387461783 1
"191" 80.015848574444 29.5302625871412 -1
"192" 88.009811600891 32.0179301545409 -1
"193" 190.002851385223 13.5581541340598 1
"194" 162.75104407285 27.9486317383463 1
"195" 172.225399635357 23.7714214976355 0
"196" 182.076109004457 -33.6831159544176 -1
"197" 155.935901583811 3.97079408473174 1
"198" 306.128629367291 -41.4292529575938 1
"199" 175.783451873785 -26.3976494098047 1
"200" 21.5415871638555 48.579522613939 -1
"201" 208.302384135524 -51.7316671787667 0
"202" 139.687353600446 27.9014606039268 0
"203" 149.874322203141 13.6965257286569 -1
"204" 138.073670171264 29.833049852322 0
"205" 148.109514969198 16.3848430338276 1
"206" 169.76423430538 -18.1585936131607 1
"207" 292.461827394396 -49.9236157327484 -1
"208" 164.085033232314 -9.41259111473477 0
"209" 148.922491085949 15.1565778130418 0
"210" 160.055844648569 -2.84027813963505 1
"211" 108.088726682256 51.8479967061341 -1
"212" 148.795432317409 15.3497134677411 0
"213" 181.577631843279 -33.1557966558024 1
"214" 132.901983134345 35.4183008155052 1
"215" 154.743183679199 5.92795526657257 0
"216" 179.059779048184 -30.3624189051562 1
"217" 185.706256052172 -37.2753692193393 1
"218" 178.477889986566 -29.6856440003421 1
"219" 183.451206159412 -35.0945961815973 1
"220" 179.723604304097 -31.1201088765444 -1
"221" 188.529333498808 -39.7811823113973 1
"222" 131.351811089508 36.9187073433635 0
"223" 233.477452959828 -57.9996027034454 1
"224" 249.010145896911 -58.8672652809282 1
"225" 184.469423735066 -36.0995690512769 1
"226" 141.993947337108 24.9826776276025 -1
"227" 152.022997831363 10.322579274864 -1
"228" 186.332642220522 -37.8524172481899 1
"229" 221.990404074405 -56.020171462423 -1
"230" 304.489164799415 -42.6836287396649 0
"231" 138.657089519957 29.1451982556181 0
"232" 120.198619416501 45.6383271247799 -1
"233" 295.39146143091 -48.4438536008881 1
"234" 185.118603991095 -36.7227924357638 1
"235" 193.820370084956 -43.861682882321 1
"236" 162.464866605529 -6.79371188959777 1
"237" 141.726762135152 25.3302271465464 -1
"238" 159.763028015215 -2.35664528327387 1
"239" 264.337723532301 -57.8583039509396 1
"240" 106.071932124409 52.6314849825138 -1
"241" 157.684483807971 1.08306111936024 1
"242" 94.6011501842468 56.0398458118599 -1
"243" 65.1981301931578 58.8308827370357 -1
"244" 158.321598532405 0.0283470969573099 1
"245" 234.785799779395 -58.1482774679578 -1
"246" 220.946256305096 -55.7745480437847 1
"247" 189.554393089882 -40.6322740763057 1
"248" 261.02199967932 -58.2390521703206 1
"249" 121.311514092313 44.915330747684 -1
"250" 160.806143516642 -4.07713901200001 -1
"251" 305.016303077492 -42.288236187317 -1
"252" 134.528617189322 33.7593351852806 1
"253" 138.947965452323 28.7978126742921 1
"254" 120.321027498241 45.5602285164534 -1
"255" 274.781100835427 -55.9985314363855 1
"256" 223.788991600889 -56.4157728382705 1
"257" 157.882938102676 0.75458264338996 1
"258" 161.470818643314 -5.1691427495503 0
"259" 207.816656937689 45.9962674498938 0
"260" 198.786231154558 23.9706861008539 1
"261" 193.883823045805 6.74839331244808 -1
"262" 292.1890949734 75.1289517322181 1
"263" 355.642440829753 47.3169751729774 -1
"264" 197.03868582413 18.1882054607838 1
"265" 202.427722421883 34.4113886882052 1
"266" 14.1825998428646 -7.87202589317559 -1
"267" 205.824979400381 42.2017175118019 0
"268" 335.004929631398 66.5701626601151 0
"269" 286.47485829499 75.3077054235168 -1
"270" 9.38152170267091 10.3231076698102 -1
"271" 271.331603645806 75.0969001864404 1
"272" 11.1577432164879 3.64118983968176 1
"273" 213.409180603023 54.2542199080577 1
"274" 206.766822372773 44.0612561394347 1
"275" 185.057597854056 -25.1587127439612 -1
"276" 222.73301806224 62.8302870667975 0
"277" 12.784906862772 -2.57575802779899 -1
"278" 354.838730248247 48.6350881364751 -1
"279" 3.49186634869973 29.8226374019417 -1
"280" 354.919914207165 48.505227899107 -1
"281" 171.406134093003 -53.5183845752381 -1
"282" 8.2342819518244 14.4993976572962 0
"283" 6.42733724683561 20.7471793354539 -1
"284" 218.335731645085 59.38975814665 1
"285" 234.635653784926 68.8535010061796 1
"286" 9.32301401466087 10.5393095841423 -1
"287" 177.366285738656 -44.230702334439 -1
"288" 209.908860000614 49.458454924322 1
"289" 205.470114024966 41.4691964385504 1
"290" 173.052028260052 -51.3179521650342 -1
"291" 350.182789820786 55.0049203506844 -1
"292" 214.771197695602 55.8391183721372 -1
"293" 214.244067751452 55.2423453071963 1
"294" 15.3221034386301 -12.0929521216416 -1
"295" 206.014406136842 42.5854791399079 1
"296" 171.957480672535 -52.8080977884744 -1
"297" 154.686195680132 -66.7226212207344 -1
"298" 202.914883954865 35.639663678046 0
"299" 214.002035161186 54.9614173891106 1
"300" 247.725108104519 72.4217165790132 0
"301" 196.573224957625 16.5722837344683 1
"302" 215.413950742727 56.5398646391382 1
"303" 209.843660248797 49.3579082473765 0
"304" 199.25050682519 25.4257066897997 1
"305" 220.661082117758 61.3199076892627 1
"306" 230.629760298187 67.2271650042019 0
"307" 353.551213248677 50.6009482190825 -1
"308" 223.362764254425 63.2548507781431 1
"309" 6.49777696436121 20.5123426141727 -1
"310" 229.819462215697 66.8561728670243 1
"311" 220.175783642543 60.938931663009 1
"312" 14.6595585114606 -9.6524276023616 -1
"313" 326.911948921719 69.7733914058577 -1
"314" 274.733151435989 75.2314736590449 -1
"315" 303.746552361479 74.2910289074871 -1
"316" 199.74497880904 26.9360691183155 1
"317" 60.2580028612969 -70.6592158274889 -1
"318" 13.1746050890352 -4.06108273831009 -1
"319" 301.47178524069 74.5113128648199 0
"320" 237.738937378468 69.9101326910646 1
"321" 183.191355773328 32.5978596443604 0
"322" 229.142534844069 50.8398546958433 0
"323" 237.047219456251 51.5003229060387 0
"324" 134.795025903663 -21.3193780479122 0
"325" 174.354721619244 24.9138632399624 0
"326" 177.604744868245 27.9391990306369 0
"327" 169.904422248248 20.4002194947594 0
"328" 194.940308441767 40.2971417155441 1
"329" 175.788030985414 26.2767194510983 0
"330" 110.014281933862 -40.6309391620803 0
"331" 146.630815598449 -7.71606062381736 0
"332" 322.877499464478 12.2671322937631 -1
"333" 150.862138136832 -2.42972436246178 1
"334" 220.491015854931 49.4566768837267 0
"335" 200.067945531857 42.8705636495984 0
"336" 215.201068205795 48.2367558919294 0
"337" 76.5030632443047 -50.8312335084352 0
"338" 157.370887661222 5.76657343529379 0
"339" 189.267900401681 36.9152996832153 0
"340" 171.938202931163 22.5150395218631 0
"341" 186.521525915705 35.0572450214555 0
"342" 216.124346175976 48.4716185265462 -1
"343" 225.104429472263 50.2841231328186 1
"344" 181.835294332761 31.5293410080106 0
"345" 242.811075933068 51.6405228242289 0
"346" 234.266033743884 51.330685822484 0
"347" 170.945403713053 21.4934219855419 0
"348" 240.294125349213 51.6141316126062 0
"349" 218.505143816555 49.0339242287773 0
"350" 185.72928758651 34.4930292652248 0
"351" 239.839107955168 51.6036092042136 0
"352" 127.663760107102 -28.2109573230608 0
"353" 48.0047082160747 -50.698667329112 -1
"354" 236.500702420066 51.4722755411348 0
"355" 176.996475013727 27.3906734619962 0
"356" 203.20321588031 44.2392897917312 0
"357" 228.01995568936 50.7006382870786 0
"358" 242.960679099391 51.6403967218648 0
"359" 252.585382501854 51.230101837557 -1
"360" 240.13786361417 51.6107168561674 0
"361" 165.59377700757 15.64675069594 0
"362" 184.74223448286 33.7719737518393 0
"363" 224.305169286298 50.1558019503391 0
"364" 181.498124935626 31.2575284073092 0
"365" 189.368891306007 36.9807866943912 0
"366" 225.104918924779 50.2841998266165 0
"367" 163.900793650008 13.6885466053818 0
"368" 138.218188743512 -17.6313714374165 0
"369" 222.805225254876 49.8981746708634 0
"370" 180.442110887134 30.3902648398244 0
"371" 238.493642773899 51.5621625284668 0
"372" 239.800941885978 51.602646410314 0
"373" 144.377987122212 -10.4683407532514 -1
"374" 133.017635487735 -23.1398815792085 0
"375" 123.633133415563 -31.6133569100168 0
"376" 135.551787895553 -20.5242555741809 0
"377" 186.785931993167 35.242699437734 0
"378" 253.367879859684 51.1614128256428 0
"379" 182.688235514851 32.2060176082013 0
"380" 159.055817698241 7.85584838969318 0
"381" 171.516165826801 22.0832823844595 1
"382" 202.12706525429 21.7061339223816 1
"383" 220.201802604213 7.23955468271727 1
"384" 269.125517120558 -30.55403909815 -1
"385" 218.622044905135 8.62171313981615 0
"386" 186.641679111497 30.9621804867091 0
"387" 262.068987389513 -26.6535968746002 0
"388" 177.887094204383 34.8242902696395 1
"389" 177.313945181936 35.0445984549108 1
"390" 292.008425558816 -38.9888472917193 -1
"391" 236.119290472853 -7.01040420384278 -1
"392" 156.256601565122 40.6549678425738 -1
"393" 51.7494331343498 3.11753341834265 -1
"394" 267.831649705025 -29.8877987471308 1
"395" 177.187380720843 35.0927260252052 0
"396" 201.458636045371 22.1708021745407 1
"397" 318.658595693188 -42.0747875569502 -1
"398" 230.319065435766 -1.83018437837388 0
"399" 187.987395218116 30.2829773852499 1
"400" 347.547825695284 -38.2248475589814 -1
"401" 185.929743095366 31.3120770901058 1
"402" 22.7364470413358 -21.2775308157029 -1
"403" 203.662873899402 20.6169146880318 0
"404" 181.635966643304 33.2863324119187 1
"405" 136.711430901298 42.0645480922092 -1
"406" 233.895870193602 -5.03918823404325 1
"407" 335.072571358575 -40.8381668563633 -1
"408" 211.345278730665 14.7419269586009 1
"409" 163.030547201345 39.3493052726777 -1
"410" 182.526788963274 32.8956924696836 0
"411" 212.453199835646 13.8408698376873 1
"412" 267.63456534333 -29.7844049410756 -1
"413" 302.42469145278 -40.9709190723415 0
"414" 152.994426961111 41.128233157899 -1
"415" 326.656719413488 -41.7706607740252 -1
"416" 268.325501707742 -30.1446593382998 1
"417" 207.84377978251 17.5042201249439 1
"418" 218.212418553936 8.97751379597328 1
"419" 192.746012396044 27.6916230473063 1
"420" 338.719332979226 -40.231569810589 1
"421" 353.93305923183 -36.2663654246118 -1
"422" 187.20528065886 30.6805679912994 1
"423" 267.041085461693 -29.4699915977548 1
"424" 182.999772184985 32.6842842222631 1
"425" 201.696613526077 22.0060267184549 1
"426" 54.2060968417917 5.31557320482064 -1
"427" 355.11182943331 -35.8553354925569 -1
"428" 281.857166281688 -35.9922392477347 -1
"429" 222.043306184043 5.61089988208139 1
"430" 179.881699258278 34.0271416611877 1
"431" 251.069149682459 -19.2661443494404 1
"432" 116.85190341524 40.0411312476009 -1
"433" 210.892433653246 15.1066164873357 0
"434" 305.197842102037 -41.3258210207517 -1
"435" 316.524482044381 -42.0618326769322 -1
"436" 320.244924796077 -42.0587955226345 -1
"437" 226.915724274322 1.2409960112868 1
"438" 267.590443888366 -29.761188655171 1
"439" 182.323367380549 32.9857608001318 1
"440" 345.336827798625 -38.8013903054511 -1
"441" 177.554874337294 34.9524616256162 0
"442" 241.150342285488 56.6539300028566 0
"443" 162.785165487055 -42.3290889693433 0
"444" 199.518033577911 17.2312654662772 0
"445" 211.663081484275 35.4149594996383 0
"446" 194.400341630385 7.74417039295929 0
"447" 218.843316032204 43.0516880544911 1
"448" 166.270871164126 -38.7796393985811 0
"449" 108.716628206804 -62.7630477164852 0
"450" 185.11396255289 -10.3056621143647 0
"451" 302.42027009563 61.2181875345779 -1
"452" 8.58502802122015 3.61335083308497 -1
"453" 223.477059260596 46.9539469967586 0
"454" 221.303463252092 45.212901890766 0
"455" 199.829581895838 17.7803259353735 0
"456" 243.551169445184 57.5121516294965 1
"457" 191.797006467449 2.68479930856488 0
"458" 181.105113852332 -17.6431215506974 0
"459" 180.671280934204 -18.4026287109758 0
"460" 179.79226245318 -19.9179759047609 0
"461" 203.995469016347 24.7279459903496 -1
"462" 213.459547853037 37.5268886294572 1
"463" 185.461046199159 -9.64738222574257 0
"464" 236.165279680143 54.5769928742452 0
"465" 234.296731814436 53.6835200708131 0
"466" 187.073284987325 -6.55414331347601 0
"467" 267.062958940641 62.3657277098339 -1
"468" 225.217758339797 48.2431192512949 0
"469" 219.778014982416 43.8977560430706 0
"470" 80.0255721632844 -61.4775400792 1
"471" 154.146199262894 -49.2791923459428 0
"472" 48.5063766007738 -50.4462376208317 -1
"473" 232.193283498556 52.5937349742116 0
"474" 196.228283501866 11.2214101564257 0
"475" 213.380453573766 37.4368748837359 0
"476" 226.400562607409 49.0691776480647 0
"477" 257.10468924837 60.9829791656211 -1
"478" 221.066813833265 45.0140706674229 1
"479" 233.202813000191 53.128299120247 0
"480" 126.636340944811 -60.4149322618824 -1
"481" 197.893787531595 14.3097169142174 0
"482" 225.890348882111 48.7176498748574 0
"483" 237.675485814654 55.2513177296631 1
"484" 202.023077858763 21.5333310782969 0
"485" 225.617122826375 48.5264236704396 0
"486" 107.050091119265 -62.8516955298386 -1
"487" 161.552093835351 -43.4730958124789 0
"488" 222.707985607139 46.3551255120922 0
"489" 185.255209424377 -10.0381379122224 0
"490" 237.152905504608 55.0226409353132 0
"491" 235.587609005524 54.3079439418559 0
"492" 195.576481609718 9.99083137434139 0
"493" 139.599446934418 -56.6939698105367 0
"494" 112.352973781238 -62.4983394580777 0
"495" 130.683797105434 -59.4724451605127 0
"496" 203.525523775512 23.9829059764445 0
"497" 249.800642063116 59.3766517218533 -1
"498" 192.912296683601 4.86333171634075 0
"499" 144.349078093296 -54.733466102757 0
"500" 303.923314570463 60.951498852913 -1
"501" 199.631274372642 -51.5172427777525 -1
"502" 220.337244840397 7.76124653746646 0
"503" 228.784451146727 35.3908017580187 0
"504" 216.842892007808 -5.86864305874787 0
"505" 231.821611653202 42.4186266172845 1
"506" 323.176009322211 75.2198193893551 1
"507" 106.678875482991 -74.653538266918 -1
"508" 215.98114416198 -9.18647996775775 0
"509" 278.383389119598 73.5958436352702 0
"510" 37.4502560882514 3.50407208593386 -1
"511" 230.526040129913 39.6002797076713 0
"512" 233.008911567152 44.7852085316741 0
"513" 86.9865669296546 -71.2321402807354 -1
"514" 242.389583562455 57.9543572460675 1
"515" 218.241461633318 -0.406444356107915 0
"516" 336.008657695277 73.9352053465148 1
"517" 195.136163643854 -57.0891198731421 -1
"518" 160.641802076399 -73.2097727598584 -1
"519" 92.3885610106323 -72.5110003401866 -1
"520" 246.889523491796 61.9084844165003 0
"521" 192.583154396639 -59.5947338599447 -1
"522" 238.582431409191 53.5972720662984 0
"523" 234.216974595743 46.9976194192941 0
"524" 207.464917509489 -36.5040610842476 -1
"525" 234.184069539102 46.939827965123 1
"526" 233.969103381876 46.5589570775117 0
"527" 232.847183831483 44.4744117613985 0
"528" 234.130324034013 46.8451448904769 1
"529" 194.014996756037 -58.2397166082544 -1
"530" 54.3043073874419 -47.1503531999932 -1
"531" 236.940131342246 51.3456355590126 0
"532" 216.085865569002 -8.78623635645494 0
"533" 225.483213695325 25.9753287143978 0
"534" 249.177152380562 63.5432474003919 1
"535" 225.853430647043 27.1272925215094 1
"536" 55.4904412792211 -49.1343049613582 -1
"537" 237.565792523995 52.233446226221 0
"538" 268.425634477944 71.6052213526127 1
"539" 214.294692485112 -15.4796558056152 0
"540" 231.781559688531 42.3352827990406 0
"541" 240.051142646829 55.4091168426749 1
"542" 217.396439317803 -3.71421192966752 0
"543" 228.645790218023 35.0338279137128 0
"544" 257.37376572695 67.9505205223121 1
"545" 14.9121344936126 57.3257187208072 1
"546" 222.156907004306 14.6090575668956 0
"547" 194.269975859394 -57.9852697002846 -1
"548" 238.019154748003 52.8533355927301 0
"549" 237.995693828211 52.8217265954772 0
"550" 223.197829968973 18.3494238345555 0
"551" 152.397780103649 -74.3947827486931 -1
"552" 98.6217850984051 -73.6328584765069 -1
"553" 122.442753471347 -75.6185658535524 -1
"554" 220.427800138055 8.10930526608436 0
"555" 247.851633891266 62.6227185936979 0
"556" 207.877229673856 -35.4639560669856 -1
"557" 298.452902926901 75.4847905479388 1
"558" 263.734183331619 70.2887695057267 0
"559" 99.749577779911 20.470123190377 0
"560" 121.631912145716 -6.00935059576406 -1
"561" 91.1059530338354 28.8626668404803 -1
"562" 122.337277869363 -6.88896928345282 1
"563" 165.209626391576 -43.4516707199641 1
"564" 111.190469816917 7.15271924732751 1
"565" 119.858845134844 -3.78285982040175 0
"566" 139.516287713131 -26.0241518558327 -1
"567" 117.257553611908 -0.491486332387169 1
"568" 88.5551784925067 31.0251461842081 -1
"569" 124.003140309459 -8.94845913925913 -1
"570" 173.66035153743 -46.693887955428 1
"571" 114.363501200343 3.17405306250229 1
"572" 111.594804733681 6.64971429415944 -1
"573" 175.267829794665 -47.2029322033155 1
"574" 191.18933599158 -50.6793399859978 1
"575" 175.243198420193 -47.1953735892986 1
"576" 176.333561641283 -47.5229070237238 1
"577" 169.348319210987 -45.1635333080653 -1
"578" 190.306499914513 -50.5541892410117 1
"579" 111.002480452842 7.38609320126116 -1
"580" 233.60690698947 -48.554847145274 1
"581" 224.965209704508 -50.3194823120429 1
"582" 174.433372848043 -46.9427001255358 1
"583" 117.659069424763 -1.00051322444988 -1
"584" 127.525029937135 -13.1951542019695 -1
"585" 177.328365845812 -47.8092974329705 1
"586" 261.081460441312 -36.5588689301435 -1
"587" 102.753521414443 17.1852723020159 1
"588" 116.475879286528 0.499687868471547 0
"589" 78.1649529247126 38.4119141095956 -1
"590" 88.9133809736867 30.7300972608661 -1
"591" 177.106311152373 -47.7463870182718 1
"592" 188.202351209866 -50.2259944686944 1
"593" 142.21023870573 -28.4895504021251 1
"594" 119.771487012071 -3.67269885501931 -1
"595" 148.397583434223 -33.5475090808475 1
"596" 240.318524616945 -46.6154434293462 1
"597" 88.1228258263415 31.3775442223896 -1
"598" 138.380745122702 -24.9368377975826 1
"599" 248.534490661663 -43.4497979065883 1
"600" 60.923719598811 46.4135254874408 -1
"601" 324.640888768493 30.5760898985545 -1
"602" 155.03520678285 -38.0812515572254 1
"603" 221.114843194736 -50.8673177161819 1
"604" 191.881156425217 -50.7723083938939 1
"605" 254.955036671405 -40.2677535629547 1
"606" 102.639663359516 17.3129471222771 -1
"607" 129.407406755945 -15.390459610375 -1
"608" 132.505516218983 -18.868549837189 1
"609" 126.971039455685 -12.5384323924834 1
"610" 135.443239985744 -21.9936770675735 1
"611" 265.778211655084 -33.218242631237 1
"612" 87.9196357605748 31.5417539903553 -1
"613" 218.310769282355 -51.179979835059 1
"614" 151.049744194893 -35.4654306467697 1
"615" 149.396787876197 -34.2872106498751 -1
"616" 171.578699891938 25.4773993263614 0
"617" 147.181829437702 27.9963033721265 1
"618" 162.659327802948 26.9030450293792 1
"619" 175.533464455162 24.6573197004226 1
"620" 111.570171570802 23.8937033710833 1
"621" 245.851567736644 -5.62434504063851 -1
"622" 152.116988277291 27.836719945017 0
"623" 60.4325917324906 2.78648764690281 -1
"624" 258.06295194558 -11.6853986171712 1
"625" 163.130281049385 26.8424001653901 0
"626" 199.618078753599 17.1917891211794 1
"627" 126.942136259137 26.8038074288047 1
"628" 240.847666671562 -3.00572428456561 0
"629" 186.574747497389 21.7555449871383 1
"630" 171.193114588358 25.5511637836542 1
"631" 184.677736878112 22.3179686643461 1
"632" 21.1212421004465 -16.5907439283896 -1
"633" 201.64795751126 16.3766552167492 0
"634" 182.722947847662 22.8699193769456 1
"635" 122.603231025609 26.1591008620125 -1
"636" 233.92350440914 0.669834751457076 1
"637" 167.783694139239 26.1556126324021 1
"638" 210.292128876954 12.6199541460726 1
"639" 145.570055170695 28.0102194831608 -1
"640" 170.618211894715 25.6591044784711 0
"641" 211.604863219963 12.0121758588424 1
"642" 95.9443439004841 19.1529583212021 1
"643" 286.272414279767 -22.4859249992494 -1
"644" 137.357919114326 27.7891055537837 0
"645" 183.258013532769 22.7216316847884 1
"646" 250.420923548223 -7.95907697849181 1
"647" 206.553851382333 14.2989247963304 1
"648" 218.163525057154 8.84983762420921 1
"649" 186.548962176383 21.763366043101 1
"650" 144.238817845227 28.0075371674418 -1
"651" 169.343560138455 25.8897168460626 1
"652" 195.192490627338 18.8736436981707 1
"653" 78.6425017434804 11.9569281467514 -1
"654" 175.304459922258 24.7079660871747 1
"655" 206.82031660945 14.1818890881058 1
"656" 53.4423278997723 -0.925658299403493 -1
"657" 169.490942927631 25.8636655611471 1
"658" 112.048895039554 24.0106997379825 1
"659" 222.059072195138 6.88696245731826 1
"660" 181.436013121087 23.2179414136017 1
"661" 249.362041078148 -7.42403379156758 1
"662" 105.146298906829 22.1600511752203 0
"663" 207.252554381864 13.991160663292 0
"664" 127.43186907904 26.8678900220386 1
"665" 133.27037416154 27.4967204740197 1
"666" 138.870828066538 27.8665563537034 1
"667" 221.161823528972 7.34379951952248 1
"668" 85.1979375126478 14.9009053476523 -1
"669" 187.108834203223 21.5924594910647 1
"670" 162.535818519808 26.9186803053571 1
"671" 172.852496250291 25.2258981804333 0
"672" 165.031620492864 22.3931053394428 1
"673" 308.810897144535 0.89322239298834 -1
"674" 175.952625310088 27.3001768543036 1
"675" 290.756361768464 13.3616957754522 -1
"676" 303.843405018856 4.44606672824413 -1
"677" 148.363914178591 12.7241095576245 -1
"678" 128.400443663747 -1.18804288979362 -1
"679" 234.148519936226 34.8807923585454 1
"680" 140.22711965738 7.23497946869667 -1
"681" 207.005338163961 34.9993638929672 1
"682" 284.09743967188 17.4629195707847 -1
"683" 319.338375392077 -6.61454612199098 -1
"684" 188.189948133381 31.4014488092632 1
"685" 171.248166159898 25.3319029092523 1
"686" 185.841576154506 30.7262911806211 1
"687" 28.336053218208 -35.1367617798494 -1
"688" 212.021805047974 35.4394107957443 0
"689" 182.053550935318 29.5263566074213 1
"690" 273.161564038345 23.3389573442688 1
"691" 234.113193008346 34.8849482389332 1
"692" 169.049933013075 24.3365593117425 1
"693" 223.811563444924 35.6482564362035 1
"694" 281.342140047224 19.0492399758997 1
"695" 168.224731028159 23.9504946613519 0
"696" 224.560540950027 35.6226334059718 1
"697" 294.959732095632 10.6011759144399 -1
"698" 252.049843097848 31.3648481012504 -1
"699" 103.281761688492 -17.9396393551903 -1
"700" 176.703467455114 27.5939453569966 1
"701" 215.606312387282 35.6248270473004 1
"702" 216.536028960325 35.6554803919139 1
"703" 230.142425762187 35.2846138648017 1
"704" 200.790785781149 34.1572694359594 1
"705" 294.669603150741 10.7954394975517 1
"706" 168.66917822997 24.1592669998158 1
"707" 186.925733036532 31.0444661751021 1
"708" 237.362898855867 34.4579201279609 1
"709" 178.577106788203 28.3026858365741 1
"710" 193.389275776398 32.7130369523 1
"711" 228.577531800766 35.4056252874602 1
"712" 168.638980590743 24.1451442634314 1
"713" 308.16418367506 1.35768950539578 -1
"714" 222.476897079002 35.682391401191 1
"715" 180.638983213393 29.0426977703887 1
"716" 243.197469592649 33.460972265929 1
"717" 260.171323235008 28.7952048479248 1
"718" 275.96656205106 21.9409022144796 0
"719" 310.43349415764 -0.272872092698904 -1
"720" 308.713317637429 0.963321382767049 -1
"721" 317.258835710638 -5.15102752263397 -1
"722" 191.819074073136 32.34323043687 1
"723" 258.730403522973 29.2975600444426 1
"724" 183.662126989362 30.0527637936114 1
"725" 161.260773421807 20.4256380334265 1
"726" 173.286848848574 26.2119336267528 0
"727" 159.058845753221 24.5663567389755 1
"728" 174.592257033757 18.3018911383231 1
"729" 291.771062492535 -31.424543884365 -1
"730" 221.610171719702 -8.6830350463302 0
"731" 151.830173941538 26.7948797457312 0
"732" 33.0528483494806 3.58010854818592 -1
"733" 266.575141008408 -27.8399196595912 1
"734" 159.678607917874 24.3547936005637 0
"735" 196.054845542804 6.76672366734577 1
"736" 129.642511030803 30.9357232806466 1
"737" 205.358536026872 1.13099586249541 0
"738" 185.278108864853 12.9068162648101 1
"739" 172.72384580964 19.1590350088473 1
"740" 183.633717238689 13.7879108678765 1
"741" 17.6684728543244 -5.80418410477071 -1
"742" 197.115565664228 6.13494790862879 0
"743" 183.534804824484 13.8403619153362 1
"744" 126.400236014995 31.2097210483439 0
"745" 233.844116333585 -15.3876918592242 1
"746" 172.323664311369 19.3390620606023 1
"747" 204.952735741346 1.37977484957958 1
"748" 145.918365358098 28.2917949890501 -1
"749" 165.76429794271 22.1059625711752 0
"750" 206.453676751473 0.459177137340676 1
"751" 268.84825509491 -28.3742223380135 -1
"752" 293.099555578876 -31.4738524561578 0
"753" 139.153276595077 29.6506912791523 0
"754" 207.702490385191 -0.307247136059663 1
"755" 265.956440307837 -27.6870697496225 1
"756" 202.262634284875 3.02486764434928 1
"757" 213.413358090593 -3.79923326729596 1
"758" 180.61858378447 15.3576121300313 1
"759" 144.767617972426 28.5494414865402 -1
"760" 167.617760433269 21.3597257834783 1
"761" 205.045371741501 1.32299352639944 1
"762" 266.087898225846 -27.7198127689769 1
"763" 171.23152078723 19.8239122482317 1
"764" 219.630589160502 -7.52482640087579 1
"765" 55.5971441543018 16.2708243192804 -1
"766" 167.359102497581 21.4655676156909 1
"767" 286.419729842645 -31.0862123177565 -1
"768" 221.865907976319 -8.83144584223927 1
"769" 182.525144384364 14.3721116683392 1
"770" 251.697413382777 -23.2747646057593 1
"771" 110.527889949013 31.3659286351991 -1
"772" 192.510528994912 8.84727263206095 0
"773" 126.842300101414 31.177228992828 1
"774" 133.844593876626 30.4570377308566 1
"775" 139.021763212471 29.6734098658352 1
"776" 251.812454896422 -23.3172092783831 1
"777" 267.277989731339 -28.009699625691 1
"778" 191.379928154613 9.49968587160516 1
"779" 161.86466768215 23.5827292375101 1
"780" 170.689971246565 20.0607970798229 0
"781" 177.217924725967 34.5402229647934 0
"782" 110.674950564137 -16.9934467868801 0
"783" 124.821050279375 -4.60546647420879 0
"784" 149.469408778864 17.484058474173 1
"785" 128.489390868733 -1.19345586205248 1
"786" 227.736230185181 42.7781335590992 0
"787" 167.990059116733 30.0317444597608 1
"788" 211.334635509428 42.7448585997112 0
"789" 99.8225864543722 -25.0032833631816 0
"790" 136.96703902006 6.67903714322622 0
"791" 189.708132650879 38.9613646565578 0
"792" 169.755755114002 30.9819277132816 0
"793" 187.05706891249 38.1728860971096 0
"794" 212.376098362113 42.817009094185 -1
"795" 217.762217639683 43.0379024364344 1
"796" 181.288937546565 36.1829454142243 0
"797" 266.094635551124 32.8294130325246 -1
"798" 234.170675089447 42.1437159008265 0
"799" 165.841393956294 28.8179548911056 0
"800" 229.676323932055 42.6260232907225 0
"801" 262.749959476486 34.3530553822046 -1
"802" 211.70947123016 42.771933114841 1
"803" 230.022414212556 42.5953611361432 0
"804" 116.136745188466 -12.4171998052482 0
"805" 63.0071875695831 -40.6465021824807 0
"806" 274.224451313796 28.5077168069183 -1
"807" 170.689026080449 31.4671117262113 0
"808" 206.500519707706 42.283081974063 0
"809" 221.359833847513 43.0443569284699 0
"810" 234.533233394214 42.0967850930646 -1
"811" 216.146665561975 42.9983100295076 0
"812" 288.793312882552 18.4915721440848 -1
"813" 171.962855691454 32.1105165115911 0
"814" 182.318486914457 36.5665466050084 0
"815" 231.704124575259 42.4310580950306 0
"816" 191.077831796814 39.3388606698757 0
"817" 187.874136620652 38.4241352424712 0
"818" 227.059446272874 42.8233369096459 0
"819" 173.19710699783 32.7134044029121 0
"820" 128.217387564151 -1.44738230886874 0
"821" 222.627331094298 43.0197737118455 0
"822" 179.634345237253 35.5397912328353 0
"823" 241.581501271768 40.9390033357468 -1
"824" 254.168724454033 37.6289223797367 -1
"825" 105.92623418616 -20.6890849755537 -1
"826" 130.400237531959 0.591590415339138 0
"827" 128.709707484854 -0.987726279474045 0
"828" 137.382587454338 7.05854445327226 0
"829" 183.420571601192 36.9632836620852 0
"830" 257.321736169991 36.5275719471377 -1
"831" 180.837952082501 36.0109223966251 0
"832" 162.51377374054 26.8120836301853 0
"833" 177.367222636672 34.604087214691 1
"834" 102.221455657303 -82.2477386246538 -1
"835" 170.896287403222 -9.84623240079085 0
"836" 201.569870660134 75.3996768983888 0
"837" 351.751280528994 3.25574233534882 -1
"838" 186.992625890601 63.4437393226029 0
"839" 177.337038398766 35.1649720202057 0
"840" 159.276227380624 -60.1799443656509 1
"841" 186.93254106628 63.3526516697011 1
"842" 172.756322777621 4.59000048724432 0
"843" 279.14853994516 82.3841494619589 0
"844" 173.947521956357 13.6484460124078 0
"845" 226.720305286682 81.0786531768907 -1
"846" 336.968061458824 63.9995520339861 -1
"847" 163.096978007548 -50.9538676625833 -1
"848" 179.839657276061 46.2303764810508 0
"849" 185.315585564576 60.6546216025585 0
"850" 235.860293627809 81.8811720168676 0
"851" 174.289960807045 16.1473087386651 0
"852" 161.383406269457 -55.6504477380858 1
"853" 179.697386994062 45.6975685885993 0
"854" 176.295099631811 29.3695974958729 0
"855" 160.004468873495 -58.7455134658351 1
"856" 162.49876044182 -52.7154381812098 0
"857" 5.02940931691466 -60.1223037782089 -1
"858" 181.944654884742 53.0166944668369 0
"859" 176.071501964024 28.0277246305515 0
"860" 181.776940658483 52.54372332577 0
"861" 158.673928537181 -61.2758934733185 1
"862" 334.916277442147 66.6744225451172 -1
"863" 172.973364587904 6.27176635054989 1
"864" 181.145878233993 50.666148556145 0
"865" 179.866179715734 46.3285564846273 1
"866" 178.449200406418 40.548197039 0
"867" 188.626891904127 65.7076768391606 0
"868" 175.592418126299 25.0362597148209 1
"869" 179.563074045304 45.184901183683 0
"870" 203.652133779195 76.2412656517315 0
"871" 178.504789711175 40.7967370941517 1
"872" 164.656509399033 -45.6304123121753 0
"873" 226.418195498967 81.0454588577166 0
"874" 178.606407958632 41.2462381406862 0
"875" 208.9045215624 77.9318860922109 0
"876" 188.57320978914 65.6393531720376 0
"877" 172.254765351818 0.677826973705351 -1
"878" 149.103481801909 -71.9223139525315 -1
"879" 50.1590691144398 -81.4238953902621 -1
"880" 110.815842823349 -81.7092510181055 -1
"881" 178.179779953087 39.3166950595214 0
"882" 215.775193920329 79.4959195586918 -1
"883" 178.424270614505 40.436124157247 0
"884" 210.570077154416 78.3670820576749 1
"885" 177.154970301655 34.2061392932555 0
"886" 110.993563314053 -2.24314483162742 0
"887" 107.634232983343 -70.6444840565855 -1
"888" 111.038465929185 -0.0928662177299491 1
"889" 112.731071396422 54.7239278931684 0
"890" 110.580906610154 -21.0191263841906 -1
"891" 107.367656882416 -71.9534857214458 1
"892" 110.959529483499 -3.86906667481379 1
"893" 111.179576066576 6.63829417311623 -1
"894" 282.118562706784 82.3353715041817 -1
"895" 116.160905450358 76.8380130660459 0
"896" 100.244434537486 -83.6420934968099 1
"897" 107.135333924144 -72.96173411621 1
"898" 108.21662653568 -67.0397676428698 -1
"899" 124.057402231335 84.7060012241952 -1
"900" 111.202998369706 7.74290790401658 -1
"901" 63.7151835855653 -88.3739341577312 1
"902" 113.089009614513 59.7214304674775 -1
"903" 288.483674970604 64.9264070308713 -1
"904" 110.853975002109 -8.86106217563111 -1
"905" 110.437266594586 -26.7645377970816 -1
"906" 108.337700203961 -66.1248845118393 1
"907" 110.951627711033 -4.2457682318141 0
"908" 291.725487236839 -29.8076058278931 -1
"909" 110.881081424139 -7.58895041201058 0
"910" 112.259798394015 45.5569275578942 0
"911" 112.328031492715 47.1145838939749 -1
"912" 287.812374333965 69.6629395737327 -1
"913" 107.971739179456 -68.7004004106959 1
"914" 109.769888195095 -46.7322573632853 1
"915" 110.695760516083 -16.0771822309406 -1
"916" 288.042163815225 68.2467818372416 -1
"917" 113.269057005663 61.7773552113681 -1
"918" 112.888355906749 57.0882068238565 0
"919" 109.759056970299 -46.9748974947486 1
"920" 113.057998713744 59.3396343264557 0
"921" 120.061680812559 82.4181855024414 -1
"922" 288.764836985573 62.2715679020227 -1
"923" 111.588706913926 24.6317816091514 0
"924" 246.292068268244 88.3018668485822 -1
"925" 300.805358480597 -82.9846881491187 1
"926" 117.739298249152 79.8560699911734 -1
"927" 111.826901144205 33.332170787952 0
"928" 110.607720616883 -19.891378720862 -1
"929" 114.243196085406 69.516104408264 -1
"930" 108.184764977449 -67.2695880901131 1
"931" 99.6809228104924 -83.9512819065482 1
"932" 112.192467024674 43.9302413037206 0
"933" 115.778420260447 75.8194646257436 -1
"934" 114.665852085896 71.7338832685831 -1
"935" 285.244743508522 78.3223355793442 -1
"936" 108.257845756545 -66.7358409757943 -1
"937" 143.964109530831 -7.38881536012209 -1
"938" 92.6784255265328 1.07240698784737 1
"939" 74.5909070419317 4.23511220930751 -1
"940" 127.911261900439 -5.09984407677849 -1
"941" 190.44906066893 -10.3187100378235 1
"942" 111.687274307194 -2.36619212908886 1
"943" 74.0307888424777 4.32761282019455 -1
"944" 182.150424593656 -10.2606210703727 1
"945" 178.880728983903 -10.1797391288768 1
"946" 180.941672199078 -10.2345235376937 1
"947" 192.692474878303 -10.2980476358549 1
"948" 190.095635784867 -10.3205541738761 -1
"949" 185.516184243363 -10.3096971847379 1
"950" 106.150737508423 -1.37548127183459 -1
"951" 233.884819318529 -7.30070400609171 1
"952" 189.199690372955 -10.3235072242634 1
"953" 199.535342164114 -10.1397764738951 1
"954" 115.861931971325 -3.09823339136655 -1
"955" 135.011599832141 -6.17482210777013 -1
"956" 201.793319851901 -10.0562939528429 1
"957" 109.551674225728 -1.98629367489687 1
"958" 93.1005182204463 0.995919853325128 1
"959" 114.201054135692 -2.80885181509884 0
"960" 216.452102152508 -9.14768982841277 1
"961" 68.5131414364524 5.21420817964094 -1
"962" 197.322309349197 -10.2066009517407 1
"963" 211.237088128657 -9.54236912912317 1
"964" 160.543851914743 -9.1346144993099 1
"965" 119.711430479044 -3.75793305613153 -1
"966" 157.674198550457 -8.88378993623951 1
"967" 210.937616810622 -9.56268008294037 1
"968" 75.355291064343 4.108193408154 -1
"969" 151.251168293197 -8.24246995174296 1
"970" 220.387207612073 -8.79971927356171 1
"971" 54.4425735207075 7.22928789414132 0
"972" 154.836626425023 -8.61384029958093 1
"973" 130.645894869311 -5.52446147263218 1
"974" 221.868076564403 -8.65791952205315 1
"975" 185.285784288715 -10.3074466533201 1
"976" 69.0466687614459 5.13055279369105 -1
"977" 94.8521621406488 0.677939841779003 -1
"978" 150.541418397886 -8.16504945411992 -1
"979" 131.046623530609 -5.58560673944049 1
"980" 128.095267697026 -5.12880702848754 1
"981" 136.516017929468 -6.3905291508211 1
"982" 54.8307827379106 7.17916679267793 -1
"983" 83.4890010550437 2.7147378480036 -1
"984" 197.844769698459 -10.1921681514726 1
"985" 156.311569771014 -8.75684425626832 1
"986" 160.064187303537 -9.09426506350602 0
"987" 145.106497189016 -2.14008342819461 -1
"988" 173.342905721137 65.1351811242971 1
"989" 149.013002256594 15.5456362392112 1
"990" 103.958157698946 -71.9853722597942 -1
"991" 166.778573563204 59.1661153990727 0
"992" 326.942149398326 -6.33251363101782 -1
"993" 219.926531528327 77.3598983425867 1
"994" 161.640687376494 52.0433279266161 1
"995" 209.353696328819 76.465522815424 1
"996" 100.961544218733 -72.9061796755661 -1
"997" 295.469872016452 66.7021756270242 0
"998" 174.315687197402 65.8185709779268 1
"999" 165.014792640038 57.0294383077622 1
"1000" 235.201649750437 77.8135532873576 1
"1001" 155.999507654988 39.9745508411765 1
"1002" 297.987269097613 64.9949410759583 1
"1003" 153.999015552834 34.1709580217185 1
"1004" 326.706395932595 -5.25225066686108 0
"1005" 116.057722168862 -66.3270786943032 -1
"1006" 316.165902744686 37.1086534775978 -1
"1007" 166.802453499496 59.1931737785338 -1
"1008" 157.578469667379 43.9353332465545 1
"1009" 155.577719198988 38.8269523516332 1
"1010" 343.759547798808 -55.3258340605947 -1
"1011" 289.872669696328 69.6898910149016 1
"1012" 111.321200889338 -69.0063977469405 -1
"1013" 137.770644984076 -32.1411730750792 -1
"1014" 335.186044654746 -37.7256769764043 -1
"1015" 298.247661819144 64.8023829571942 1
"1016" 161.801590915994 52.3124358891451 1
"1017" 176.532406815458 67.230010581923 1
"1018" 140.422973082273 -22.5544600849451 -1
"1019" 162.761359066899 53.8477642621887 1
"1020" 204.572735908158 75.859681686248 1
"1021" 311.448617069783 48.4842193283729 1
"1022" 320.734412680475 21.3183559489472 -1
"1023" 225.16196127503 77.6162154969829 1
"1024" 351.346018743925 -63.5911877911342 -1
"1025" 212.877236564415 76.82572249317 1
"1026" 173.561868794814 65.2926927330652 1
"1027" 323.186077648391 10.8972541332059 0
"1028" 315.3697002517 39.3496973824519 -1
"1029" 279.075716871708 73.4191100866954 -1
"1030" 313.313183524722 44.5075352311227 -1
"1031" 158.115402193564 45.1688539658494 1
"1032" 44.7833682631611 -77.6013712807314 -1
"1033" 344.79734520607 -56.7459089582133 -1
"1034" 189.653781155293 72.7554288188787 1
"1035" 301.416055153756 62.1754886250392 0
"1036" 253.643883423333 -2.16298637889354 -1
"1037" 311.619628117483 1.38201026373248 -1
"1038" 192.653471851546 -3.65401206265508 -1
"1039" 112.732564649608 -0.20176030152643 0
"1040" 239.266578083027 -2.83484260988068 -1
"1041" 183.060492106036 -3.52910359022492 -1
"1042" 177.47963163602 -3.41077434767578 -1
"1043" 181.695856676446 -3.50321723510409 -1
"1044" 194.758349033012 -3.66784785762569 -1
"1045" 12.9629496043109 3.65635523108667 0
"1046" 184.962591622501 -3.56184884281512 -1
"1047" 287.0003391908 -0.166849851433561 -1
"1048" 233.905565793795 -3.04173867225216 -1
"1049" 185.416540454399 -3.56908597524112 -1
"1050" 202.596810911687 -3.67588056678255 -1
"1051" 298.051205699211 0.542035262560203 -1
"1052" 319.466350011377 1.83520744423508 -1
"1053" 204.642472316068 -3.666681813801 -1
"1054" 108.272405805873 0.0850642965992673 0
"1055" 93.1285155606569 1.04468103995703 0
"1056" 115.856408006176 -0.402019237231451 1
"1057" 210.934784756732 -3.60924961976267 -1
"1058" 246.653398428082 -2.50947436661285 -1
"1059" 199.778241777583 -3.68089928834307 -1
"1060" 213.498008477199 -3.57336167280525 -1
"1061" 165.490085688737 -3.04917139322854 -1
"1062" 301.803777351733 0.779458815820334 -1
"1063" 159.615396273319 -2.82220027066705 0
"1064" 207.711908926154 -3.64414067075968 -1
"1065" 254.537458635436 -2.11625416999495 -1
"1066" 155.14120995304 -2.62927994540049 0
"1067" 217.27608571322 -3.50747868122201 -1
"1068" 53.926901558878 3.04096693792836 1
"1069" 157.221034290605 -2.72103050401064 0
"1070" 128.050934691427 -1.16674536427758 0
"1071" 221.932964189752 -3.40536593978142 -1
"1072" 184.53124735536 -3.5547653423981 -1
"1073" 248.675834485023 -2.41286224007846 -1
"1074" 274.966402062948 -0.930809991728363 -1
"1075" 343.484027506413 2.9751585476296 -1
"1076" 130.59982237999 -1.32100955765982 0
"1077" 128.67757922307 -1.20489869130623 0
"1078" 136.819434600107 -1.68578253603883 0
"1079" 231.013988089463 -3.14238170850292 -1
"1080" 263.340877307326 -1.63005723174267 -1
"1081" 195.691090538812 -3.67240139184498 -1
"1082" 157.311927649138 -2.72495913438527 0
"1083" 162.264652958209 -2.9283802981882 1
"1084" 225.361059847237 45.2008205614682 0
"1085" 217.880098369002 51.3964382267922 1
"1086" 187.278436285088 63.391670141219 1
"1087" 254.659782076717 -4.38540872467587 0
"1088" 197.420131725979 60.9988042211006 1
"1089" 150.811585050386 65.0467443691663 1
"1090" 194.018324434531 61.928418723429 1
"1091" 38.2366547839163 -51.1441727368216 -1
"1092" 222.401068848041 47.8931155075517 0
"1093" 174.688897783115 65.0318753020871 1
"1094" 196.878365411659 61.1563678053571 0
"1095" 234.113515158879 34.929809779005 1
"1096" 300.297158163959 -58.3537878577776 -1
"1097" 228.765075594725 41.6497524471097 1
"1098" 221.378537670228 48.7461388376397 0
"1099" 226.203840351709 44.3693270483098 0
"1100" 228.988212744732 41.3984337066655 1
"1101" 267.71168737233 -29.6962699751383 -1
"1102" 25.919845828734 -57.980029277402 -1
"1103" 211.345929409719 55.4007743526008 0
"1104" 278.897235030683 -44.1517350078605 -1
"1105" 267.414739787217 -29.218550768695 0
"1106" 224.04292668588 46.4422676384956 1
"1107" 231.796739340939 38.0243184917185 1
"1108" 224.338964743865 46.1695620322949 1
"1109" 212.137978165422 54.9724271297063 0
"1110" 195.994874767748 61.4054077904179 1
"1111" 128.569076018127 61.1938434435945 1
"1112" 262.558164363223 -20.6827639904611 1
"1113" 217.328384345614 51.7792680535498 1
"1114" 124.455084322141 59.9066194473814 1
"1115" 226.85486291773 43.7060781173805 1
"1116" 201.484941132922 59.6909311337807 1
"1117" 276.130980855959 -41.1740218167149 -1
"1118" 222.740678683535 47.601383301349 1
"1119" 350.292662610731 -65.3223341033695 -1
"1120" 246.520358686321 13.2130134478374 1
"1121" 172.383999092554 65.2009744660264 0
"1122" 242.258047583124 21.6235977306409 0
"1123" 300.658748955061 -58.4999447917317 -1
"1124" 147.084396233383 64.6970319626937 1
"1125" 144.623205635081 64.4085957411947 1
"1126" 272.683800031641 -36.9410915229806 0
"1127" 267.524300654144 -29.395409090965 1
"1128" 330.317560712874 -65.0062313900678 -1
"1129" 178.073761393306 64.7140075314804 1
"1130" 200.786768930704 59.9321228390022 0
"1131" 212.654606120303 44.7565856518638 1
"1132" 275.683543212253 31.4199625626017 -1
"1133" 139.590267191459 6.6070328317734 1
"1134" 189.988908467495 40.2068758483749 1
"1135" 169.727268041071 31.0837949441462 1
"1136" 187.260225983826 39.2892804520296 1
"1137" 33.6231948232355 -44.8406931578387 -1
"1138" 219.68704284361 45.1776703244219 0
"1139" 181.196294196753 36.9220211095551 1
"1140" 260.955353017336 38.4714114798331 1
"1141" 234.193845469679 44.6742234102254 1
"1142" 165.917676444837 28.7163342449865 1
"1143" 231.920047063464 44.8760553623887 1
"1144" 246.050266215634 42.8418355065083 1
"1145" 237.215994062894 44.3332781726465 0
"1146" 232.118524575694 44.8602877819418 1
"1147" 297.742985212721 14.8464090321366 -1
"1148" 238.685325105172 44.1370410979356 -1
"1149" 265.369849929695 36.6691568164016 1
"1150" 170.536270402471 31.5581348056873 1
"1151" 204.219175231918 43.6599130797844 1
"1152" 223.039477615347 45.2253220013188 1
"1153" 236.299898841444 44.4454805207631 1
"1154" 221.613614656379 45.2170510665064 1
"1155" 279.240410330235 29.2474763795003 1
"1156" 172.120042949374 32.4583843004943 1
"1157" 181.769890911827 37.1661092086164 1
"1158" 229.478453355931 45.0413131387886 1
"1159" 194.11928642532 41.4321515006994 1
"1160" 187.028979522041 39.2074250660605 1
"1161" 226.501335692753 45.1715393017527 1
"1162" 173.486453783339 33.2052659601898 1
"1163" 309.46504362678 3.54722676730194 -1
"1164" 222.679601021963 45.2249085057582 1
"1165" 179.525760338992 36.1862419880664 1
"1166" 240.86109296952 43.8091319931099 1
"1167" 250.801384618783 41.7164519966302 1
"1168" 292.348906186641 19.5609641862142 0
"1169" 310.702580129802 2.30484258682727 -1
"1170" 308.132429833031 4.87944792654028 -1
"1171" 137.199357760646 4.22986711075059 1
"1172" 182.425686580518 37.439893475225 1
"1173" 256.54157635507 40.0296338108986 1
"1174" 180.519676864102 36.62850092645 1
"1175" 162.417421935628 26.3437831413294 1
"1176" 177.788011101068 35.3807920379763 0
"1177" 230.487957395307 61.4156063775178 1
"1178" 194.615201560239 2.37169029679075 0
"1179" 176.540287816179 -42.4459035436474 0
"1180" 183.341814185987 -29.2690802216162 0
"1181" 176.174021370388 -43.0254093045327 0
"1182" 225.734422529585 58.3853464207456 -1
"1183" 191.620066904962 -6.80310803190678 -1
"1184" 186.494542428215 -21.4712011322916 0
"1185" 225.178663669942 57.9808474672255 0
"1186" 234.474350207275 63.4624362206988 0
"1187" 189.984849568923 -11.691318777174 0
"1188" 171.76706225787 -49.1316935238509 1
"1189" 215.996272359796 49.2247184019839 0
"1190" 211.305922015428 42.6994045539834 0
"1191" 163.794296352638 -56.9987879522804 1
"1192" 167.075956761025 -54.1679310906308 0
"1193" 40.4084354426806 -53.9763189611076 -1
"1194" 221.06273465891 54.5878397815755 0
"1195" 197.218168098908 10.2601898131873 0
"1196" 209.7528737011 40.1280566712419 0
"1197" 152.800126569594 -63.6527013684318 1
"1198" 134.662262875186 -69.259673242037 1
"1199" 209.496869843234 39.6822848997761 1
"1200" 221.13513516673 54.6541847704908 0
"1201" 89.7913835791216 -71.4671472195104 -1
"1202" 198.33538486625 13.5407480517758 0
"1203" 219.991681159012 53.5753207797838 0
"1204" 218.540704696007 52.1055759509836 1
"1205" 201.502486434577 22.2853213607928 0
"1206" 223.013314385237 56.2881445154846 0
"1207" 248.23899948729 68.1998571778092 1
"1208" 171.416790791037 -49.5548446791128 0
"1209" 223.023334676568 56.2964301866117 0
"1210" 186.587611296523 -21.224952544281 0
"1211" 233.041764696768 62.7717390958304 0
"1212" 226.319956792468 58.7991669007476 0
"1213" 197.344118928103 10.6340809471942 0
"1214" 144.540569767202 -66.7840135471557 0
"1215" 101.825335667888 -71.9749483449417 0
"1216" 126.436673074865 -70.5960439442094 0
"1217" 202.491526820548 24.8146136108298 0
"1218" 244.263675834499 67.1234199213839 0
"1219" 194.170037444596 1.0041215465295 0
"1220" 131.131270073855 -69.9012570342399 -1
"1221" 260.223832348159 70.4583998070315 -1
"1222" 116.105105317329 6.75132484085659 -1
"1223" 199.508520870417 64.2000909299123 0
"1224" 159.037681778392 56.2347688647431 0
"1225" 195.174120908867 64.0364456187561 0
"1226" 230.201707831854 61.4782073648035 -1
"1227" 239.298467297012 59.0312751263917 1
"1228" 176.082352572427 61.6117813593639 0
"1229" 147.977405738219 50.0263159966515 0
"1230" 234.408728313426 60.4688662388514 0
"1231" 145.497573097787 48.2000375908857 -1
"1232" 247.560253947111 55.8110852297334 -1
"1233" 105.562258786661 -14.6884461981877 -1
"1234" 91.6382848959209 -36.8345518871992 -1
"1235" 246.952668029639 56.0873752385037 -1
"1236" 110.853439815985 -4.08771211382603 0
"1237" 346.901537324829 -59.2054045753819 -1
"1238" 105.11292502025 -15.5487390299821 0
"1239" 139.973642048182 43.3904142247684 0
"1240" 157.674815232344 55.6137552976808 -1
"1241" 239.241857183768 59.0497139432691 0
"1242" 247.916402389705 55.6458812304378 -1
"1243" 75.739890685891 -51.3315389139022 1
"1244" 93.2942903227494 -34.7177917339313 -1
"1245" 201.465238139015 64.2314525990693 0
"1246" 156.123669936748 54.8631250079405 0
"1247" 196.277695096704 64.0905433364183 0
"1248" 68.0179246972185 -55.5983423883871 1
"1249" 157.562350193655 55.5609310924754 0
"1250" 219.534877661193 63.2578657763351 0
"1251" 212.978298899251 63.8824251976156 0
"1252" 119.346446484264 13.2332561096658 0
"1253" 223.332297221577 62.7405994429613 0
"1254" 172.766089024597 60.8549467706192 -1
"1255" 234.486472362401 60.4483357869244 0
"1256" 205.312944668419 64.2167424992211 0
"1257" 102.010627946519 -21.2538707643572 -1
"1258" 127.353897942218 27.4585736009237 0
"1259" 135.693644588082 38.837194859243 0
"1260" 140.461104912468 43.8603388684743 0
"1261" 143.773439053803 46.8150498116392 0
"1262" 252.60524134463 53.2287590380274 -1
"1263" 163.244566520798 57.9447959599798 -1
"1264" 175.297675056099 61.4432144972965 0
"1265" 209.747635168232 64.0735770293031 1
"1266" 183.998933780427 3.51428860231284 1
"1267" 175.904786731353 4.3050785016003 1
"1268" 182.487832993646 3.66782745559316 1
"1269" 196.54401693189 2.15396035860473 1
"1270" 195.473447786474 2.27513414099784 -1
"1271" 184.393807717749 3.47375189217289 1
"1272" 290.573765250869 -6.62101178761837 1
"1273" 233.909444835991 -2.24024215260734 1
"1274" 181.369023232443 3.77983998362463 1
"1275" 204.864049599485 1.18934475545527 1
"1276" 304.392788876635 -6.82970057699699 1
"1277" 147.784056354633 6.2943643580277 -1
"1278" 206.679717670435 0.974685347205035 1
"1279" 284.353516545683 -6.4014121624099 -1
"1280" 275.980318139444 -5.98792210772259 -1
"1281" 120.84074122777 6.81338857316648 -1
"1282" 206.420101065483 1.00544562846996 1
"1283" 247.466229498912 -3.69420535016756 1
"1284" 201.718956137812 1.5581463506028 1
"1285" 214.833681968423 0.0014684299283369 1
"1286" 171.687755258933 4.68355678187165 1
"1287" 307.161910572296 -6.82438594105243 1
"1288" 162.23474222757 5.43607296720121 1
"1289" 205.134166408958 1.15748224429339 1
"1290" 255.500897150537 -4.46185800661841 1
"1291" 160.751224175047 5.54115666106027 1
"1292" 215.270069057965 -0.0507981794351808 1
"1293" 53.8278164355821 2.23101331331362 -1
"1294" 160.539996958775 5.55581712958183 1
"1295" 303.289508893199 -6.82741611550539 -1
"1296" 221.964205220202 -0.850316799863671 1
"1297" 183.750074764943 3.5397485953618 1
"1298" 248.869462559888 -3.83403409395277 1
"1299" 277.295091880287 -6.06153467081739 1
"1300" 180.049568457781 3.91005397722441 0
"1301" 309.748548221772 -6.80515908621895 -1
"1302" 309.866795900444 -6.80395133754519 -1
"1303" 137.35725455104 6.6692025052099 1
"1304" 229.720432824049 -1.76105275486293 1
"1305" 263.824551842441 -5.16344984522295 1
"1306" 193.691697930668 2.47497888960337 1
"1307" 158.693943745724 5.68069951255712 1
"1308" 165.141933730391 5.21959452817589 0
"1309" 180.866160933944 -19.2572475849988 0
"1310" 175.115735129044 -47.7198438209779 0
"1311" 174.363265835704 -50.1305883580249 1
"1312" 178.572180576676 -33.0058354335222 -1
"1313" 184.242648502353 5.33464203257934 0
"1314" 197.511704106648 61.1550290973025 0
"1315" 235.559746921602 80.4188641043193 0
"1316" 183.515173789846 -0.116696836424498 0
"1317" 175.649567968801 -45.8588951653911 1
"1318" 192.116470185532 48.2881163895068 0
"1319" 189.081957527288 36.0159788728035 0
"1320" 174.282611237844 -50.3751934758506 1
"1321" 172.35638327459 -55.5248105654057 0
"1322" 16.5308073183811 -59.3941286858195 -1
"1323" 194.465858900371 54.9514022007235 0
"1324" 186.33727841448 20.2018840786441 0
"1325" 192.417158288095 49.2580697639011 0
"1326" 174.130372027006 -50.8299673637739 1
"1327" 348.607868572474 62.6731339426256 -1
"1328" 186.581017455583 21.7961214311721 1
"1329" 193.906019343255 53.5402599598278 0
"1330" 198.549715181993 62.8195558345527 1
"1331" 187.895617045976 29.7674966581181 0
"1332" 198.92905059948 63.3825481502851 0
"1333" 189.541308452027 38.1995964486413 1
"1334" 189.296617564102 37.0523115355392 0
"1335" 209.695007803481 73.2073631659546 0
"1336" 194.994703299612 56.1970441442724 1
"1337" 174.118524578661 -50.8649831456479 0
"1338" 225.491464171811 78.7441668902113 0
"1339" 183.86421583295 2.50473009927517 0
"1340" 215.565672773838 75.9171374444819 0
"1341" 200.025237228324 64.8887169826711 0
"1342" 184.282296628151 5.62985193429341 0
"1343" 153.53841844263 -75.0936662029796 -1
"1344" 60.3686641772405 -80.9679556769586 -1
"1345" 109.291958222887 -82.1278307566477 -1
"1346" 188.715044403985 34.1786691952535 0
"1347" 222.741888751463 78.1133203904443 -1
"1348" 186.711244586839 22.6336176264273 0
"1349" 236.16918271419 80.4957782241555 1
"1350" 194.967200344391 56.1342435278087 0
"1351" 180.22235888858 -16.4010380614035 1
"1352" 184.395690450784 -33.0253661434871 1
"1353" 182.527483228645 -26.1565811779994 -1
"1354" 189.791110473648 -47.8432249269845 1
"1355" 159.655536276217 55.3199507448013 0
"1356" 52.794328707793 76.1921212586997 -1
"1357" 172.888752401044 18.4355677266288 0
"1358" 185.076178986485 -35.2893119342012 1
"1359" 166.573305118029 41.0197279313484 0
"1360" 171.084352810451 25.9819313984879 0
"1361" 186.02971657738 -38.2548323902153 1
"1362" 196.04283317384 -58.2919639288769 0
"1363" 337.947697011752 -57.741489537088 -1
"1364" 164.06316578633 47.2177954033795 0
"1365" 169.404829801747 32.22119954835 0
"1366" 159.496681408713 55.5595772994054 -1
"1367" 185.38490839692 -36.2754999545239 1
"1368" 190.029033667587 -48.3503999278237 1
"1369" 174.989423723449 8.7355806114513 1
"1370" 165.348034420249 44.214960701926 0
"1371" 170.419970103406 28.5431194320869 1
"1372" 161.36658199811 52.5288609503738 0
"1373" 148.115800630201 66.985539543923 0
"1374" 172.271000777983 21.112194001557 1
"1375" 159.988782238105 54.8069954705892 0
"1376" 90.2771647998914 78.4612467312798 0
"1377" 170.572066477182 27.9674988641509 1
"1378" 195.372558153997 -57.4111180599037 -1
"1379" 219.639261672048 -73.3214811740904 1
"1380" 192.595192831874 -53.207814882773 1
"1381" 107.051411777435 77.7442101018092 0
"1382" 153.935555292046 62.3092427477093 0
"1383" 176.301902479596 2.36322656873986 -1
"1384" 280.654153068231 -78.1458221074152 -1
"1385" 148.778806428045 66.5398075698592 1
"1386" 146.15463439669 68.1999591100517 1
"1387" 165.629961987393 43.5097068875782 0
"1388" 118.019053665723 76.5951196597494 -1
"1389" 151.416561407575 64.5618516424556 -1
"1390" 166.233345155771 41.9407084928933 1
"1391" 171.849780609303 22.8829947146998 0
"1392" 174.561310584941 -49.8820344058531 1
"1393" 177.774026153511 -34.261592485356 -1
"1394" 183.579199687546 13.320943567499 0
"1395" 193.615882723418 61.1163539263034 0
"1396" 235.946809162745 82.223307503211 -1
"1397" 182.311312351915 2.07153480705353 0
"1398" 175.532260879453 -45.9658875392574 1
"1399" 189.068934795123 47.7979624966938 0
"1400" 186.487495527542 34.8505971573674 0
"1401" 174.467672689064 -50.2289455694602 1
"1402" 172.804064759319 -55.6254822281139 0
"1403" 12.9760005712588 -59.7306351878772 -1
"1404" 190.998539816741 54.5619747068147 0
"1405" 184.591703575713 21.6479198735714 0
"1406" 189.699785019482 50.2362834542516 0
"1407" 174.365100306768 -50.6031658437827 1
"1408" 170.0676693401 -62.0837014659119 1
"1409" 184.311969321086 19.4261261026636 1
"1410" 190.479835688853 52.9370507499123 0
"1411" 192.820528464231 59.3751082405934 1
"1412" 186.058180485563 32.1524423449635 0
"1413" 195.34369698765 64.3204486998366 0
"1414" 186.663826146034 35.9100103763524 1
"1415" 187.213935418814 39.0379974166005 0
"1416" 206.419603554176 75.0164152905308 0
"1417" 190.539512137363 53.130591878715 1
"1418" 174.272557543726 -50.9356880659152 0
"1419" 226.410495031102 81.0301974916026 -1
"1420" 183.112812169913 9.25737214809819 0
"1421" 211.341436845028 77.2832538356243 0
"1422" 195.93303343592 65.2624169474316 0
"1423" 182.63154240787 4.9632966653482 0
"1424" 155.503319533637 -76.1523925914402 0
"1425" 49.2671472741603 -81.4490849086412 0
"1426" 101.980194101269 -83.6116618268986 0
"1427" 186.571288409654 35.3575354675666 0
"1428" 37.440727845198 -79.2090023575788 1
"1429" 185.219889298646 26.3896642014041 0
"1430" 37.6637560720404 -79.2664271348639 -1
"1431" 190.235441932008 52.1256853325881 0
"1432" 199.489690026922 11.6003002165073 -1
"1433" 187.00556600528 -26.7353574884151 0
"1434" 225.211643314786 57.972868500572 -1
"1435" 234.483713731867 63.8442758944425 -1
"1436" 191.441547421663 -14.1868556450122 0
"1437" 180.42685035733 -41.0185579110495 1
"1438" 216.658828309532 49.1797509627891 -1
"1439" 212.423283097256 42.8963517179449 -1
"1440" 173.961142262192 -50.6264214845604 1
"1441" 169.98224305832 -54.9542937554596 0
"1442" 40.698037124177 -53.8685360262139 0
"1443" 221.371072700084 54.5485831485917 -1
"1444" 198.626674162674 8.87732923026117 -1
"1445" 210.547840968476 39.5650750106 -1
"1446" 172.49423763222 -52.3391302358416 1
"1447" 145.831481908024 -68.215612435488 1
"1448" 31.0720595733565 -40.5337519569315 -1
"1449" 221.453921996001 54.6305055275838 -1
"1450" 85.3027023426951 -71.8779647612398 -1
"1451" 199.470080350416 11.5389928635758 -1
"1452" 220.243238873001 53.3939314364259 -1
"1453" 39.2217062937591 -52.2814036720896 -1
"1454" 202.552688317223 20.7585639790123 -1
"1455" 223.067909763663 56.1522069825595 -1
"1456" 65.8169458017421 -68.1811540388143 -1
"1457" 173.862340796241 -50.7464607157485 0
"1458" 223.015788781351 56.1051924063661 -1
"1459" 187.234070539638 -26.1444060459154 0
"1460" 232.876556887058 63.0151980894177 -1
"1461" 226.289930038406 58.8110446363259 -1
"1462" 199.41681182894 11.3723135423932 -1
"1463" 145.639108788649 -68.2708916884746 0
"1464" 100.153582022131 -72.8850051322595 0
"1465" 125.56005047477 -71.9757635456885 0
"1466" 203.673217114662 23.8626424764388 -1
"1467" 243.823979605663 67.575356030235 -1
"1468" 195.210335578914 -2.1967652904692 0
"1469" 128.03921753827 -71.6950610325952 -1
"1470" 256.165924238503 70.5677926970873 -1
"1471" 6.24754410398646 18.7760680903733 -1
"1472" 232.90446353984 55.7558655064316 1
"1473" 234.339475677978 56.5723120102461 1
"1474" 9.70597501567248 11.2071910095675 -1
"1475" 318.685318154656 62.9327956973052 1
"1476" 223.09797122572 48.5378663927801 1
"1477" 218.3808280195 43.7461149250267 1
"1478" 120.394013073583 -66.2720583469652 -1
"1479" 341.343889222024 52.3041883999057 -1
"1480" 226.514992221736 51.4201794111335 -1
"1481" 229.042545884933 53.2840028432221 1
"1482" 198.39603247727 9.10491395073918 1
"1483" 213.390223400113 37.4291953301864 1
"1484" 238.87274216572 58.8402885037826 1
"1485" 95.4786143570499 -66.8252732937227 -1
"1486" 218.677341388172 44.0785856665096 0
"1487" 229.668208759471 53.7137442951599 1
"1488" 292.70823692497 66.8710178579737 0
"1489" 199.465884115269 11.5464602270579 1
"1490" 224.62091545968 49.8777308355217 1
"1491" 230.917885027708 54.5371267339331 0
"1492" 203.237830567019 19.7419606356792 1
"1493" 225.1048391609 50.2844637166641 1
"1494" 271.255977761825 66.522694342255 0
"1495" 347.275424796461 47.2687550964016 -1
"1496" 222.757643385346 48.2255609650037 1
"1497" 6.27520109844429 18.7180138068539 -1
"1498" 236.047204787757 57.4795030522279 1
"1499" 232.93877690259 55.7759935941941 1
"1500" 199.383827165518 11.3607055716724 1
"1501" 321.787457833875 62.0181416865004 -1
"1502" 288.43088824629 67.0346383467946 -1
"1503" 308.991825680108 65.0836497444916 -1
"1504" 204.810675192007 22.9242462100847 1
"1505" 248.078377026914 62.2793945996142 1
"1506" 14.5026976056127 0.0197274074726395 -1
"1507" 319.145478383705 62.8048995930027 0
"1508" 286.922057115726 67.0646020233553 1
"1509" 176.763581644734 59.6026606997093 0
"1510" 51.4233838053662 83.6743203839156 -1
"1511" 184.885193280636 -2.60606288052545 0
"1512" 187.543083030876 -31.7902966312656 1
"1513" 179.918924637835 45.7582097231361 0
"1514" 181.728930680427 32.4754441929681 0
"1515" 187.984236658745 -35.5652881043031 1
"1516" 192.146239071305 -58.1628920395368 0
"1517" 356.630835748384 -60.0144068815096 -1
"1518" 178.687583835308 52.2564506757188 0
"1519" 182.694617305125 23.1669718979809 0
"1520" 178.457160016367 53.2947202401667 0
"1521" 187.602889307878 -32.3216657090469 1
"1522" 189.907294148863 -48.4808105486472 1
"1523" 183.155323237253 18.1790385355216 1
"1524" 179.143704088764 50.0465136644291 0
"1525" 179.831405085432 46.279067229027 1
"1526" 181.068945070761 37.9149491534027 0
"1527" 173.462928814383 67.4486530531798 0
"1528" 181.829869065342 31.5780737469183 1
"1529" 180.071267126547 44.8276578670505 0
"1530" 143.266313037506 83.0401601202857 0
"1531" 180.33339285743 43.1527886996585 1
"1532" 191.72893847929 -56.6770138853993 -1
"1533" 37.2988265642679 81.4824637901558 0
"1534" 186.1515644324 -17.7042230024863 0
"1535" 148.788419752043 82.1572720310334 0
"1536" 174.535473449285 65.3611250943301 0
"1537" 184.220614259612 5.60505174340238 0
"1538" 233.581649137457 -83.8849372213049 -1
"1539" 165.607066093832 76.1172124618786 1
"1540" 157.896755192113 79.8396645567797 1
"1541" 181.047901540876 38.0764851549848 0
"1542" 151.321507188219 81.6454243027608 -1
"1543" 181.461210858417 34.7705135973623 0
"1544" 175.87106993215 62.1856343746927 1
"1545" 180.736659668207 40.3834810525729 0
"1546" 234.319341142153 55.2635515268181 1
"1547" 325.214854359794 -48.3791668150117 -1
"1548" 241.39243191566 52.3335651543322 1
"1549" 267.562918962953 31.02615382424 0
"1550" 258.001363442834 41.2734400695879 0
"1551" 241.073265285713 52.4842458856859 1
"1552" 287.576316701043 -1.212453976432 -1
"1553" 180.42646192582 60.1292160587159 -1
"1554" 255.282258836069 43.5948809411385 0
"1555" 138.618081783297 43.6624441628106 1
"1556" 340.25074386337 -55.5291892952586 -1
"1557" 233.694663896446 55.4844431111286 1
"1558" 242.907559089905 51.5919769237621 1
"1559" 64.788591219079 -50.6081186152177 -1
"1560" 246.136724057284 49.8574136678491 0
"1561" 195.56576939077 61.1497220461877 1
"1562" 157.227019360795 54.4116922572759 1
"1563" 206.57789076467 60.8086154777286 1
"1564" 235.00011503133 55.0163183162772 1
"1565" 159.058872424623 55.1050247213051 1
"1566" 221.973050059349 58.700324222729 1
"1567" 204.371909889608 60.9499070339566 1
"1568" 296.754101445711 -17.2484108993695 -1
"1569" 223.114180892834 58.4566995312069 1
"1570" 353.575408047431 -59.0446961590219 -1
"1571" 237.56419136473 54.0215554020144 1
"1572" 233.109409803164 55.6863164981625 1
"1573" 273.97396035469 22.1180159011964 0
"1574" 126.771325566083 31.6715400297406 1
"1575" 136.46789512292 41.8521058114564 1
"1576" 140.634684100556 45.232019829864 1
"1577" 142.896854823925 46.8553195887211 1
"1578" 255.760884140362 43.2032288766675 1
"1579" 344.593751059748 -56.9087179255284 -1
"1580" 173.635123507972 59.0560408824169 1
"1581" 202.818294165508 61.0271632893671 0
"1582" 233.534324860136 -54.3610654892539 0
"1583" 234.216668484305 46.9681191422615 1
"1584" 234.211865361725 46.5009468682292 0
"1585" 234.191700773963 44.4487824646541 0
"1586" 234.216232266536 46.9260240851621 1
"1587" 233.554124217879 -52.9206714743306 -1
"1588" 54.2191275959112 -47.20418920473 -1
"1589" 234.275435352419 52.0782585763121 0
"1590" 233.794350120648 -24.468770823129 0
"1591" 233.997086835405 15.5155078710775 0
"1592" 234.329605757265 55.9417996252642 1
"1593" 234.165780239222 41.5815712325386 1
"1594" 54.2371277918399 -48.8700197984989 -1
"1595" 234.286462606391 52.9242911095812 0
"1596" 234.76194151407 71.8008511402028 1
"1597" 233.678606291977 -41.1326892330566 0
"1598" 234.146260143777 39.2392710913816 0
"1599" 234.314657427529 54.9461658454488 1
"1600" 233.768532144048 -28.739188349635 0
"1601" 233.906381336045 -2.87331785105235 -1
"1602" 234.592355768153 67.6221391317163 1
"1603" 233.471796559403 -58.3255049266484 -1
"1604" 61.5285449252951 -87.9110103962108 -1
"1605" 232.052584050278 -81.5712657740828 0
"1606" 234.41092785484 60.5791360051193 0
"1607" 234.315936766288 55.0333597581959 0
"1608" 234.023607348557 20.4786639672374 0
"1609" 231.314825630083 -83.935710236873 0
"1610" 55.7112647496528 -81.2159889948322 -1
"1611" 58.155977726216 -86.2589822420088 -1
"1612" 233.890249989222 -6.19175458767121 0
"1613" 234.880428349614 73.9230710179566 -1
"1614" 233.385537945801 -62.6397517281726 0
"1615" 235.569629013412 80.4751989266665 1
"1616" 234.664447385003 69.6030863029141 0
"1617" 194.757662217746 -19.6233567570641 1
"1618" 158.852184113299 37.1253456557773 0
"1619" 168.952415018209 24.4789655295298 0
"1620" 196.154801738031 -21.7973093971813 1
"1621" 231.592482148334 -53.5610853231022 -1
"1622" 319.236721153071 -51.7424100936772 0
"1623" 154.012798102404 41.7898647694766 0
"1624" 158.244516292546 37.7571898714778 0
"1625" 314.521483192299 -53.8932265272635 1
"1626" 194.039550718271 -18.4778657302976 1
"1627" 202.22175069434 -30.3350798343015 1
"1628" 177.135915056592 11.3117148462748 1
"1629" 156.977001688779 39.0313546668296 -1
"1630" 168.849945244384 24.6281890973332 1
"1631" 280.943851154831 -60.9860580356589 1
"1632" 116.776976424976 59.0853075940485 -1
"1633" 171.66962303619 20.3702622335477 1
"1634" 114.60094254101 59.476073980103 -1
"1635" 64.7876597452385 57.9250319709925 -1
"1636" 168.86502440221 24.6062564208059 1
"1637" 241.376736111582 -57.0186011011858 -1
"1638" 221.195888473179 -48.0666499725426 1
"1639" 184.312011233235 -1.56533023261657 1
"1640" 262.376904192679 -60.7370092298794 1
"1641" 133.50311024896 54.3072654707535 -1
"1642" 181.066735147974 4.32639674422203 0
"1643" 300.755343751591 -58.2490773863195 0
"1644" 319.59455800417 -51.5623291438012 -1
"1645" 321.407372599746 -50.6103945802606 -1
"1646" 148.002053494932 46.5253062237724 0
"1647" 277.440543668375 -61.1352567801919 1
"1648" 209.574140291004 -38.6844967301107 1
"1649" 163.578120928448 31.7237285730803 1
"1650" 171.145970903497 21.1843674165576 0
"1651" 233.795927338207 46.5999501390934 0
"1652" 231.513717608376 44.4842395264663 0
"1653" 234.803864735126 47.4710709426103 0
"1654" 165.169014247231 -53.5960097611243 0
"1655" 54.3753810740844 -47.1053006127184 -1
"1656" 238.997729069047 50.7208836758439 0
"1657" 205.308130153015 2.14250484912073 0
"1658" 220.603875913326 31.079904309417 0
"1659" 189.117022230261 -29.3819425263705 0
"1660" 249.476528964913 56.7210170441443 0
"1661" 57.3223695615407 -49.4915215386729 -1
"1662" 240.247155963914 51.5826153779135 0
"1663" 297.776338693682 64.9999839519866 1
"1664" 204.981625199268 1.44180026926018 0
"1665" 230.683168788325 43.662098169631 0
"1666" 67.1425584850812 -55.6028819939397 -1
"1667" 209.177389586692 10.3304770076739 0
"1668" 227.60277624197 40.3493030690063 0
"1669" 281.417170158488 64.4758137627885 1
"1670" 171.296200613953 -49.4931782988727 0
"1671" 222.442269915298 33.766878567367 0
"1672" 187.954580740756 -31.1740201410889 0
"1673" 238.829231083781 50.6011481809381 0
"1674" 240.033609155359 51.4385358793383 0
"1675" 211.639637594766 15.3271486245707 0
"1676" 141.919368144668 -62.288547277401 -1
"1677" 110.375980518719 -64.9883788191097 -1
"1678" 129.27801901944 -64.27515287944 -1
"1679" 212.163446328433 16.3594744308034 0
"1680" 250.842814481028 57.3266815798829 0
"1681" 198.528433255971 -12.2126742073473 0
"1682" 319.103769365346 62.8551476738714 1
"1683" 294.09818086723 65.0399876432517 0
"1684" 243.258084372043 43.8599225597413 0
"1685" 233.856805794978 46.5855762470694 1
"1686" 292.594960870936 6.87748315653685 -1
"1687" 235.97163698144 46.061174898614 -1
"1688" 106.525739366276 -13.6542498034061 -1
"1689" 159.230092998586 37.3383013030679 1
"1690" 194.174691685467 48.5689922148162 1
"1691" 225.57858759542 48.1887064306691 1
"1692" 237.314180750998 45.7024756415454 1
"1693" 229.059981269863 47.5987992013431 1
"1694" 319.105349883987 -22.3569867335454 1
"1695" 179.364987952911 45.6055286767567 1
"1696" 174.455766618529 44.0941070740255 1
"1697" 226.613204212073 48.0257520612024 1
"1698" 210.107161352992 49.4559013909597 1
"1699" 179.072454588983 45.5234768354066 1
"1700" 225.717273701436 48.1674610963232 1
"1701" 183.359604183188 46.6295995081855 1
"1702" 303.739734734062 -6.0791713039104 -1
"1703" 222.767462719473 48.5800245378289 1
"1704" 177.792477712161 45.1527612731393 1
"1705" 240.614373325191 44.7321632833818 1
"1706" 252.017523350542 40.3069386127371 1
"1707" 278.660361579134 21.6624870192743 0
"1708" 309.16924994127 -12.2007426425047 -1
"1709" 310.998240120665 -14.1867679918991 -1
"1710" 318.388651260364 -21.6810994707002 -1
"1711" 169.722390763871 42.3497009635695 1
"1712" 257.058224541203 37.7489774089133 1
"1713" 175.843926485704 44.551057419219 1
"1714" 165.86958599781 40.7029648160349 1
"1715" 185.603358159328 47.1288652853073 0
"1716" 231.756179129276 44.4836067896477 1
"1717" 300.676539755192 19.1120689850427 -1
"1718" 238.52183844364 44.2585248046335 -1
"1719" 259.718305425315 40.8302957009608 1
"1720" 175.141537935809 28.6545294768268 1
"1721" 207.164502481868 41.861940085724 1
"1722" 222.167381585506 44.1161285005452 1
"1723" 236.24767219748 44.3790000628908 1
"1724" 217.677400813584 43.6630135861992 1
"1725" 269.663090655641 37.6138092887531 1
"1726" 168.730435968645 24.3185876011447 1
"1727" 184.598050569061 33.944989636193 1
"1728" 229.980151439335 44.4763585439305 1
"1729" 184.118950006309 33.7075828532379 1
"1730" 189.959105356992 36.3899774453453 1
"1731" 226.692063352391 44.3901981270738 1
"1732" 168.720141842799 24.3111324584106 1
"1733" 312.493555381978 8.58530243136025 -1
"1734" 222.653735819495 44.1543018818362 1
"1735" 180.249662459148 31.6723118945228 1
"1736" 240.786040335409 44.0930510338574 1
"1737" 249.636916309933 42.999029084373 1
"1738" 303.032351062505 17.1422945879067 0
"1739" 311.468234335873 9.55421088761115 -1
"1740" 306.761164528212 13.8826165091931 -1
"1741" 316.63159032131 4.60522055702611 -1
"1742" 187.039584613978 35.1060827283868 1
"1743" 256.135562651368 41.7197546618282 1
"1744" 182.397618702903 32.8282662602711 1
"1745" 340.842413954524 -18.1573237928562 -1
"1746" 174.088049645009 27.9842028343913 0
"1747" 168.30652462507 -54.5131164848102 0
"1748" 54.394681642294 -47.0930454808863 -1
"1749" 238.76206806495 50.7951414932221 0
"1750" 206.608609804876 0.812531299165692 0
"1751" 221.208183905441 30.4839753818522 0
"1752" 175.88353837416 -49.0696118004507 0
"1753" 253.542160901615 59.17824599455 -1
"1754" 57.0689886932468 -49.444140859239 -1
"1755" 239.923584684742 51.6654180063467 0
"1756" 114.341334972731 -66.3154763934533 -1
"1757" 206.028594677439 -0.510411695892816 0
"1758" 230.828129403233 43.4908529548173 0
"1759" 246.064281518761 55.5999039412685 1
"1760" 210.122400151524 8.75213953230663 0
"1761" 227.709281926785 39.841452664582 0
"1762" 98.1673132560949 -65.2414449358618 -1
"1763" 173.827151453037 -50.7300895446503 0
"1764" 222.418831687982 32.4195474192709 0
"1765" 188.521106195923 -34.7871869721976 0
"1766" 238.762511955879 50.7954826432134 0
"1767" 239.819769372837 51.5894275559749 0
"1768" 213.394570612669 15.8334852170408 0
"1769" 142.758976887019 -63.8997617426726 0
"1770" 109.293043809384 -66.1710063627952 0
"1771" 128.71513970692 -65.8207373384644 0
"1772" 213.181875870852 15.3868494968383 0
"1773" 250.568492321749 57.8904785080261 -1
"1774" 199.497048399379 -15.0194835921207 0
"1775" 137.328774014392 -64.8342504647484 -1
"1776" 290.236413379489 66.2106285706578 -1
"1777" 100.137598331578 12.990408440269 1
"1778" 112.019924840402 -5.95986080885317 0
"1779" 78.7507685153632 38.6426228385311 0
"1780" 87.7916686357745 29.6046565792648 -1
"1781" 169.473831241587 -54.8238880355893 1
"1782" 179.854045160337 -56.9421207504684 1
"1783" 133.912576541663 -34.9776925929533 1
"1784" 114.890565610254 -10.4936040795917 -1
"1785" 323.38484620912 42.9391794391868 -1
"1786" 63.5065814242778 48.7881756439472 -1
"1787" 87.3790656458851 30.0749641798779 -1
"1788" 131.295920808362 -32.3009290766099 1
"1789" 70.4402676124389 44.8491242155798 -1
"1790" 61.8050014256255 49.6104975489677 0
"1791" 319.005067280427 39.5755516610718 -1
"1792" 20.9405805517235 58.2855845898596 -1
"1793" 220.928463244743 -56.2301421066456 1
"1794" 194.3765659512 -58.2513975259511 1
"1795" 75.2454527310292 41.4815794929714 -1
"1796" 100.362837970123 12.6469406841636 -1
"1797" 119.848599228642 -17.9323677671867 -1
"1798" 134.780340362804 -35.8170181902033 1
"1799" 124.930216498269 -24.841042320959 1
"1800" 134.317891225677 -35.3726720953638 1
"1801" 84.9542080503685 32.7242196628143 -1
"1802" 87.6015093969615 29.8221201262867 -1
"1803" 43.052333213401 55.7986705469096 -1
"1804" 147.994819614251 -45.9602780631912 1
"1805" 143.902531020545 -43.3037216305698 -1
"1806" 37.5485919555686 -54.9754700585926 -1
"1807" 127.830927731744 45.1953328124443 -1
"1808" 329.188038195637 -55.5095551277632 1
"1809" 228.013425520142 50.6943223297949 -1
"1810" 237.018057585601 45.3421120797717 -1
"1811" 52.2316399775416 -48.4125401047964 1
"1812" 37.9447674718926 -54.8439240109569 -1
"1813" 193.301138726514 59.7041134853014 -1
"1814" 152.096340925871 56.3493827636663 -1
"1815" 218.357249019974 54.7046666272765 -1
"1816" 222.683078877514 53.0952312795616 -1
"1817" 153.383622413531 56.6884640534462 -1
"1818" 224.450011883379 52.3539310062605 -1
"1819" 199.977367102533 58.9670236627826 -1
"1820" 109.654427721984 27.1598384181336 -1
"1821" 222.903065960553 53.0057221631941 -1
"1822" 353.240576486311 -59.8183231176137 1
"1823" 241.300296141251 42.0911939485796 -1
"1824" 281.936460580995 -15.8963379246407 -1
"1825" 78.6658240688029 -22.6582183701981 -1
"1826" 124.879704532091 42.9933645375232 -1
"1827" 139.758372713859 51.9789537420185 -1
"1828" 141.78387595758 52.8531125183992 -1
"1829" 130.00885219443 46.6724044726102 -1
"1830" 260.21413448918 20.3848265493853 -1
"1831" 342.393908456167 -58.5616483357753 1
"1832" 174.181492952188 59.8817176306928 -1
"1833" 19.2971534455755 -59.0594337062922 -1
"1834" 151.669176607068 40.2330396671944 1
"1835" 180.831275554038 52.7697891844488 1
"1836" 230.519771517374 52.9734794786918 1
"1837" 241.21974162921 49.9850934161214 1
"1838" 60.9043163206041 -50.0935364676906 -1
"1839" 219.718758896821 54.7489792353399 0
"1840" 186.161420892468 53.8356128184363 1
"1841" 167.925417267963 48.8379045647675 1
"1842" 218.015875477943 54.9301770260615 1
"1843" 226.274528677432 53.8059068175056 1
"1844" 171.373584082928 50.0978796136645 1
"1845" 223.807950574913 54.2077217501809 1
"1846" 192.822412570236 54.7800782088826 1
"1847" 122.160499287265 8.69104358877023 1
"1848" 222.949290730498 54.3340838659506 1
"1849" 176.168453769472 51.5866383553723 1
"1850" 238.762697649051 50.7949440541891 1
"1851" 242.647378560638 49.4772250093631 1
"1852" 280.47335646396 21.449931729129 -1
"1853" 128.585183316149 17.4262090003366 1
"1854" 132.290106189328 22.0516704841093 1
"1855" 139.007272132645 29.502661054207 1
"1856" 159.389200039406 44.9284678135845 1
"1857" 255.726334145942 43.3364528603019 1
"1858" 171.57507042811 50.1664144204737 1
"1859" 168.684614097501 49.1298042436615 1
"1860" 193.303110006387 54.832638828126 0
"1861" 108.707338222917 45.3413456548443 -1
"1862" 202.861021659483 4.63421682142609 1
"1863" 212.78114291561 -5.48166475478906 1
"1864" 185.618189813442 20.8031029347577 1
"1865" 156.299767030095 38.5463559986611 -1
"1866" 171.46825390389 30.9971936974946 1
"1867" 203.752078470802 3.72919117224496 1
"1868" 96.7509687798703 43.7702716820076 -1
"1869" 177.435915444216 27.0832570793605 1
"1870" 226.342263397615 -18.3809086499814 1
"1871" 57.1055976784802 26.8976463930585 -1
"1872" 172.024163848473 30.6562059067603 1
"1873" 93.6255167331885 43.1328463314576 1
"1874" 221.79657049704 -14.2784682944628 1
"1875" 181.300744596757 24.2475147909949 1
"1876" 74.1619690676512 36.7151826753231 -1
"1877" 121.992403792162 45.580443838249 0
"1878" 196.972300182412 10.499795928015 0
"1879" 124.375635346367 45.4597918418477 1
"1880" 137.052929830127 43.9537639614169 1
"1881" 140.392802112224 43.3025434318993 1
"1882" 120.725867959026 45.6242382156434 0
"1883" 90.2540830287067 42.3324078543527 -1
"1884" 188.223424532163 18.5889656452917 1
"1885" 164.34188183339 34.9530759030228 1
"1886" 174.574300504454 29.0301322020252 0
"1887" 216.218109313096 35.1044031860913 1
"1888" 225.367312658628 26.1043433566432 1
"1889" 209.996574408572 39.9570284024602 1
"1890" 184.953488521993 51.7101486978832 0
"1891" 184.301460697459 51.8908242622494 1
"1892" 334.097617144165 -55.6413939104502 -1
"1893" 266.222567343279 -27.9710220618959 1
"1894" 200.982439719088 45.436781040639 1
"1895" 337.360068975104 -55.6203672228499 -1
"1896" 231.109242708325 19.2709493610449 1
"1897" 187.761928685072 50.8727057408795 1
"1898" 278.61656906829 -39.05062860714 -1
"1899" 222.367319263666 29.312310661297 1
"1900" 175.475555962427 53.8712123701299 1
"1901" 249.192890674605 -6.19644656426525 1
"1902" 132.040760342081 53.4229847690309 -1
"1903" 230.621682314631 19.8850993253005 0
"1904" 303.017972755892 -51.1537888192597 -1
"1905" 320.974997923911 -54.839526950002 -1
"1906" 322.177763581949 -54.9739053571292 -1
"1907" 280.265868940797 -40.229523751226 0
"1908" 267.510118137158 -29.3166288000274 1
"1909" 346.776575129865 -55.0680119689026 0
"1910" 171.083112666561 54.5623548976538 1
"1911" 188.677408159025 50.5781942512567 0
"1912" 119.973784071938 -69.4710572386857 1
"1913" 223.609362098516 45.9240559651322 1
"1914" 231.129352454505 53.4863151940721 0
"1915" 282.733367796158 69.4920898383882 1
"1916" 203.025437527369 5.07515615832419 0
"1917" 225.984881491071 48.628486136639 0
"1918" 232.739276315392 54.7692828929216 1
"1919" 206.628947268859 14.4884733982939 0
"1920" 225.680498978156 48.2998677291539 0
"1921" 264.062159297511 67.4331742795038 1
"1922" 174.101878858174 -50.8573173340967 0
"1923" 222.668230587772 44.7591386238885 0
"1924" 188.011176332967 -31.5484352133218 0
"1925" 236.181184732808 57.1987593708927 0
"1926" 233.607690960787 55.4206982997629 0
"1927" 206.3146751702 13.6929493561894 0
"1928" 144.141476898837 -66.1931432222116 0
"1929" 105.422916319426 -69.6012340690222 -1
"1930" 127.346646154489 -68.926869205934 0
"1931" 208.696349226447 19.5592581225028 0
"1932" 247.620115767336 62.9648923987197 0
"1933" 197.603154480323 -9.47129624526242 0
"1934" 133.57347670523 -68.1833275774745 -1
"1935" 276.302476670799 69.0537251849516 0
"1936" 61.4046010184064 -50.1677435502324 -1
"1937" 242.300042833305 51.0290569097773 0
"1938" 106.773942891185 -68.5725816124816 -1
"1939" 211.109757462416 -9.87325265190135 0
"1940" 233.320134870775 40.3593725095083 0
"1941" 67.8518978868719 -55.5996825920889 -1
"1942" 214.992745597611 0.427772988057447 0
"1943" 228.971583742743 33.2114445603869 0
"1944" 272.873872504711 66.261383436993 1
"1945" 183.372107684369 -54.4393797735936 0
"1946" 222.215469322854 19.0022224076904 0
"1947" 190.983929939591 -47.2993266708819 0
"1948" 239.581727719612 48.2906743706833 0
"1949" 241.56008161828 50.3200671674585 0
"1950" 221.807037800912 18.0256888119708 0
"1951" 145.617701538737 -68.2437177390453 0
"1952" 106.725138965995 -68.5671616392737 0
"1953" 127.037287188099 -69.524827404628 0
"1954" 218.602853502558 9.9935043495546 0
"1955" 250.741793364808 57.5364112710616 0
"1956" 203.954544985043 -26.8311561425986 0
"1957" 131.896202532468 -69.395362184719 -1
"1958" 282.459309271276 68.0264530919431 -1
"1959" 244.041578777731 50.5200217900784 -1
"1960" 155.700349237453 -14.8385151678655 0
"1961" 190.708758416945 25.8336045013392 0
"1962" 227.490927072628 47.1536147061627 0
"1963" 111.294222738631 -46.2454430103373 0
"1964" 195.586484104893 30.1321232579323 0
"1965" 226.103099077685 46.7353912422893 0
"1966" 148.944718327232 -22.1393385804947 -1
"1967" 144.501548325172 -26.4385438021681 0
"1968" 222.689007360455 45.6045409355365 0
"1969" 182.197791943346 17.1275974265108 0
"1970" 239.096662891703 49.805398175349 -1
"1971" 241.703722455968 50.2109781643503 -1
"1972" 166.578646183797 -1.69105349382032 -1
"1973" 134.575964724857 -34.5116306409944 0
"1974" 121.10472097865 -42.3646451080498 0
"1975" 134.387537474969 -34.644910917662 0
"1976" 195.435470074231 30.0067579605383 0
"1977" 253.332473765961 51.261833298538 -1
"1978" 186.905629099411 22.1266290987535 0
"1979" 155.160745104096 -15.4523277678632 0
"1980" 159.665464273739 -10.1921245104914 1
"1981" 183.893875485772 51.4366686997443 1
"1982" 170.818540555032 46.8835979743358 1
"1983" 218.162593110486 54.8336815251118 1
"1984" 227.485098225561 54.0163668956872 1
"1985" 174.492561715356 48.4026346012572 1
"1986" 223.724578733827 54.4366534786663 1
"1987" 190.221795031183 52.886900142218 1
"1988" 305.06421497917 -3.86481442565878 -1
"1989" 222.955537770485 54.5072828993946 1
"1990" 176.805652353942 49.2571851042299 1
"1991" 238.314100599194 52.0598075270284 1
"1992" 239.591078040925 51.7492702674758 1
"1993" 287.165161935285 20.4909019941143 0
"1994" 309.41317097144 -9.95002490671374 -1
"1995" 310.588175445103 -11.553510140106 -1
"1996" 318.374971149863 -21.4967332369387 -1
"1997" 164.554316163167 43.7836473180336 1
"1998" 254.875506065702 46.4365066576602 1
"1999" 173.375433081053 47.96237767904 1
"2000" 167.269076165034 45.2111491222349 1
"2001" 191.26999054179 53.0864426767468 0
"2002" 177.001117519968 41.8966066009341 0
"2003" 199.394516436619 63.249374793684 0
"2004" 163.563990757476 9.55978202163056 1
"2005" 179.233819027384 45.4127977978435 0
"2006" 215.204647698409 68.8069295347433 0
"2007" 168.754858870014 24.3819891258098 1
"2008" 149.10323060869 -32.0043167946837 0
"2009" 223.952308229499 70.5186850084789 0
"2010" 178.108235595636 43.6971033943482 0
"2011" 225.462216591656 70.7470764791448 0
"2012" 202.347076960902 64.6209840332793 0
"2013" 158.97950331698 -4.82220675329882 -1
"2014" 137.781170857271 -50.6824078070374 -1
"2015" 106.69516628216 -68.5921996875533 -1
"2016" 131.240684073472 -57.0882523322011 -1
"2017" 176.008654357658 40.181771725719 0
"2018" 238.217644314552 72.0553879971128 -1
"2019" 177.272034582903 42.3479197531848 0
"2020" 154.807624742717 -17.4303830739195 0
"2021" 317.526215019895 50.9786052786212 1
"2022" 122.894177256498 61.6137071728574 -1
"2023" 184.506663723357 34.0542012975261 1
"2024" 145.552593285763 58.2883417368274 0
"2025" 61.1286407709449 47.1933401397822 -1
"2026" 178.373884224577 40.6201595563191 1
"2027" 253.041547074102 -53.8793588856561 -1
"2028" 221.618007019584 -27.0112548043972 1
"2029" 178.806965637432 40.2035683781041 1
"2030" 260.248565673469 -56.6279073301341 1
"2031" 143.026415866616 58.8993612009451 0
"2032" 199.539472915742 11.4154399276185 0
"2033" 299.262523636721 -61.7550605261577 0
"2034" 143.043859778731 58.8953822275037 1
"2035" 143.030260222825 58.898484580012 1
"2036" 180.815159183204 38.1813689557317 0
"2037" 277.057184982187 -60.4868881669696 1
"2038" 178.243571183449 40.7441895810562 1
"2039" 168.443570334977 48.5038840856346 1
"2040" 179.930790337707 39.0905195327983 0
"2041" 221.121268647606 52.7442418457902 1
"2042" 118.162610548968 59.7184549441932 1
"2043" 225.444612088436 49.1328196891159 1
"2044" 205.272143927464 61.3109735257201 1
"2045" 275.218353157618 -41.9079558638545 -1
"2046" 222.850400927337 51.3857279637114 1
"2047" 348.610530930058 -67.6700967481934 -1
"2048" 245.714426282652 18.6888976637393 1
"2049" 189.097453262634 65.6245748745555 0
"2050" 244.233328190092 21.836331221035 0
"2051" 299.85948612038 -60.4434390063391 -1
"2052" 149.352877567348 67.1040592013539 1
"2053" 145.49089084928 66.6977058288976 1
"2054" 271.04969441974 -36.1256983957313 0
"2055" 267.776556870835 -30.7760152773351 1
"2056" 325.522498041959 -66.701473213193 -1
"2057" 180.337336835778 66.8698287830274 1
"2058" 204.18580061943 61.7077107270557 0
"2059" 188.748247832946 37.5892105713178 0
"2060" 224.097881962673 53.3909269636316 0
"2061" 160.22988562237 4.78730480405894 0
"2062" 141.063010526728 -21.7845734200607 0
"2063" 222.907729559924 53.1435795908632 0
"2064" 180.464454664956 30.2391593857521 0
"2065" 237.076134385725 55.203992981046 0
"2066" 234.447551935358 54.9600873704174 0
"2067" 151.58916327648 -7.76060130312413 -1
"2068" 133.884066059964 -29.7735762477623 0
"2069" 121.694667754821 -40.1294813144673 0
"2070" 134.914046899972 -28.7158116209683 0
"2071" 186.224240435968 35.5417202336144 0
"2072" 251.669842729539 55.5119916116309 -1
"2073" 182.627653441864 32.3364980937996 0
"2074" 158.016301922592 1.56740092388707 0
"2075" 169.948103687794 18.1957010109931 1
"2076" 58.2855131491742 34.0403463385343 -1
"2077" 181.101160608093 44.082808453638 1
"2078" 80.6258937499234 50.8530182380763 1
"2079" 221.8359435051 -11.2111806083386 1
"2080" 177.463991753543 46.5912022880739 1
"2081" 77.3998577412072 49.1944986812153 -1
"2082" 142.611509970475 58.7354566401174 0
"2083" 206.990575582463 13.9082974233822 0
"2084" 300.13048436677 -59.8098690723255 -1
"2085" 142.92782443761 58.6911164515989 1
"2086" 142.978711693897 58.6839001843803 1
"2087" 196.007065232247 29.6175319623478 0
"2088" 94.8270937715222 56.1015493199747 -1
"2089" 171.838441331041 49.8577694714992 1
"2090" 169.461730400739 51.0417400496352 1
"2091" 182.497832194867 43.0266126950808 0
"2092" 218.240443775193 65.1947655195465 1
"2093" 64.1484959431236 56.4145898448229 1
"2094" 223.022138427324 56.2662403431923 1
"2095" 305.315536292045 -82.6759532615806 -1
"2096" 173.292493069677 81.9975047511844 0
"2097" 220.999959955043 60.683588830707 0
"2098" 231.014734872231 19.9572483237963 0
"2099" 275.567640856458 -79.6634644069024 -1
"2100" 8.27059456692078 -80.2526562576136 -1
"2101" 165.982446900381 82.4770597602561 1
"2102" 234.377485258943 -6.70399689195188 -1
"2103" 170.169260777547 82.225000643143 -1
"2104" 252.040377614558 -68.9425711701276 -1
"2105" 202.166656660001 76.8094437619643 1
"2106" 217.281381647735 66.461502157853 0
"2107" 145.912370071783 -28.2261580854481 -1
"2108" 223.563005657825 66.2303055453796 0
"2109" 178.654786918275 40.9977380242743 0
"2110" 229.586670350379 67.1044893504711 0
"2111" 210.853921431259 63.2582115553439 0
"2112" 155.870597396602 -6.07484404234695 -1
"2113" 136.116891854487 -43.3619357467381 -1
"2114" 113.84588649548 -60.2731291961205 -1
"2115" 132.996254846314 -46.9105152010187 -1
"2116" 177.599960047634 39.5538242244358 0
"2117" 243.266287373489 68.1231105074539 0
"2118" 178.341929239572 40.5768908339781 0
"2119" 157.376181505481 -2.33395357877878 0
"2120" 195.326925007813 56.4016646065872 1
"2121" 40.7965844974597 59.2969139317328 -1
"2122" 13.9414354453248 57.1388065663927 -1
"2123" 78.3136643653536 51.8725577623468 -1
"2124" 108.674868043492 28.3887491205283 0
"2125" 135.542037080361 -13.5020777644147 -1
"2126" 131.124224635418 -6.32129428017211 1
"2127" 128.55698841873 -2.01967384705951 1
"2128" 135.996551503629 -14.2170694934452 1
"2129" 98.2064659538052 39.4138648006988 -1
"2130" 90.9636089433116 45.0287983866076 -1
"2131" 47.182552734436 58.9696773631516 -1
"2132" 151.310154583688 -34.4054079994575 1
"2133" 150.044603589588 -33.0494076984846 -1
"2134" 218.392151281633 -78.9447733676584 -1
"2135" 224.090731815656 71.7050227556698 0
"2136" 223.184327415368 59.9612564240368 0
"2137" 222.203472080233 18.1191088505529 0
"2138" 215.282783612807 -84.0191471763653 -1
"2139" 46.6658952807611 -81.5102189085856 -1
"2140" 232.888008313413 86.3105010294809 1
"2141" 222.05315910063 6.40910644530431 0
"2142" 225.13334445421 77.5076429292992 -1
"2143" 221.013275159045 -53.9578086098337 0
"2144" 225.937144071041 79.9812750001033 1
"2145" 223.701048698158 67.9414472825719 0
"2146" 135.764050275089 81.6312038768533 -1
"2147" 170.479431894711 65.0315899438466 -1
"2148" 183.551393313645 5.33544008649225 0
"2149" 250.27257092919 -83.1430472593778 0
"2150" 340.901550066361 -74.4261625145833 -1
"2151" 333.970854868595 -77.6571498943241 -1
"2152" 179.038700439569 38.9571122814622 0
"2153" 321.036831030027 -80.8575784555439 1
"2154" 178.927304154762 39.5619458696983 0
"2155" 353.596168482641 -58.9955225917422 -1
"2156" 179.226194824858 37.9150690792702 0
"2157" 238.042646911337 52.791200360957 0
"2158" 245.212606939973 21.9328737085226 0
"2159" 283.919856867168 -76.8571768360688 -1
"2160" 12.7679769720363 -80.6496166994961 -1
"2161" 164.90223263565 82.2145836974889 1
"2162" 251.687600376257 -23.2138759377772 0
"2163" 166.589936402311 82.1851154557275 -1
"2164" 272.486512357267 -71.6262467973252 0
"2165" 208.476828726251 78.0369410562862 1
"2166" 227.957699339087 68.7014297571322 0
"2167" 263.686782070298 22.6412459562705 0
"2168" 123.949788592072 47.3866503141129 1
"2169" 143.051820022607 58.9093035806917 1
"2170" 143.030896222721 58.901115447421 1
"2171" 122.279855878132 45.8553963447869 1
"2172" 258.26288840465 31.8304950657851 1
"2173" 335.523372258004 -62.6820059670256 -1
"2174" 178.943513858541 65.5894566445859 1
"2175" 208.684976665992 63.6666556190171 0
"2176" 312.020412693896 14.6095136386114 -1
"2177" 306.385567830475 16.2485386242836 -1
"2178" 316.056519592846 13.335183681225 -1
"2179" 212.871881763365 15.6843956203069 1
"2180" 259.853722181814 22.6683342606673 1
"2181" 191.700170918025 8.53948238873658 1
"2182" 336.822256875077 5.69368322458615 -1
"2183" 162.037150244929 -3.57184953572927 -1
"2184" 129.797537382354 6.34182755950843 1
"2185" 134.467020007453 -33.7984243432083 1
"2186" 124.234481919827 46.1138120319387 0
"2187" 290.12774816352 -73.2871531728072 1
"2188" 291.890152506579 -71.8611504299889 1
"2189" 321.020069291141 60.3413910629065 -1
"2190" 137.788641240015 -50.7109004431094 -1
"2191" 143.018996531799 58.8518244125356 0
"2192" 137.966675537391 46.9566127275402 0
"2193" 21.4790331654583 -81.1917296445352 1
"2194" 148.101253064924 65.8363393510919 -1
"2195" 244.648140572929 80.672630435844 -1
"2196" 108.903044551754 -66.5697257065469 -1
"2197" 140.860612660079 46.9228699750438 0
"2198" 164.651650601774 82.1506734076649 -1
"2199" 145.49593281378 66.7098647880406 -1
"2200" 304.565424551559 73.3234976268812 -1
"2201" 131.409866337938 -56.2966930152129 -1
"2202" 268.55769558882 -34.8049697454429 1
"2203" 179.338281588982 38.8293380809377 1
"2204" 166.632068767972 43.2430842672873 1
"2205" 179.682427990434 38.6810401539421 0
"2206" 287.889071498502 -71.9726544831047 0
"2207" 37.3233596892858 -79.2300208224933 -1
"2208" 240.909361236293 70.1633592121549 -1
"2209" 169.892118359946 52.0349573432207 1
"2210" 179.545654403064 38.453291495802 0
"2211" 152.974702694626 -26.9564937525329 -1
