"ra" "dec" "antirad"
"1" 204.346278349212 45.1210840012495 0
"2" 203.828628786144 45.6093329427062 1
"3" 202.215010540216 47.0639672996951 1
"4" 264.868508841429 -49.5580200130692 -1
"5" 309.649181820336 -64.6684346401288 0
"6" 172.762519569447 61.7186501150829 0
"7" 1.4712801479651 -59.0837887368236 -1
"8" 289.585077257609 -61.2851102393404 0
"9" 214.035139260204 33.7254123738711 0
"10" 232.917830475581 -1.95297364768207 0
"11" 213.977662490328 33.8071077453172 1
"12" 200.372045098913 48.6073630662195 0
"13" 186.58087502995 57.0153290009623 0
"14" 203.718850939618 45.711499054613 0
"15" 207.662437914571 41.7252400631166 0
"16" 182.383932684327 58.7462047535873 0
"17" 192.320123606267 54.0967186752094 0
"18" 198.09762579538 50.352300267993 0
"19" 202.122109450518 47.1447059797479 0
"20" 191.554940087646 54.5276316905497 0
"21" 141.267267436572 65.1827501933273 -1
"22" 214.170103796375 33.5328610303029 0
"23" 253.918848818219 -38.8967929386051 1
"24" 220.737328255645 22.9244142407097 1
"25" 199.304532391373 49.4474226113943 0
"26" 216.87648212126 29.4563598723281 1
"27" 209.347408064219 39.8091400792343 0
"28" 203.078639970685 46.2978879682843 0
"29" 237.140654372587 -10.9368118674659 1
"30" 220.827362894664 22.7622118005047 0
"31" 197.682371706065 50.6530510413335 1
"32" 211.292077645535 37.4246080992996 1
"33" 316.066607539175 -65.0665848556293 -1
"34" 35.9535154800234 -30.8930195599227 -1
"35" 203.423265435522 45.9842245967111 1
"36" 203.955234410362 45.0307037470512 1
"37" 198.275773388728 43.5297664087167 1
"38" 127.651596969598 -12.2210421411755 1
"39" 141.487499194876 2.78927875730448 1
"40" 173.719040656635 32.2014469367297 0
"41" 357.282558500236 -34.4094304335656 -1
"42" 330.286331467598 -12.2405543287832 -1
"43" 234.231290006794 47.7244295018599 0
"44" 338.538715395447 -20.3126175712511 -1
"45" 219.24769945336 47.4335146120548 1
"46" 235.314770241573 47.6695152109015 1
"47" 237.199150231283 47.5493501522548 1
"48" 227.583990808291 47.8370743678192 1
"49" 228.882474116828 47.8452647276571 0
"50" 236.859829407946 47.5733096347932 1
"51" 228.623600571781 47.8448005281883 1
"52" 251.680672534257 45.5357427026635 1
"53" 235.574037529831 47.654843549841 1
"54" 233.555227458341 47.753476523405 1
"55" 233.687980918801 47.7480885301104 1
"56" 236.096154462286 47.6234982396621 0
"57" 226.919942497054 47.8272244521362 1
"58" 233.312517851191 47.7629287027935 1
"59" 242.940900223263 46.9868470978994 1
"60" 230.157374638337 47.8390602444266 1
"61" 220.90429713508 47.5624961293241 0
"62" 194.868279994527 42.4513328606134 0
"63" 103.557803862819 -32.6152200137622 -1
"64" 240.787783345307 47.2328680473178 0
"65" 189.84661517377 40.5986762541724 1
"66" 216.870900455455 47.2053762743708 1
"67" 291.852097948444 26.7171365708978 -1
"68" 63.5234363389155 -46.912922841495 -1
"69" 203.256943655645 44.8652628551193 1
"70" 203.29192512507 47.9338091201376 1
"71" 222.165288653437 -62.7094677533873 -1
"72" 269.281404553739 -82.8602665206286 -1
"73" 169.489681331831 80.6257311280815 0
"74" 8.83943622292172 -73.5065072642427 -1
"75" 225.099041153586 -67.3903980986244 0
"76" 207.074774150314 26.4027048488303 0
"77" 209.357563649553 7.19199476295684 0
"78" 208.653521683331 13.519242521848 1
"79" 203.049959047199 48.9172421445805 0
"80" 200.659881142608 56.8464582532325 0
"81" 203.802285738347 45.7282337357889 0
"82" 204.86675297045 40.492940537199 0
"83" 200.098322876616 58.3245868509745 0
"84" 201.723425532738 53.6802207109198 0
"85" 202.521141011315 50.9374068819193 0
"86" 203.430309350056 47.3537619714811 0
"87" 201.493123835584 54.4103112903203 0
"88" 196.347352069789 65.7147668501798 0
"89" 207.064154328546 26.4817668721112 0
"90" 189.537040872759 73.0037117326683 0
"91" 210.897909970697 -7.05792047585144 1
"92" 202.804785094597 49.8752271159665 0
"93" 208.784127403708 12.3660150772844 1
"94" 205.568186568548 36.5177743253884 0
"95" 203.624752679978 46.5163487923992 0
"96" 213.832888930565 -30.9536219667995 1
"97" 209.938029357421 1.83162603032838 -1
"98" 201.537520214332 54.2715892218168 1
"99" 206.957648089703 27.2686215055449 1
"100" 354.484762105839 -79.5464244678071 -1
"101" 27.5371336119268 -22.855987548385 -1
"102" 203.553172805452 46.8277123846406 1
"103" 146.914810657514 -40.4157549631637 0
"104" 146.665260481482 -40.6887713981067 0
"105" 174.123544089786 6.27809861350196 1
"106" 174.976769208199 8.02136450143011 0
"107" 162.297679634329 -17.6326478507335 0
"108" 135.416585144126 -50.4879211723182 -1
"109" 179.299651854987 16.535582761368 -1
"110" 47.6225597598679 -60.0352741202273 1
"111" 204.79412952375 49.0839732577068 0
"112" 214.570316914519 55.0488520867803 0
"113" 199.619228589415 44.8003733961366 0
"114" 186.882371709483 29.5036639894184 0
"115" 215.928936340741 55.7030625727748 0
"116" 210.1582394296 52.6525593642326 0
"117" 208.179521334215 51.4275193475594 0
"118" 202.360909960523 47.1841033718784 0
"119" 211.527947488196 53.4437185393193 0
"120" 220.45204160255 57.6340743224573 -1
"121" 141.051782189217 -46.1468751164328 -1
"122" 220.043771284167 57.474278225898 -1
"123" 253.333861646098 64.1090608156007 -1
"124" 206.339135725548 50.1943986343517 0
"125" 260.691105027397 64.3148198153151 -1
"126" 148.118088402522 -39.0599818184931 -1
"127" 199.639755888591 44.8192457213076 0
"128" 141.054201382858 -46.1447848797651 1
"129" 101.043608457629 -62.9034370389338 -1
"130" 175.737055593152 9.56089378993864 0
"131" 230.159808448225 60.7219121955028 -1
"132" 98.2402193923338 -63.2831716960519 0
"133" 145.586888663083 -41.8372011709734 1
"134" 203.794468448292 48.3265970817252 0
"135" 146.553961338276 -40.0407719966956 1
"136" 175.453304861611 -57.9708160903876 -1
"137" 168.263437898621 -55.2435090277697 1
"138" 25.2989897101047 62.9964133839924 -1
"139" 149.89216189471 -43.315178538955 -1
"140" 111.058350243586 19.4200567366419 -1
"141" 183.591770468804 -60.2016444006297 1
"142" 122.653398992848 -2.56997004887869 -1
"143" 112.909496459249 16.1535106622649 -1
"144" 126.464280602786 -9.97647663443484 -1
"145" 134.796326696191 -24.6484491012963 -1
"146" 110.80252198752 19.8604639617594 -1
"147" 113.283084670142 15.4781485590712 -1
"148" 122.930698460846 -3.11564193888063 -1
"149" 124.709367063239 -6.59587135850496 -1
"150" 114.596843845998 13.064056152911 -1
"151" 98.3484575878349 37.6351151702939 -1
"152" 148.517701229557 -42.0188884756347 -1
"153" 80.8086668354163 52.0585232484213 -1
"154" 180.905382624614 -59.5524228730488 1
"155" 122.725943746105 -2.71277955734691 -1
"156" 168.213206210217 -55.2214803724712 1
"157" 146.717542950906 -40.2114141753013 -1
"158" 133.728052014606 -22.9282555954143 -1
"159" 154.649980849563 -47.2919907560246 1
"160" 166.315300638249 -54.3553581932756 -1
"161" 151.807793431905 -45.0077953001606 1
"162" 171.41695746601 -56.5397833794298 1
"163" 117.548718358205 7.45332599435954 1
"164" 147.359145588755 -40.8702970702592 1
"165" 11.3114328546089 61.6566693836527 -1
"166" 178.94866590846 -80.6645471870628 -1
"167" 160.529879469352 -72.836568918052 1
"168" 137.298315098847 38.0904161618573 -1
"169" 147.429579859803 -44.8128839463762 -1
"170" 139.514439759569 21.5650067669679 -1
"171" 160.77159067095 -73.0347751839843 1
"172" 140.018995582308 17.047727563765 0
"173" 136.751246185914 41.3349651487234 0
"174" 141.158304879107 6.08178032080315 -1
"175" 143.429317772873 -16.2964195687841 -1
"176" 135.979708863892 45.4133855019566 0
"177" 137.19620715366 38.7195489301899 0
"178" 139.956103732994 17.6242469177303 -1
"179" 140.632688367442 11.2476856450308 -1
"180" 137.474724912666 36.9772261032591 0
"181" 310.823578375419 -62.3697405749774 1
"182" 147.063718759605 -42.9078830236622 -1
"183" 301.389748158923 -74.0730935042948 1
"184" 157.022063419055 -69.3158226047007 1
"185" 139.974961509506 17.4517635536016 -1
"186" 152.790913758066 -62.5488735280827 1
"187" 146.599278975142 -40.3061350309028 -1
"188" 142.973151266603 -11.9828845613305 -1
"189" 147.865392412665 -46.9273007876973 1
"190" 151.667329309125 -59.9834777052761 -1
"191" 148.373633354807 -49.196718920666 1
"192" 334.982763016812 66.5143443712668 -1
"193" 311.956060760045 -59.749311932668 -1
"194" 146.755648878853 -41.2058431593445 1
"195" 175.203834739196 -79.7793763058285 1
"196" 174.235647707149 -1.94914771666595 -1
"197" 354.880626180391 40.7866609335156 -1
"198" 354.488051425643 19.7153557616958 0
"199" 353.960202356443 -17.7393384911547 -1
"200" 175.998893528201 -66.4952584646092 -1
"201" 173.524301051909 41.3472666033528 1
"202" 173.07036624052 55.649759850249 1
"203" 353.679100473912 -34.2582902415039 -1
"204" 173.957899239892 17.8930229151933 1
"205" 172.96542656125 57.9623906345299 1
"206" 173.189800437177 52.6380836902679 1
"207" 173.477247397552 43.241931310208 1
"208" 353.605549862428 -37.7968336256104 -1
"209" 173.193836555647 52.5283987221293 1
"210" 172.287975344923 67.9440596303773 1
"211" 354.453374844631 17.4217214033254 -1
"212" 171.18753039366 75.5504771093156 1
"213" 175.717857532122 -62.7107640076584 -1
"214" 173.5012841849 42.2883157264787 1
"215" 175.132409436221 -49.8697221071886 -1
"216" 354.296501942581 6.40329105856664 -1
"217" 353.820644205388 -26.5292110175106 -1
"218" 175.013744581848 -45.9522710783735 -1
"219" 355.102253832841 48.9297067981268 0
"220" 174.139856973923 5.08894177988465 0
"221" 175.228726759247 -52.643576387612 -1
"222" 170.19585240278 79.0168503104872 -1
"223" 174.460540148927 -17.9006792065464 -1
"224" 178.040724574871 -78.5102379102393 -1
"225" 171.357028874674 -35.498519816091 0
"226" 172.662240521879 -22.0678427596059 -1
"227" 175.704444208851 17.3632816499624 -1
"228" 160.215950143528 -73.1882063954557 1
"229" 178.374478317902 43.2970118828739 -1
"230" 180.823673507112 56.6245072762934 -1
"231" 357.506032939884 -36.4139120779155 1
"232" 175.908780898953 19.8445102952211 0
"233" 181.363048472048 58.6959349919637 -1
"234" 180.121439399495 53.5350678006968 -1
"235" 178.675284763497 45.3722499905986 -1
"236" 177.92291081155 39.8916964219105 -1
"237" 180.143984849796 53.6419697653594 -1
"238" 184.566672573724 67.3134452089956 -1
"239" 172.887051532903 -19.4101225891045 0
"240" 188.558919316568 73.2049199661699 -1
"241" 164.123535172861 -67.4501038785869 1
"242" 178.519337989225 44.3148316285009 -1
"243" 168.278241451708 -55.17869809989 1
"244" 173.851401488222 -7.110296734795 0
"245" 176.76429915421 29.3682722545963 -1
"246" 169.889307151999 -46.6409074875852 1
"247" 168.739321530678 -53.0487162097346 -1
"248" 174.921712284445 7.28994052808219 1
"249" 166.985269058775 -60.1245717418617 1
"250" 22.4696803561412 -81.0763750861016 0
"251" 172.862035459709 -19.7104524415372 1
"252" 275.086855001579 85.6970033040963 -1
"253" 167.347171877035 -28.3626396465385 -1
"254" 326.35322658333 -21.362502815345 1
"255" 188.209098535237 -54.3506412221408 1
"256" 145.744798716583 22.682169552768 -1
"257" 135.627288926856 40.5121447826691 -1
"258" 329.292620921031 -14.6325801190916 1
"259" 156.021770964797 -2.21466875899573 -1
"260" 133.290082905964 43.5909169095324 -1
"261" 136.97797661871 38.5695950090182 -1
"262" 145.412349612258 23.391803491383 -1
"263" 327.647481377222 -18.4684649577266 1
"264" 137.844845017501 37.2561182536756 -1
"265" 298.411291901044 -56.8182714393503 1
"266" 166.554796773149 -26.8052328374472 -1
"267" 275.244563535585 -65.6708443183537 1
"268" 187.639731428426 -53.9306964537763 1
"269" 325.545930077051 -23.1076496583492 1
"270" 179.041047511111 -45.9871821748812 1
"271" 164.07496599474 -21.6212885607953 -1
"272" 334.083096298745 -2.73758574088097 1
"273" 178.47881329298 -45.3440387377259 1
"274" 178.938577482463 -45.8712690552478 -1
"275" 164.224003045307 -21.945753878376 1
"276" 179.726616335266 -46.7480476396535 1
"277" 307.195628722694 -50.1584959592938 -1
"278" 166.387206309859 -26.4696030072274 1
"279" 192.578009103851 -57.2287418266124 1
"280" 195.972866399422 11.8320917879765 1
"281" 213.91651005061 33.6126804750466 1
"282" 234.446748456794 47.8270334882882 1
"283" 235.559210035763 48.344093630029 1
"284" 233.882301902503 47.5565148152147 1
"285" 236.828999468625 48.9088996302999 1
"286" 235.506752003505 48.3201841717174 1
"287" 231.880630630547 46.5512368500839 1
"288" 237.995137796677 49.404568711135 1
"289" 234.400730170219 47.8051868388442 1
"290" 233.957948523597 47.5930936216319 1
"291" 233.879916972879 47.5553599458371 1
"292" 208.466397364285 27.9834432795491 1
"293" 228.564848063156 44.7189392491827 1
"294" 232.758715074037 47.0011989703945 1
"295" 236.032063398263 48.557533512504 1
"296" 225.834483627127 43.0411267075318 1
"297" 291.66216261643 55.9983459323975 1
"298" 249.190621307663 53.1720405609273 1
"299" 144.248303197141 -46.5649506531771 -1
"300" 249.907274342945 53.3587799911605 0
"301" 335.702444430805 39.2368213374487 -1
"302" 206.289846103226 25.4853381376328 1
"303" 282.595511520074 56.6661485678685 -1
"304" 184.02595410674 -6.15049285763274 -1
"305" 200.45781151302 18.1069545815886 1
"306" 207.399620184171 7.90864668518007 1
"307" 144.436998048151 21.4473633695572 -1
"308" 295.807310037075 -20.1104086281275 1
"309" 335.567170829102 -20.6496516179022 1
"310" 173.833190230423 17.7660634663712 -1
"311" 290.424715731205 -19.3180429478233 1
"312" 117.246137782967 20.2935686563267 -1
"313" 143.538301634102 21.4796244562237 -1
"314" 330.417579565633 -21.1101708104529 1
"315" 300.670731546993 -20.6805480564517 1
"316" 265.789746315889 -13.6272676423649 1
"317" 195.40278251806 12.0145092411972 0
"318" 244.093383768742 -6.26568982664118 1
"319" 214.745642706289 5.16813001195157 1
"320" 323.869547802844 -21.4682937600312 1
"321" 206.985095026548 8.05892038492697 1
"322" 187.435287862252 14.410507175245 0
"323" 346.939996512175 -19.0802443556808 1
"324" 242.246037822972 -5.56839259923194 1
"325" 212.068015748115 6.18261716040478 -1
"326" 358.409032775425 -16.7471523627355 -1
"327" 201.180874795895 10.1037674744975 1
"328" 299.747024122962 -20.5829758394146 -1
"329" 17.5479952729139 -11.3209362833737 -1
"330" 199.868925203768 10.5492844370863 1
"331" 220.237808950313 49.3969834292623 0
"332" 222.417327759244 53.1984880930027 0
"333" 219.369341097872 47.6834682647471 0
"334" 218.326768382595 45.4572099015191 0
"335" 222.768951291328 53.7517433439509 0
"336" 220.761967383203 50.3735543324456 0
"337" 221.393833008755 51.4966431101963 0
"338" 219.847932199704 48.6428834458715 0
"339" 221.433674409147 51.5655469078562 0
"340" 223.984442181561 55.5502838646926 -1
"341" 213.782640153106 33.183872917873 0
"342" 222.92487443934 53.9921823275256 0
"343" 190.077587007762 -51.3203344109638 1
"344" 220.760155080026 50.3702493591979 0
"345" 207.944032556463 10.370555149397 1
"346" 218.727918897192 46.3366439336587 0
"347" 221.426858725912 51.5537752485759 0
"348" 195.021026383091 -40.6671947310936 1
"349" 203.022591557951 -12.1702219938195 -1
"350" 60.3998032419229 -69.2827484107396 -1
"351" 44.3420900650434 -56.0478436956926 -1
"352" 80.1078717800733 -75.1672716246265 0
"353" 32.100227193228 -27.417935247927 -1
"354" 195.730956011263 -38.7485193086007 0
"355" 238.031713497789 47.1272842075771 1
"356" 237.52846377757 47.2334300994962 0
"357" 231.653702444717 48.2837159404218 0
"358" 237.411968238943 47.2576275334988 1
"359" 225.141855198047 49.0627699630854 1
"360" 132.357226998604 8.70560160475318 -1
"361" 234.95406464375 47.7358826485867 0
"362" 232.54124464981 48.1467952361746 1
"363" 233.432849997795 48.0015905595686 1
"364" 235.932550017235 47.5528182138084 0
"365" 226.269912661755 48.955645656448 1
"366" 233.483462424664 47.9931159933923 1
"367" 308.162212975284 -3.87468619692532 1
"368" 230.742597625978 48.4164464359863 1
"369" 224.025117379955 49.157582115668 0
"370" 212.499673926889 49.4985767087141 0
"371" 97.3382110300922 -28.4246764404192 -1
"372" 240.092852471842 46.6647926070937 0
"373" 195.111839574548 47.8023694598039 1
"374" 218.484836802705 49.465339145708 1
"375" 294.481393788309 11.9074522550005 -1
"376" 61.7387350717304 -46.2627170059453 -1
"377" 203.908021367699 49.0026922283337 1
"378" 237.902848980429 47.1934498901487 0
"379" 234.804993365556 48.6938040788674 0
"380" 234.793013884317 48.6992802473551 1
"381" 285.48965933032 -5.19073492250026 0
"382" 229.892668785597 50.7447190883949 0
"383" 237.551816778743 47.37212549412 0
"384" 255.244477644655 34.9886559425555 0
"385" 230.910974291061 50.3504498773401 1
"386" 236.607394959431 47.8416481725467 0
"387" 223.790444350272 52.802258661463 1
"388" 234.219615340592 48.9585678036975 1
"389" 234.477807273119 48.8424987412376 0
"390" 232.23161697638 49.8156665366534 1
"391" 228.652602166658 51.2042962125303 0
"392" 225.622904490983 52.2367233035026 0
"393" 87.9138676799819 -20.808747689259 -1
"394" 239.632298707391 46.2792516115965 0
"395" 204.397527227966 56.5314050803526 1
"396" 221.727152599743 53.3890273174389 1
"397" 120.836084278292 26.4083771736313 1
"398" 60.5138023781763 -45.7909482120532 -1
"399" 205.404853044816 56.4262421458768 1
"400" 228.694426397201 47.8128099088817 0
"401" 237.437337059571 47.2429679084132 1
"402" 228.710211893976 47.8123875892287 1
"403" 257.388933308154 43.2112805369123 1
"404" 240.505695816533 46.8798322200229 1
"405" 234.085958105989 47.5416110038892 1
"406" 233.878499603874 47.5567895639497 1
"407" 235.621599999548 47.4173107200664 0
"408" 226.909048315121 47.8465825175126 1
"409" 233.195523502254 47.6040578747857 1
"410" 246.990316771277 45.8186052209675 1
"411" 230.085700642171 47.7672428720718 1
"412" 221.294714563334 47.7722543148585 0
"413" 199.574692463415 44.7894994628709 0
"414" 101.873513128577 -31.5450938041687 -1
"415" 240.374664405505 46.8971235178463 0
"416" 190.934206075187 42.2555793690382 1
"417" 217.097788904738 47.536726990456 1
"418" 292.472056877124 23.4819460308373 -1
"419" 62.5992051345385 -46.5816186706879 -1
"420" 203.371552099812 45.6410790817015 1
"421" 234.803737221193 48.6936589745639 1
"422" 228.704447316752 47.8145481747414 1
"423" 239.320170331233 49.1229441569069 1
"424" 230.927576151355 48.1759775915463 1
"425" 232.033732115416 48.3381048017058 1
"426" 232.958619533602 48.4647804863626 1
"427" 239.944015875279 49.1678981575213 0
"428" 227.090689267894 47.5217900306007 1
"429" 233.934679272792 48.5897862526498 1
"430" 235.113022307941 48.7289491694746 1
"431" 230.417027440109 48.0972059497244 1
"432" 216.323679785185 44.8649983905862 0
"433" 298.958927685328 36.3053644660905 1
"434" 114.811524196229 -38.6075952921294 -1
"435" 243.585409933732 49.3620936753735 0
"436" 181.964596246826 25.4606287892498 1
"437" 215.119366037138 44.4858538103766 1
"438" 288.36716755034 41.6438579124982 -1
"439" 71.7301177781142 -49.3804325227685 -1
"440" 202.524322889812 39.3706386205892 1
"441" 261.240129715358 25.7936257872962 0
"442" 230.852420876262 50.6188864973229 0
"443" 237.092435370278 47.4411027449606 0
"444" 245.257329522272 42.01248243209 0
"445" 230.33204561709 50.8516192509126 1
"446" 236.479077829914 47.7872791277536 0
"447" 223.212612000743 53.6046669814171 1
"448" 234.240794130969 48.9857351638545 1
"449" 234.539135047885 48.8317103595844 0
"450" 232.35002131902 49.9227799433168 1
"451" 229.100995018315 51.3840541390452 0
"452" 226.636591013001 52.37659405543 0
"453" 86.092242540966 -19.1651141225208 -1
"454" 239.389391077083 46.0729441149648 0
"455" 205.948143488886 57.6282317387347 1
"456" 222.226015098343 53.9281283979608 1
"457" 122.502987039954 34.2745237087495 1
"458" 60.0990949241567 -45.6264005898844 -1
"459" 205.711815312382 57.6621732245613 1
"460" 215.514144830885 51.6495691435177 0
"461" 226.893336862905 48.470508763172 0
"462" 176.678931593849 53.1446111126962 0
"463" 236.969113214905 44.2009872974361 1
"464" 232.84559414812 46.1374964910398 0
"465" 226.467543883402 48.6182305507378 1
"466" 232.311757102538 46.3681622186852 1
"467" 220.777199270869 50.3693980813128 0
"468" 229.741011017791 47.4184454918828 1
"469" 224.355253231909 49.3157476903169 0
"470" 218.471868500989 50.9680274184019 0
"471" 86.688541250445 -19.7089599874391 -1
"472" 237.17686585466 44.0958653897825 0
"473" 200.926150228134 53.7445923363964 1
"474" 219.45466225872 50.7202424617325 1
"475" 120.335607552881 23.7964054058736 1
"476" 56.8620831434725 -44.2548514712857 -1
"477" 204.728882281116 53.3876949882882 1
"478" 267.792790421095 37.6426474665707 0
"479" 221.807116375359 51.4747618901049 1
"480" 230.556939504083 50.6585391078863 1
"481" 239.637263525037 49.0528098845111 0
"482" 224.832192447531 51.2694583950146 1
"483" 235.026366743323 49.9701783616146 1
"484" 315.806250863013 -12.8614728215392 0
"485" 232.812075612765 50.335125111847 1
"486" 228.059117292431 50.9615343460693 0
"487" 221.17637923499 51.507564960698 0
"488" 98.8239645512685 -29.4857193812041 -1
"489" 242.30678780774 48.4193661178945 0
"490" 197.271168533764 50.2225461001359 1
"491" 220.132250901759 51.5543442314765 1
"492" 294.163474920082 13.8347356461595 -1
"493" 65.4565430681445 -47.5693097086019 -1
"494" 204.284888566943 51.1206696911067 1
"495" 233.009777693663 47.9669063320233 1
"496" 233.526482592523 47.9089093322302 1
"497" 236.026446577428 47.593434972742 0
"498" 226.542293774004 48.4893336441112 1
"499" 233.429006978354 47.9200377968127 1
"500" 251.859222007387 44.1466169615009 1
"501" 230.53271486268 48.2112065218924 1
"502" 222.933399886076 48.6204519659806 0
"503" 207.30021343683 47.8769825118436 0
"504" 99.7926752214598 -30.1570727058396 -1
"505" 240.381027431289 46.9023382409004 0
"506" 193.051367430048 45.2201374707326 1
"507" 217.857742103256 48.6136131931666 1
"508" 293.359047958523 18.5618600267464 -1
"509" 62.4176583023665 -46.515181070276 -1
"510" 203.641424053048 47.3859543657778 1
"511" 233.766201588598 47.6697551944398 1
"512" 235.028993921638 47.1547693775286 0
"513" 225.29551648422 50.5499816955328 1
"514" 233.361876880406 47.8296299070363 1
"515" 227.776930921204 49.8037191344382 0
"516" 231.038774797847 48.7026360207402 1
"517" 226.365381740025 50.2375584935216 0
"518" 221.458480207555 51.5595644641003 0
"519" 88.7727650911316 -21.5651423097038 -1
"520" 238.729898659702 45.5023112563194 0
"521" 201.689129103647 54.3997524931088 1
"522" 220.353561154054 51.8194904272111 1
"523" 299.519083074783 -19.2993186605597 -1
"524" 59.2170372279609 -45.2681371117424 -1
"525" 204.895613896272 54.1808517471351 1
"526" 234.50339501558 46.9171417534261 0
"527" 219.342456830516 58.2236378184283 1
"528" 233.465621113664 47.9691988849991 1
"529" 232.158163426338 49.2235501516052 0
"530" 231.872706593302 49.4873164558108 1
"531" 229.5059565822 51.5437362845136 0
"532" 228.21279042387 52.5752574785183 0
"533" 76.2737946548968 -9.49520948796557 -1
"534" 237.111313430192 44.0345076534335 0
"535" 212.312687649729 61.3582779703437 1
"536" 223.886156393187 55.6128513564942 1
"537" 134.758816120825 63.5865216360784 1
"538" 56.9059983026565 -44.2745221295914 -1
"539" 207.348619847499 63.0579324641748 1
"540" 228.881177706614 44.0767861829696 1
"541" 231.798813207598 45.6209332682419 1
"542" 237.586491494792 48.2481210170003 1
"543" 224.645762987676 41.5409419714319 1
"544" 308.121870988865 51.1179914900775 1
"545" 252.790980271846 52.8997113547074 1
"546" 141.055658977198 -46.1449984895046 -1
"547" 246.469145834935 51.3144599466734 0
"548" 338.184776478048 34.8993832846305 -1
"549" 206.379928120638 25.729277991681 1
"550" 283.334766416651 55.2273758406897 -1
"551" 170.798896811486 -21.9662889593558 0
"552" 200.510614338694 18.7577039409094 1
"553" 229.706516725796 42.3292047747385 1
"554" 225.62463084905 50.0240591040443 0
"555" 228.086256693456 45.6624659141929 1
"556" 225.681571197867 49.9317871899031 0
"557" 224.316670236568 52.0422726391945 0
"558" 243.571269272997 -4.145796375315 1
"559" 231.505299181072 38.1347487809391 0
"560" 214.632797768112 62.4623728310802 1
"561" 222.64194191015 54.365663070644 1
"562" 336.18680381403 -76.2517477019174 0
"563" 50.3158123387722 -40.969439877301 -1
"564" 208.683026676812 66.3425081306252 1
"565" 234.170886224886 48.8959326018338 0
"566" 241.685934666561 56.7596883338968 1
"567" 239.438606686557 54.7456707267922 0
"568" 237.999522333276 53.3175092300637 0
"569" 198.214208745662 -39.3835262079169 1
"570" 220.413870358265 22.0507027645403 0
"571" 94.1134087532465 -70.2862576032366 0
"572" 127.000388119337 -72.5629690026931 -1
"573" 91.2526651772478 -69.7462497635747 0
"574" 48.2405686595764 -39.77139091265 -1
"575" 194.915806144645 -44.9137055732221 0
"576" 231.667886184506 49.2974373013724 1
"577" 225.841017546359 50.0037940698469 0
"578" 216.410968164585 50.5055048582161 0
"579" 97.9502475552376 -28.8663706181953 -1
"580" 241.073839502246 47.4620214753052 0
"581" 196.111094618315 48.9566539335736 1
"582" 219.230267773907 50.4364123730721 1
"583" 294.371620438012 12.5762896927531 -1
"584" 63.3914501844629 -46.8663133999566 -1
"585" 204.081925613568 50.0034526379919 1
"586" 237.895177904886 54.3310862785321 0
"587" 236.40126260357 53.2525598253883 0
"588" 179.871333344053 -45.0659418784915 1
"589" 179.931413286953 -44.9978658780372 -1
"590" 111.950889440674 -68.0282191366135 -1
"591" 183.120006576703 -41.0935231659235 0
"592" 94.8115924618478 -66.914148414967 -1
"593" 39.2492300586758 -33.5940651014144 -1
"594" 198.070121243765 -13.7003737704504 0
"595" 233.844062411848 53.1035409506052 1
"596" 138.76201568316 -45.7836874591999 -1
"597" 260.119152246145 57.9742135372423 0
"598" 344.709697866811 20.7561473489656 -1
"599" 214.706665595326 43.8013057592176 1
"600" 282.155444262583 57.4715875528158 -1
"601" 142.350782086743 -43.4628901484855 -1
"602" 201.785284008567 32.7867276183778 1
"603" 115.31402217001 -38.8310596835965 -1
"604" 249.534542360844 53.1508540521088 0
"605" 8.73187734827111 -38.7995897832035 -1
"606" 219.890239786952 51.2603326975349 1
"607" 287.935998261936 43.1296716821946 -1
"608" 82.8080319293101 -51.5278495299662 -1
"609" 203.496906892732 46.4655962505668 1
"610" 359.850702258869 45.0702058311079 -1
"611" 150.173124039445 -47.0969602130213 0
"612" 180.95499211898 -44.835829458811 0
"613" 109.796304617256 -36.1772127622238 0
"614" 137.539073570406 -45.5701726657536 0
"615" 195.5179735552 -40.4762991514073 0
"616" 306.755919495485 63.8471623507155 -1
"617" 2.04234622985622 43.0183578658555 -1
"618" 278.794642976958 62.5858578127785 -1
"619" 237.794813495911 44.6662438160215 -1
"620" 17.3464040466716 22.6236140117638 -1
"621" 255.400251783496 70.536961964341 -1
"622" 90.1126086135061 -70.5039435975227 0
"623" 159.307683798524 -32.7529107023257 1
"624" 205.65119906674 57.4246322968782 0
"625" 86.9440205551397 -72.317043813644 -1
"626" 24.0288967309712 -19.0294995844017 -1
"627" 199.39761768661 4.20720994222904 0
"628" 104.60631438394 -52.4723052221819 1
"629" 225.255317916705 80.5992620757288 -1
"630" 200.174437722816 14.5342812410741 -1
