"ra" "dec" "antirad"
"1" 339.727803237716 82.8937801140474 0
"2" 141.161801745095 -27.1124121928231 0
"3" 139.794303517191 3.03389580917494 0
"4" 141.084190527834 -25.6381140147177 1
"5" 137.858462256228 40.4539615877227 1
"6" 140.282639712738 -8.46210431663849 1
"7" 140.464807713873 -12.6281831998072 1
"8" 338.207297836778 82.3321285644375 0
"9" 140.006256087987 -1.98027990630738 0
"10" 139.663082481374 6.11988818520643 0
"11" 345.104733113643 84.3306953571458 0
"12" 140.581279010564 -15.2251523520169 0
"13" 326.376638275596 69.4048101646591 -1
"14" 138.647867657872 27.7738247717944 -1
"15" 139.836589328569 2.03479785537192 1
"16" 138.029229916726 38.031598328228 0
"17" 138.169331523554 35.9163594393025 0
"18" 56.9263756679416 87.5630969767158 -1
"19" 326.916648444832 70.8686643250375 0
"20" 137.599316591765 43.8216311638409 0
"21" 139.82724815714 2.25563215860566 0
"22" 135.379149373834 61.9318707564992 -1
"23" 335.661731039632 81.149038942861 1
"24" 138.474224002464 30.8956478023459 0
"25" 47.5171843924458 37.6204188514261 1
"26" 232.575838426584 -1.80080101183036 0
"27" 72.9862351119882 -70.9423433149136 -1
"28" 53.5255480111372 -6.13823451388913 -1
"29" 234.114011089334 10.9596674582286 1
"30" 65.7806812489569 -62.0514627283896 -1
"31" 336.826065488738 82.9918290952326 1
"32" 234.056445312427 10.4938172011028 0
"33" 232.207898754969 -4.87472268018505 -1
"34" 354.41831825266 82.0268890288036 1
"35" 233.310022428402 4.34637942160681 -1
"36" 296.522621215009 82.4245075234151 1
"37" 235.527681063173 21.8212412269403 0
"38" 54.974273120796 -17.7179933967157 -1
"39" 237.936879753186 36.9476091291427 0
"40" 233.487171393495 5.81996065767358 0
"41" 230.732180574346 -16.7617703366097 -1
"42" 248.572127333389 66.3223570499008 1
"43" 229.238246502696 -27.4543536639102 -1
"44" 234.72338878188 15.7905975556633 0
"45" 224.873382349614 -49.1137166617105 -1
"46" 318.467477124818 83.1798375762725 0
"47" 227.667087243071 -36.8267473072995 -1
"48" 102.663585108009 3.41662046323359 0
"49" 140.598953100757 -26.7804866201958 1
"50" 83.877138547918 19.0638163796339 1
"51" 119.591934211889 -11.5429481958395 1
"52" 134.430707076332 -22.8690143250927 1
"53" 350.840838945149 39.043708820327 -1
"54" 113.64377024127 -6.41024987004077 -1
"55" 97.9235577317104 7.61346541849227 -1
"56" 12.737259145816 41.9123612295207 -1
"57" 124.538346914956 -15.589597525583 0
"58" 336.955545935992 34.7597406786568 -1
"59" 99.3356292139631 6.37385158533441 -1
"60" 113.584917882998 -6.35837014837182 1
"61" 101.092844054734 4.81766568652981 -1
"62" 86.1671940694866 17.3337589276999 0
"63" 50.8497598189983 36.5901285041702 -1
"64" 10.4685876740018 41.8163551090127 -1
"65" 58.6285880667499 33.6959134026272 -1
"66" 112.614969584054 -5.5009703509274 -1
"67" 35.9383021372393 40.3016100786267 -1
"68" 10.9245933712984 41.8392630497995 1
"69" 48.7666059266481 37.2483435499965 -1
"70" 151.288218490723 2.64398034926011 1
"71" 243.24326282268 -2.3155871867254 -1
"72" 183.633874257917 1.04322703110633 1
"73" 148.65556584816 2.74329961225711 1
"74" 172.42686620388 1.66392029919227 1
"75" 162.394544252598 2.16611546089945 0
"76" 185.922226370405 0.910756995933313 1
"77" 195.32415740437 0.353492486832802 1
"78" 214.642964832482 -0.804652511933887 -1
"79" 160.846516954456 2.23804565996586 1
"80" 94.9263342752905 3.31678064232091 -1
"81" 142.667453505427 2.94730904250713 1
"82" 99.8853772888924 3.38784464100407 -1
"83" 244.556223467533 -2.37373042584088 1
"84" 230.659830326347 -1.70116201567637 1
"85" 205.808623855141 -0.278520368898999 1
"86" 200.397762431905 0.0478238310234691 1
"87" 142.289802211292 2.95911800904257 0
"88" 193.166410732284 0.482783828311649 1
"89" 196.145368026225 0.304143183283832 0
"90" 175.217803465347 1.51442124418407 1
"91" 166.833615396838 40.0068757197711 1
"92" 148.027053940957 -6.98997319207815 1
"93" 156.078848081518 16.3674166633861 1
"94" 174.674829515201 50.6496474296314 0
"95" 150.37630520115 -0.0588287589797966 0
"96" 152.084174844326 4.99341899726271 0
"97" 201.970098988846 66.7150006685281 -1
"98" 145.248410434515 -14.9025572447815 0
"99" 164.467198668727 35.7963121541953 0
"100" 163.534870608839 33.9884511516517 0
"101" 152.430940588488 6.0119243281335 1
"102" 173.393850165953 49.2076759114919 0
"103" 164.532063514465 35.9188801518575 0
"104" 229.874746289555 71.0725202133958 -1
"105" 261.329774175351 70.15178343461 -1
"106" 163.130166575136 33.1765191221411 0
"107" 152.341447255607 5.7494266470989 0
"108" 168.604451135644 42.824801575059 -1
"109" 31.2939690302165 -68.9003733676883 -1
"110" 156.786552451953 18.2696553715221 0
"111" 228.711486099117 10.20240993219 0
"112" 172.414507214816 39.0609809513765 0
"113" 173.887880900481 38.7618118866232 0
"114" 228.554943855487 10.3320346020921 1
"115" 67.8210585180908 6.27755565527757 -1
"116" 197.030493214717 31.0662357629061 0
"117" 55.0647888766523 -4.81303893456385 0
"118" 165.132366633012 40.2376637881988 0
"119" 187.62082269763 34.9110591361484 1
"120" 218.783232792161 17.9923300865678 -1
"121" 143.74702976917 40.9567127648388 1
"122" 56.2049135493437 -3.82575256347243 -1
"123" 230.6115395395 8.61530038142123 -1
"124" 212.841325887457 22.148599281802 0
"125" 146.499934821594 41.08724465672 0
"126" 221.227330465804 16.1650141540895 1
"127" 171.749756453056 39.1891001602099 -1
"128" 199.44624198963 29.9074606401585 1
"129" 123.23406988188 37.8263451734387 0
"130" 143.00731691524 -7.96141927542127 0
"131" 172.318319821907 -1.62980173167452 0
"132" 229.927861556656 10.381215110914 0
"133" 184.099247142589 1.15298557960854 0
"134" 195.49631128596 3.79524305997268 0
"135" 94.9811669632591 -13.2528165430932 0
"136" 160.230595803233 -4.40497735072385 0
"137" 251.515150997088 12.7077133049916 -1
"138" 87.0434000854601 -13.3083783644691 0
"139" 265.613316502955 13.2921942479609 -1
"140" 227.601470966559 10.035129566831 0
"141" 230.602628208552 10.4783494102868 0
"142" 207.82175109154 6.46478769668225 0
"143" 196.669198764381 4.05969689349255 0
"144" 258.633387229776 13.0987728743214 -1
"145" 192.025372922236 3.00285847773723 0
"146" 196.522141266864 4.02663944113302 1
"147" 177.266799523688 -0.462711171345993 0
"148" 173.993317681462 40.6545913318993 0
"149" 146.838357838497 -0.717993970792609 0
"150" 149.95439787982 5.20499573584611 0
"151" 199.632601712389 56.4944020816124 0
"152" 138.954724141733 -15.3148371800309 0
"153" 163.47051700201 28.0820355475242 0
"154" 168.403242766627 34.5635225488398 0
"155" 149.982987245373 5.2589735058906 1
"156" 185.934691126609 50.0121039366799 0
"157" 169.045614498725 35.3288660575212 0
"158" 230.147814545364 62.1365397481772 -1
"159" 240.346888159805 62.2814540410107 -1
"160" 165.920032783964 31.43606405373 0
"161" 149.890343038334 5.08401968884683 0
"162" 172.109296407983 38.7417842548179 -1
"163" 205.548336551008 58.3497323903074 1
"164" 157.057834443124 18.0473132989951 0
"165" 172.502818896933 3.9633886170054 0
"166" 172.459749510149 2.66055682780954 0
"167" 319.141476690579 86.5595051781968 0
"168" 171.995674155298 -11.2753468014944 0
"169" 178.709635092421 73.3815230484981 1
"170" 173.692111860426 34.9630760336362 0
"171" 352.760727137189 -11.6351196133162 -1
"172" 174.570519986936 49.3426164132422 0
"173" 173.671370210556 34.5381824804173 0
"174" 224.273376620506 87.6026530366782 -1
"175" 168.514190691912 -63.9097785120859 1
"176" 173.300892004371 26.1990424577926 0
"177" 172.728957517121 10.7070757908548 0
"178" 173.77317990345 36.5821034024115 -1
"179" 341.771184874105 79.8465345209643 1
"180" 172.507988667118 4.11952298590885 0
"181" 168.121105229778 3.19694213451227 1
"182" 195.683737505939 7.51057601163368 1
"183" 257.289118781111 10.1322059616579 -1
"184" 160.81303930093 1.8769043800482 1
"185" 255.350082169634 10.2265654621043 1
"186" 293.195944661428 6.47586682710914 -1
"187" 269.1368360038 9.31159033141206 1
"188" 227.25151588679 10.2799558383864 1
"189" 230.602989335883 10.4032571319978 1
"190" 208.582682269868 8.97586108512805 1
"191" 193.673033888465 7.24526211892782 1
"192" 284.216239352441 7.70029093347601 1
"193" 190.302624932543 6.7801707072474 1
"194" 196.893815274021 7.66570809131444 0
"195" 172.645373729988 3.98793788002317 1
"196" 195.289355150838 -0.343400300247085 1
"197" 209.541663462856 -2.22196734832744 -1
"198" 161.013265050632 4.03362187064671 1
"199" 281.186504510026 -7.63726519514998 1
"200" 149.84375461073 5.21579051578631 1
"201" 283.498007762635 -7.63931800034901 1
"202" 250.095871435883 -6.44507818667637 1
"203" 230.673896887121 -4.71528856307724 1
"204" 205.390607153442 -1.68421449148623 1
"205" 201.532812948325 -1.1762029263575 1
"206" 150.233039000546 5.1777233674336 0
"207" 193.427132672124 -0.093719531836718 1
"208" 196.069385991767 -0.44788837030181 0
"209" 174.264756054627 2.43259517164407 1
"210" 195.000272167576 -6.10889373893511 0
"211" 224.183058117284 84.096101300171 1
"212" 197.232297842958 33.9377565941355 0
"213" 16.1341110781082 -16.1317000109092 -1
"214" 198.650610028061 49.4331179797756 0
"215" 196.800290247962 27.5651005797957 0
"216" 227.785144351476 84.6868872056577 -1
"217" 193.189661635744 -36.4887865081475 1
"218" 195.568688477993 5.23549649082845 0
"219" 196.052255548179 14.6079790053651 0
"220" 195.115422321719 -3.82066047767554 0
"221" 194.516821238144 -15.4285343987406 0
"222" 194.467730350909 -16.3378168428602 0
"223" 159.380343460937 -13.3497264027072 1
"224" 75.9267979528634 -9.84565723582884 -1
"225" 90.4349127857628 -12.563995343223 1
"226" 86.8106505989149 -11.956894334056 -1
"227" 54.9166598411685 -4.7738371803029 -1
"228" 50.6350268217171 -3.62622471516409 -1
"229" 24.8470362755909 3.50869395343203 -1
"230" 23.9321306198089 3.75661851942739 -1
"231" 85.9146318309481 -11.7991075899131 -1
"232" 196.037389944398 -5.84316061363364 1
"233" 195.508343556501 -5.97898948613753 0
"234" 185.59369480509 -8.40558949405835 1
"235" 164.230613677872 34.0829408785722 0
"236" 341.447363628021 -8.66236708160536 -1
"237" 166.57608537024 48.1692747863249 0
"238" 164.485247252345 35.9240752407132 0
"239" 227.994336033621 84.2716800273287 -1
"240" 324.821981537468 71.2397522513509 -1
"241" 164.036771576319 32.6249783011472 0
"242" 161.393526284947 8.09324309015649 0
"243" 166.035722674049 45.4507828988499 -1
"244" 276.150935824776 84.1430137253546 1
"245" 161.950360641459 13.8829483926127 0
"246" 64.5898340153331 -16.921936703668 -1
"247" 106.671250048407 11.2830909841247 -1
"248" 171.940047894793 34.8564672340227 1
"249" 230.53218561426 24.1934268026613 1
"250" 215.698575924681 29.8124873599473 1
"251" 162.108884834622 33.781848176608 1
"252" 248.585280867761 14.5357268791263 0
"253" 354.90797070379 -35.022136706438 -1
"254" 199.951974750975 33.5201407271659 0
"255" 321.88917533896 -28.907931014421 -1
"256" 265.262542665042 13.6796544910253 -1
"257" 215.647088405658 17.8898146480459 -1
"258" 230.565707358902 17.9259588835264 -1
"259" 211.324071796858 17.6659870725582 -1
"260" 186.493609266321 14.5739746848398 -1
"261" 145.900682684311 3.97877322789586 0
"262" 186.620935286311 14.5973758166886 -1
"263" 17.8139877289809 -16.3576847657592 -1
"264" 166.277009340322 9.98547376993892 -1
"265" 133.455966404047 35.2951857387805 1
"266" 230.420945136623 40.9155319157796 1
"267" 222.64299953908 44.1149773486169 1
"268" 145.107590657496 41.5772742656642 1
"269" 267.167940539883 11.5547864128263 0
"270" 343.703711313623 -47.5947202985859 -1
"271" 202.774064615409 48.9366950867526 0
"272" 131.884878267561 34.2680484250835 1
"273" 230.614945817654 7.89806646176355 1
"274" 212.097664544769 19.9849026309739 1
"275" 157.106259388091 36.5093307224056 1
"276" 218.474574579742 16.1371749471543 0
"277" 355.505586380002 -34.1714349041945 -1
"278" 199.016783259549 26.6164190267928 0
"279" 130.652764698067 34.8332827693296 1
"280" 230.281713194088 54.2513132079759 1
"281" 230.797174959053 -28.5937992327022 0
"282" 230.575521354695 15.9957523276735 0
"283" 231.011681810802 -53.4710301769548 0
"284" 229.211458985508 79.5173796637666 0
"285" 230.860202393824 -38.0105859784123 0
"286" 204.569175155586 -4.43870356015374 0
"287" 210.739337567069 15.8701201000524 0
"288" 200.935980195786 -16.2029931820808 0
"289" 11.1548884597555 40.5539455213256 -1
"290" 199.524441983049 -20.4581362226163 0
"291" 187.627918266284 13.4535826258685 0
"292" 186.758775920666 14.3135212365643 1
"293" 196.539590724763 4.19845513632351 0
"294" 263.774901898961 -43.9459028770178 0
"295" 187.205663954744 13.3878161767118 1
"296" 197.643377383802 14.7915172423736 0
"297" 166.89764543269 9.41264550752697 1
"298" 195.616225531408 -4.92092355021193 0
"299" 205.482909103755 -24.865143658934 0
"300" 194.421746002629 -16.2988626953333 1
