#
#   version : 20090611
#    num_fr : 21
#      time : 20121005 08:46:50.247 UTC
#      unix : 1349426810.247119
#       ntp : LOCK -184 364204 239
#       seq : 106943211
#       mul : 0 [A]
#      site : 01
#    latlon : 45.5749 -94.3965 370.0
#      text : Collegeville
#     label : 
#     plate : metal_20100816_20100506-404-gd3
#      geom : 640 480
#    reject : 0
#
#  fr    time   sum     seq       cx       cy      th      phi    lsp    mag  flag
   30  -0.434  3112 106943198  204.764  131.213  42.863   10.427  -7.04  -0.22  0000
   31  -0.400  2886 106943199  204.150  131.804  42.863   10.121  -7.34  -0.52  0000
   32  -0.367  3552 106943200  205.213  132.858  42.445   10.155  -7.51  -0.69  0000
   33  -0.334  4679 106943201  206.819  134.607  41.783   10.170  -7.83  -1.01  0000
   34  -0.300  5525 106943202  206.839  134.911  41.718   10.101  -8.29  -1.47  0000
   35  -0.267  4610 106943203  208.452  136.310  41.126   10.203  -8.51  -1.69  0000
   36  -0.234  6651 106943204  209.682  136.511  40.848   10.499  -8.76  -1.94  0000
   37  -0.200  6486 106943205  210.536  137.699  40.446   10.445  -8.71  -1.89  0000
   38  -0.167  5515 106943206  211.378  138.441  40.135   10.499  -8.83  -2.01  0000
   39  -0.133  6907 106943207  213.138  140.215  39.442   10.557  -8.83  -2.01  0000
   40  -0.100  7490 106943208  214.093  140.977  39.107   10.641  -9.11  -2.29  0000
   41  -0.067  7000 106943209  215.756  142.152  38.555   10.831  -8.89  -2.07  0000
   42  -0.033  5864 106943210  217.270  143.540  37.989   10.923  -8.84  -2.02  0000
   43   0.000  7535 106943211  218.028  144.494  37.654   10.902  -9.02  -2.20  0000
   44   0.033  6749 106943212  219.975  146.462  36.891   10.974  -8.67  -1.85  0000
   45   0.067  6588 106943213  221.214  146.667  36.617   11.310  -8.98  -2.16  0000
   46   0.100  7218 106943214  223.073  148.713  35.857   11.343  -8.97  -2.15  0000
   47   0.133  6568 106943215  224.618  150.264  35.256   11.413  -8.70  -1.88  0000
   48   0.167  7182 106943216  226.590  152.347  34.470   11.476  -8.76  -1.94  0000
   49   0.200  6980 106943217  227.980  152.672  34.147   11.854  -8.85  -2.03  0000
   50   0.234  6128 106943218  229.958  154.782  33.357   11.922  -8.56  -1.74  0000
