#
#   version : 20090611
#    num_fr : 14
#      time : 20130101 06:02:27.372 UTC
#      unix : 1357020147.372773
#       ntp : LOCK 86 668528 604
#       seq : 48339568
#       mul : 0 [A]
#      site : 01
#    latlon : 45.5749 -94.3965 370.0
#      text : Collegeville
#     label : 
#     plate : metal_20100816_20100506-404-gd3
#      geom : 640 480
#    reject : 0
#
#  fr    time   sum     seq       cx       cy      th      phi    lsp    mag  flag
   29  -0.200  4289 48339562  124.175  283.997  52.482  -46.570  -6.80   0.02  0000
   30  -0.167  2699 48339563  126.003  284.543  51.982  -46.818  -6.66   0.16  0000
   31  -0.133  3472 48339564  127.972  286.616  51.524  -47.520  -6.64   0.18  0000
   33  -0.067  4564 48339566  130.957  288.131  50.753  -48.132  -6.79   0.03  0000
   35   0.000  4775 48339568  134.043  290.160  49.993  -48.921  -7.26  -0.44  0000
   36   0.033  4019 48339569  136.261  291.960  49.477  -49.604  -6.64   0.18  0000
   37   0.067  3699 48339570  137.211  293.839  49.331  -50.232  -6.93  -0.11  0000
   38   0.100  3932 48339571  141.389  294.994  48.235  -50.894  -6.55   0.27  0000
   39   0.133  3754 48339572  141.114  296.132  48.393  -51.218  -7.16  -0.34  0000
   40   0.167  4443 48339573  142.332  297.958  48.185  -51.870  -7.17  -0.35  0000
   41   0.200  4163 48339574  144.446  300.054  47.757  -52.688  -6.95  -0.13  0000
   42   0.234  4759 48339575  147.975  300.803  46.840  -53.240  -6.93  -0.11  0000
   43   0.267  3301 48339576  149.786  303.006  46.524  -54.096  -6.85  -0.03  0000
   45   0.334  2078 48339578  154.005  305.608  45.600  -55.344  -6.19   0.63  0000
