#
#   version : 20090611
#    num_fr : 15
#      time : 20130319 04:09:59.180 UTC
#      unix : 1363666199.180696
#       ntp : LOCK 91 1161343 242
#       seq : 135213243
#       mul : 0 [A]
#      site : 01
#    latlon : 45.5749 -94.3965 370.0
#      text : Collegeville
#     label : 
#     plate : metal_20100816_20100506-404-gd3
#      geom : 640 480
#    reject : 0
#
#  fr    time   sum     seq       cx       cy      th      phi    lsp    mag  flag
   29  -0.200  2851 135213237  287.774  211.185  11.897   21.293  -7.04  -0.22  0000
   30  -0.167  3003 135213238  288.675  211.193  11.767   22.278  -6.90  -0.08  0000
   31  -0.133  2854 135213239  291.228  211.008  11.466   25.310  -7.27  -0.45  0000
   32  -0.100  2890 135213240  294.406  211.014  11.084   29.167  -6.84  -0.02  0000
   33  -0.067  2972 135213241  294.914  210.549  11.139   30.058  -7.43  -0.61  0000
   34  -0.033  3374 135213242  297.678  210.712  10.822   33.548  -7.63  -0.81  0000
   35   0.000  3402 135213243  297.954  209.923  10.989   34.274  -7.47  -0.65  0000
   36   0.033  3256 135213244  300.927  209.826  10.773   38.298  -7.56  -0.74  0000
   37   0.067  3290 135213245  303.589  209.781  10.615   42.011  -7.23  -0.41  0000
   38   0.100  3113 135213246  304.042  209.799  10.587   42.645  -7.36  -0.54  0000
   39   0.133  3211 135213247  307.669  209.223  10.589   47.940  -7.14  -0.32  0000
   40   0.167  2912 135213248  307.851  209.221  10.585   48.201  -7.08  -0.26  0000
   41   0.200  2896 135213249  311.239  208.715  10.664   53.102  -7.20  -0.38  0000
   42   0.234  2643 135213250  312.546  208.086  10.828   54.953  -6.90  -0.08  0000
   43   0.267  2807 135213251  315.509  208.117  10.863   59.121  -6.69   0.13  0000
