#
#   version : 20090611
#    num_fr : 18
#      time : 20100802 03:31:23.807 UTC
#      unix : 1280719883.807588
#       ntp : LOCK 3758 168874 1178
#       seq : 11489902
#       mul : 0 [A]
#      site : 01
#    latlon : 45.5749 -94.3965 370.0
#      text : Collegeville
#     label : 
#     plate : metal 20090611
#      geom : 640 480
#    reject : 0
#
#  fr    time   sum     seq       cx       cy      th      phi    lsp    mag  flag
   29  -0.267  1555 11489894  522.366  162.561  61.297  126.740  -6.47  -6.47  0000
   30  -0.234  2004 11489895  523.660  164.659  61.466  127.329  -6.65  -6.65  0000
   31  -0.200  2049 11489896  524.078  166.588  61.409  127.815  -6.62  -6.62  0000
   32  -0.167  2319 11489897  525.440  168.568  61.620  128.377  -6.97  -6.97  0000
   33  -0.133  2509 11489898  525.955  170.804  61.576  128.940  -7.15  -7.15  0000
   34  -0.100  2606 11489899  527.078  172.881  61.725  129.505  -7.14  -7.14  0000
   35  -0.067  3298 11489900  528.385  176.026  61.850  130.332  -8.02  -8.02  0000
   36  -0.033  4570 11489901  529.396  178.190  61.976  130.905  -8.35  -8.35  0000
   37   0.000  4864 11489902  530.304  180.267  62.086  131.450  -8.45  -8.45  0000
   38   0.033  4288 11489903  531.931  182.283  62.416  132.014  -8.31  -8.31  0000
   39   0.067  4031 11489904  532.465  184.857  62.397  132.653  -8.28  -8.28  0000
   40   0.100  4267 11489905  533.682  187.629  62.574  133.371  -8.25  -8.25  0000
   41   0.133  2892 11489906  534.159  190.419  62.544  134.057  -7.47  -7.47  0000
   44   0.234  1936 11489909  536.647  196.716  62.928  135.656  -6.65  -6.65  0000
   45   0.267  3326 11489910  537.979  200.194  63.152  136.530  -7.77  -7.77  0000
   46   0.300  3643 11489911  539.212  202.523  63.412  137.121  -7.99  -7.99  0000
   47   0.334  3116 11489912  540.345  205.202  63.636  137.787  -7.62  -7.62  0000
   48   0.367  1987 11489913  540.502  207.441  63.596  138.324  -6.57  -6.57  0000
