#
#   version : 20090611
#    num_fr : 13
#      time : 20100802 08:37:24.252 UTC
#      unix : 1280738244.252085
#       ntp : LOCK -2035 120782 1254
#       seq : 12040165
#       mul : 0 [A]
#      site : 01
#    latlon : 45.5749 -94.3965 370.0
#      text : Collegeville
#     label : 
#     plate : metal 20090611
#      geom : 640 480
#    reject : 0
#
#  fr    time   sum     seq       cx       cy      th      phi    lsp    mag  flag
   30  -0.167  4197 12040160  115.856   95.036  65.916    3.355  -5.58  -5.58  0000
   32  -0.100  3148 12040162  116.980   92.525  66.072    3.987  -7.02  -7.02  0000
   33  -0.067  3813 12040163  118.322   90.856  66.037    4.485  -7.36  -7.36  0000
   34  -0.033  4434 12040164  117.877   89.645  66.357    4.657  -7.49  -7.49  0000
   35   0.000  5440 12040165  117.373   87.274  66.898    5.038  -7.84  -7.84  0000
   36   0.033  4248 12040166  118.031   86.227  66.927    5.322  -7.81  -7.81  0000
   37   0.067  2969 12040167  118.331   85.408  67.002    5.516  -7.83  -7.83  0000
   38   0.100  3718 12040168  118.258   84.035  67.267    5.761  -7.60  -7.60  0000
   39   0.133  3645 12040169  119.013   82.676  67.334    6.114  -7.19  -7.19  0000
   40   0.167  4205 12040170  120.651   80.881  67.276    6.668  -6.69  -6.69  0000
   41   0.200  3589 12040171  121.522   79.914  67.250    6.965  -6.56  -6.56  0000
   42   0.234  2422 12040172  121.302   78.091  67.642    7.266  -6.76  -6.76  0000
   43   0.267  3734 12040173  121.680   76.871  67.783    7.539  -6.86  -6.86  0000
