#
#   version : 20090611
#    num_fr : 12
#      time : 20100802 09:39:22.033 UTC
#      unix : 1280741962.033011
#       ntp : LOCK 665 402386 1190
#       seq : 12151587
#       mul : 0 [A]
#      site : 01
#    latlon : 45.5749 -94.3965 370.0
#      text : Collegeville
#     label : 
#     plate : metal 20090611
#      geom : 640 480
#    reject : 0
#
#  fr    time   sum     seq       cx       cy      th      phi    lsp    mag  flag
   30  -0.167  3761 12151582  280.474   27.731  56.194   48.633  -6.90  -6.90  0000
   31  -0.133  4482 12151583  283.999   26.598  56.371   49.631  -7.42  -7.42  0000
   32  -0.100  4511 12151584  286.138   24.687  56.835   50.277  -7.79  -7.79  0000
   33  -0.067  4010 12151585  288.927   23.549  57.067   51.062  -7.91  -7.91  0000
   34  -0.033  5557 12151586  290.677   21.884  57.490   51.579  -8.29  -8.29  0000
   35   0.000  5562 12151587  293.941   20.834  57.706   52.474  -8.44  -8.44  0000
   36   0.033  5484 12151588  295.551   19.700  57.994   52.926  -8.32  -8.32  0000
   37   0.067  4499 12151589  299.264   18.706  58.210   53.926  -8.09  -8.09  0000
   38   0.100  3520 12151590  299.920   17.202  58.632   54.124  -7.77  -7.77  0000
   39   0.133  3004 12151591  303.591   15.966  58.942   55.101  -7.78  -7.78  0000
   40   0.167  4361 12151592  304.366   15.330  59.118   55.310  -7.32  -7.32  0000
   41   0.200  3693 12151593  305.953   13.854  59.532   55.737  -6.89  -6.89  0000
