#
#   version : 20090611
#    num_fr : 13
#      time : 20100802 05:21:52.932 UTC
#      unix : 1280726512.932430
#       ntp : LOCK -4122 399006 1609
#       seq : 11688577
#       mul : 0 [A]
#      site : 01
#    latlon : 45.5749 -94.3965 370.0
#      text : Collegeville
#     label : 
#     plate : metal 20090611
#      geom : 640 480
#    reject : 0
#
#  fr    time   sum     seq       cx       cy      th      phi    lsp    mag  flag
   29  -0.567  1217 11688560  436.509  267.959  34.412  159.845  -5.56  -5.56  0000
   35  -0.367  1595 11688566  452.110  264.890  38.438  157.084  -6.07  -6.07  0000
   38  -0.267  1459 11688569  458.962  263.884  40.257  156.160  -5.88  -5.88  0000
   39  -0.234  1661 11688570  461.872  262.849  41.007  155.573  -6.29  -6.29  0000
   40  -0.200  1850 11688571  463.934  262.129  41.542  155.173  -6.03  -6.03  0000
   41  -0.167  1956 11688572  466.968  262.216  42.382  155.002  -6.55  -6.55  0000
   42  -0.133  1745 11688573  469.995  261.539  43.190  154.575  -6.17  -6.17  0000
   43  -0.100  1793 11688574  470.930  261.312  43.440  154.440  -6.35  -6.35  0000
   44  -0.067  1595 11688575  474.074  261.051  44.303  154.165  -6.35  -6.35  0000
   45  -0.033  1976 11688576  476.015  260.139  44.808  153.751  -6.58  -6.58  0000
   46   0.000  2160 11688577  478.399  260.105  45.472  153.609  -6.85  -6.85  0000
   48   0.067  1702 11688579  482.662  258.981  46.625  153.025  -6.52  -6.52  0000
   49   0.100  1430 11688580  485.004  258.006  47.250  152.603  -6.16  -6.16  0000
