#
#   version : 20090611
#    num_fr : 29
#      time : 20130220 11:10:48.251 UTC
#      unix : 1361358648.251693
#       ntp : LOCK -9 1031937 130
#       seq : 66055549
#       mul : 0 [A]
#      site : 01
#    latlon : 45.5749 -94.3965 370.0
#      text : Collegeville
#     label : 
#     plate : metal_20100816_20100506-404-gd3
#      geom : 640 480
#    reject : 0
#
#  fr    time   sum     seq       cx       cy      th      phi    lsp    mag  flag
   30  -0.667  2975 66055529  480.940   49.698  72.175   94.745  -6.49   0.33  0000
   31  -0.634  2880 66055530  480.960   49.616  72.198   94.737  -6.51   0.31  0000
   32  -0.601  3252 66055531  480.772   47.369  72.677   94.381  -6.94  -0.12  0000
   33  -0.567  3966 66055532  478.783   46.647  72.444   93.938  -7.42  -0.60  0000
   34  -0.534  3410 66055533  480.035   44.960  73.088   93.914  -7.90  -1.08  0000
   35  -0.501  4627 66055534  479.770   44.554  73.130   93.811  -7.84  -1.02  0000
   36  -0.467  3672 66055535  478.719   42.999  73.284   93.413  -7.87  -1.05  0000
   37  -0.434  4266 66055536  478.570   41.748  73.550   93.214  -8.64  -1.82  0000
   38  -0.400  4966 66055537  477.811   41.407  73.480   93.037  -8.28  -1.46  0000
   39  -0.367  4893 66055538  478.152   40.489  73.765   92.969  -8.10  -1.28  0000
   40  -0.334  4512 66055539  477.421   38.893  74.001   92.625  -8.08  -1.26  0000
   41  -0.300  5292 66055540  477.419   37.735  74.277   92.468  -8.49  -1.67  0000
   42  -0.267  5561 66055541  477.273   37.148  74.389   92.364  -8.50  -1.68  0000
   43  -0.234  5046 66055542  477.499   35.803  74.756   92.222  -8.23  -1.41  0000
   44  -0.200  6193 66055543  475.982   34.730  74.720   91.818  -8.63  -1.81  0000
   45  -0.167  5490 66055544  475.841   34.145  74.835   91.717  -8.60  -1.78  0000
   46  -0.133  5732 66055545  476.039   32.827  75.193   91.577  -8.57  -1.75  0000
   47  -0.100  4708 66055546  475.153   31.664  75.306   91.272  -8.44  -1.62  0000
   48  -0.067  4901 66055547  474.665   31.221  75.321   91.131  -8.13  -1.31  0000
   49  -0.033  5443 66055548  474.692   29.401  75.773   90.900  -8.46  -1.64  0000
   50   0.000  7054 66055549  474.605   28.695  75.931   90.794  -8.99  -2.17  0000
   51   0.033  6139 66055550  473.536   27.545  76.013   90.464  -8.78  -1.96  0000
   52   0.067  5695 66055551  473.286   26.872  76.132   90.335  -8.73  -1.91  0000
   53   0.100  5943 66055552  473.999   25.510  76.606   90.286  -8.44  -1.62  0000
   54   0.133  5547 66055553  472.652   24.688  76.558   89.951  -8.09  -1.27  0000
   55   0.167  4278 66055554  471.888   23.654  76.674   89.690  -7.91  -1.09  0000
   56   0.200  3976 66055555  472.425   22.640  77.029   89.658  -7.76  -0.94  0000
   57   0.234  3713 66055556  472.937   21.956  77.297   89.661  -7.44  -0.62  0000
   58   0.267  3678 66055557  472.993   21.529  77.415   89.618  -6.51   0.31  0000
