#
#   version : 20090611
#    num_fr : 25
#      time : 20130220 07:34:16.639 UTC
#      unix : 1361345656.639644
#       ntp : LOCK -146 707211 104
#       seq : 65666195
#       mul : 0 [A]
#      site : 01
#    latlon : 45.5749 -94.3965 370.0
#      text : Collegeville
#     label : 
#     plate : metal_20100816_20100506-404-gd3
#      geom : 640 480
#    reject : 0
#
#  fr    time   sum     seq       cx       cy      th      phi    lsp    mag  flag
   29  -0.601  2082 65666177  281.268  379.081  34.852 -112.206  -5.63   1.19  0000
   31  -0.534  2336 65666179  281.313  379.923  35.070 -112.309  -6.17   0.65  0000
   33  -0.467  2739 65666181  283.989  380.221  34.979 -113.480  -6.52   0.30  0000
   34  -0.434  2533 65666182  284.769  379.262  34.679 -113.732  -6.76   0.06  0000
   35  -0.400  2701 65666183  284.873  379.459  34.725 -113.794  -7.01  -0.19  0000
   36  -0.367  3195 65666184  285.327  379.451  34.696 -113.990  -7.07  -0.25  0000
   37  -0.334  3138 65666185  287.016  379.998  34.745 -114.768  -7.48  -0.66  0000
   38  -0.300  2985 65666186  287.302  380.109  34.759 -114.900  -7.45  -0.63  0000
   39  -0.267  3118 65666187  287.649  380.125  34.745 -115.053  -7.41  -0.59  0000
   40  -0.234  3586 65666188  290.242  380.055  34.595 -116.178  -7.52  -0.70  0000
   41  -0.200  3482 65666189  290.856  380.049  34.564 -116.446  -7.70  -0.88  0000
   42  -0.167  3782 65666190  291.172  380.242  34.601 -116.597  -7.92  -1.10  0000
   43  -0.133  4128 65666191  291.419  380.235  34.588 -116.705  -8.17  -1.35  0000
   44  -0.100  4611 65666192  293.259  380.871  34.678 -117.552  -8.37  -1.55  0000
   45  -0.067  4520 65666193  293.978  380.575  34.570 -117.850  -8.40  -1.58  0000
   46  -0.033  4687 65666194  294.855  380.462  34.506 -118.230  -8.53  -1.71  0000
   47   0.000  4820 65666195  296.363  380.849  34.555 -118.916  -8.45  -1.63  0000
   48   0.033  4154 65666196  296.913  380.900  34.550 -119.160  -8.19  -1.37  0000
   49   0.067  4022 65666197  299.152  380.750  34.440 -120.145  -8.07  -1.25  0000
   50   0.100  3289 65666198  299.741  381.041  34.502 -120.417  -7.58  -0.76  0000
   51   0.133  3328 65666199  300.132  380.775  34.420 -120.581  -7.47  -0.65  0000
   52   0.167  2999 65666200  302.412  380.886  34.395 -121.598  -7.33  -0.51  0000
   53   0.200  3294 65666201  303.032  381.185  34.462 -121.882  -7.62  -0.80  0000
   54   0.234  3553 65666202  303.518  381.160  34.446 -122.098  -7.66  -0.84  0000
   55   0.267  3716 65666203  304.626  380.615  34.279 -122.579  -7.73  -0.91  0000
