#
#   version : 20090611
#    num_fr : 28
#      time : 20130220 07:50:10.397 UTC
#      unix : 1361346610.397358
#       ntp : LOCK 89 150915 142
#       seq : 65694778
#       mul : 0 [A]
#      site : 01
#    latlon : 45.5749 -94.3965 370.0
#      text : Collegeville
#     label : 
#     plate : metal_20100816_20100506-404-gd3
#      geom : 640 480
#    reject : 0
#
#  fr    time   sum     seq       cx       cy      th      phi    lsp    mag  flag
   29  -0.534  3244 65694762  120.766  461.973  80.511  -83.217  -6.60   0.22  0000
   30  -0.501  2250 65694763  120.876  461.940  80.478  -83.229  -6.56   0.26  0000
   31  -0.467  2841 65694764  121.723  462.996  80.537  -83.491  -6.78   0.04  0000
   33  -0.400  2828 65694766  123.583  464.336  80.438  -83.940  -6.86  -0.04  0000
   34  -0.367  3095 65694767  123.449  465.196  80.674  -84.032  -6.91  -0.09  0000
   36  -0.300  3179 65694769  125.900  466.269  80.387  -84.535  -7.12  -0.30  0000
   37  -0.267  3570 65694770  126.315  466.413  80.330  -84.616  -6.96  -0.14  0000
   38  -0.234  2842 65694771  127.860  467.231  80.189  -84.953  -7.03  -0.21  0000
   39  -0.200  3058 65694772  127.710  467.580  80.307  -84.974  -7.36  -0.54  0000
   40  -0.167  2798 65694773  128.188  468.970  80.541  -85.222  -7.01  -0.19  0000
   41  -0.133  3884 65694774  131.288  469.033  79.884  -85.703  -7.19  -0.37  0000
   42  -0.100  4101 65694775  130.889  469.788  80.155  -85.736  -7.35  -0.53  0000
   43  -0.067  4077 65694776  131.019  470.201  80.229  -85.808  -7.26  -0.44  0000
   44  -0.033  4025 65694777  132.901  471.209  80.074  -86.223  -7.36  -0.54  0000
   45   0.000  4354 65694778  133.197  471.166  80.000  -86.263  -7.64  -0.82  0000
   46   0.033  4233 65694779  134.815  472.984  80.109  -86.738  -7.36  -0.54  0000
   47   0.067  3114 65694780  135.016  473.097  80.095  -86.783  -7.37  -0.55  0000
   48   0.100  4051 65694781  135.905  472.741  79.819  -86.878  -7.34  -0.52  0000
   49   0.133  3173 65694782  136.757  474.242  80.016  -87.194  -7.47  -0.65  0000
   50   0.167  3698 65694783  137.353  474.344  79.917  -87.300  -7.52  -0.70  0000
   51   0.200  4093 65694784  138.057  475.018  79.940  -87.492  -7.58  -0.76  0000
   52   0.234  3764 65694785  140.581  475.454  79.531  -87.945  -7.34  -0.52  0000
   53   0.267  3118 65694786  140.849  476.028  79.621  -88.056  -7.58  -0.76  0000
   54   0.300  3648 65694787  141.538  476.220  79.529  -88.189  -7.62  -0.80  0000
   55   0.334  3304 65694788  142.546  476.890  79.495  -88.430  -7.73  -0.91  0000
   56   0.367  3149 65694789  142.734  477.087  79.507  -88.483  -7.53  -0.71  0000
   57   0.400  2726 65694790  144.884  477.387  79.151  -88.866  -7.50  -0.68  0000
   58   0.434  1764 65694791  145.348  477.837  79.174  -88.994  -7.05  -0.23  0000
