#
#   version : 20090611
#    num_fr : 28
#      time : 20100816 06:12:20.340 UTC
#      unix : 1281939140.340465
#       ntp : LOCK 999 527705 1130
#       seq : 5852189
#       mul : 0 [A]
#      site : 01
#    latlon : 45.5749 -94.3965 370.0
#      text : Collegeville
#     label : 
#     plate : metal 20090611
#      geom : 640 480
#    reject : 0
#
#  fr    time   sum     seq       cx       cy      th      phi    lsp    mag  flag
   30  -0.367  1039 5852178  449.242  250.941  37.110  151.841  -5.89  -5.89  0000
   31  -0.334  1126 5852179  450.277  250.478  37.382  151.606  -5.80  -5.80  0000
   32  -0.300  1161 5852180  450.275  249.795  37.365  151.336  -6.22  -6.22  0000
   33  -0.267  1215 5852181  451.381  248.907  37.649  150.936  -6.05  -6.05  0000
   34  -0.234  1229 5852182  452.120  247.151  37.816  150.215  -6.28  -6.28  0000
   35  -0.200  1277 5852183  452.490  247.381  37.923  150.291  -6.24  -6.24  0000
   36  -0.167  1303 5852184  452.800  245.705  37.979  149.624  -6.23  -6.23  0000
   37  -0.133  1463 5852185  454.402  245.582  38.419  149.523  -6.38  -6.38  0000
   38  -0.100  1623 5852186  454.131  243.959  38.321  148.903  -6.61  -6.61  0000
   39  -0.067  1559 5852187  455.353  243.164  38.650  148.562  -6.47  -6.47  0000
   40  -0.033  2067 5852188  456.590  241.822  38.979  148.018  -7.30  -7.30  0000
   41   0.000  2184 5852189  457.148  241.217  39.129  147.775  -7.23  -7.23  0000
   42   0.033  1970 5852190  458.554  239.914  39.511  147.256  -7.28  -7.28  0000
   43   0.067  1819 5852191  459.372  239.089  39.734  146.933  -7.29  -7.29  0000
   44   0.100  1897 5852192  459.953  238.439  39.894  146.681  -7.10  -7.10  0000
   45   0.133  2034 5852193  460.673  237.189  40.092  146.207  -7.43  -7.43  0000
   46   0.167  2068 5852194  461.559  235.947  40.339  145.739  -7.41  -7.41  0000
   47   0.200  1928 5852195  462.362  235.186  40.565  145.454  -7.41  -7.41  0000
   48   0.234  1813 5852196  462.292  234.140  40.550  145.069  -7.14  -7.14  0000
   49   0.267  1830 5852197  463.309  233.120  40.839  144.694  -6.81  -6.81  0000
   50   0.300  1625 5852198  463.633  232.172  40.936  144.349  -6.81  -6.81  0000
   51   0.334  1616 5852199  464.613  230.821  41.223  143.862  -6.63  -6.63  0000
   52   0.367  1648 5852200  465.810  229.842  41.568  143.517  -6.75  -6.75  0000
   53   0.400  1491 5852201  466.415  228.793  41.751  143.147  -6.08  -6.08  0000
   54   0.434  1611 5852202  468.331  228.009  42.297  142.889  -6.62  -6.62  0000
   55   0.467  1610 5852203  468.775  226.819  42.440  142.475  -6.55  -6.55  0000
   56   0.500  1455 5852204  470.025  225.735  42.809  142.115  -6.69  -6.69  0000
   57   0.534  1321 5852205  469.394  224.120  42.666  141.540  -6.08  -6.08  0000
