#
#   version : 20090611
#    num_fr : 15
#      time : 20100816 04:48:05.338 UTC
#      unix : 1281934085.338862
#       ntp : LOCK -2699 542491 656
#       seq : 5700690
#       mul : 0 [A]
#      site : 01
#    latlon : 45.5749 -94.3965 370.0
#      text : Collegeville
#     label : 
#     plate : metal 20090611
#      geom : 640 480
#    reject : 0
#
#  fr    time   sum     seq       cx       cy      th      phi    lsp    mag  flag
   30  -0.234  1477 5700683  549.356  312.098  68.894  162.243  -6.10  -6.10  0000
   31  -0.200  1431 5700684  549.085  313.695  68.953  162.601  -6.20  -6.20  0000
   32  -0.167  1823 5700685  549.953  316.120  69.419  163.040  -6.63  -6.63  0000
   33  -0.133  1936 5700686  550.021  317.979  69.607  163.422  -6.70  -6.70  0000
   34  -0.100  1880 5700687  550.385  320.110  69.910  163.833  -6.71  -6.71  0000
   35  -0.067  2126 5700688  550.561  321.913  70.132  164.189  -6.83  -6.83  0000
   36  -0.033  2084 5700689  551.023  324.041  70.471  164.585  -6.80  -6.80  0000
   37   0.000  2188 5700690  551.276  326.021  70.740  164.965  -7.09  -7.09  0000
   38   0.033  2029 5700691  550.935  327.593  70.799  165.313  -6.85  -6.85  0000
   39   0.067  2084 5700692  551.608  329.846  71.224  165.706  -6.94  -6.94  0000
   40   0.100  1860 5700693  551.751  331.896  71.480  166.103  -6.90  -6.90  0000
   41   0.133  2152 5700694  551.749  334.434  71.750  166.606  -6.94  -6.94  0000
   42   0.167  1900 5700695  551.539  335.765  71.835  166.887  -6.69  -6.69  0000
   43   0.200  1798 5700696  551.914  337.885  72.177  167.268  -6.48  -6.48  0000
   44   0.234  1501 5700697  552.129  339.815  72.456  167.624  -6.18  -6.18  0000
