#
#   version : 20090611
#    num_fr : 24
#      time : 20140310 07:00:27.866 UTC
#      unix : 1394434827.866481
#       ntp : LOCK 318 894610 236
#       seq : 13867326
#       mul : 0 [A]
#      site : 01
#    latlon : 45.5749 -94.3965 370.0
#      text : Collegeville
#     label : 
#     plate : metal_20100816_20100506-404-gd3
#      geom : 640 480
#    reject : 0
#
#  fr    time   sum     seq       cx       cy      th      phi    lsp    mag  flag
   30  -0.734  1901 13867304  366.204  406.062  43.730 -145.276  -3.31   3.51  0000
   34  -0.601  2857 13867308  377.542  410.201  45.954 -148.387  -6.73   0.09  0000
   35  -0.567  3158 13867309  379.762  411.776  46.602 -148.859  -6.96  -0.14  0000
   36  -0.534  3141 13867310  384.533  413.265  47.529 -150.089  -7.30  -0.48  0000
   37  -0.501  3945 13867311  386.367  412.578  47.574 -150.723  -7.50  -0.68  0000
   38  -0.467  3481 13867312  387.912  414.440  48.231 -150.914  -7.61  -0.79  0000
   39  -0.434  4038 13867313  391.473  415.099  48.839 -151.841  -7.95  -1.13  0000
   40  -0.400  3835 13867314  394.371  415.979  49.431 -152.529  -7.86  -1.04  0000
   41  -0.367  4489 13867315  396.288  416.965  49.927 -152.917  -8.08  -1.26  0000
   42  -0.334  4520 13867316  399.371  417.803  50.547 -153.634  -8.09  -1.27  0000
   43  -0.300  4596 13867317  401.537  418.865  51.105 -154.058  -8.13  -1.31  0000
   44  -0.267  4366 13867318  404.569  419.161  51.600 -154.813  -8.19  -1.37  0000
   45  -0.234  4617 13867319  407.520  419.669  52.146 -155.501  -7.99  -1.17  0000
   46  -0.200  4749 13867320  407.782  420.450  52.375 -155.451  -8.14  -1.32  0000
   47  -0.167  4777 13867321  411.216  421.241  53.070 -156.202  -8.27  -1.45  0000
   48  -0.133  5106 13867322  413.972  422.078  53.685 -156.759  -8.35  -1.53  0000
   49  -0.100  4363 13867323  415.082  422.539  53.964 -156.962  -8.20  -1.38  0000
   50  -0.067  4911 13867324  417.723  422.710  54.410 -157.576  -8.21  -1.39  0000
   51  -0.033  5179 13867325  419.884  424.187  55.102 -157.867  -8.34  -1.52  0000
   52   0.000  5263 13867326  422.575  424.319  55.558 -158.479  -8.22  -1.40  0000
   53   0.033  4541 13867327  425.003  425.094  56.133 -158.923  -8.13  -1.31  0000
   54   0.067  4545 13867328  427.594  425.125  56.562 -159.509  -8.09  -1.27  0000
   55   0.100  3740 13867329  427.932  426.160  56.864 -159.425  -7.15  -0.33  0000
   56   0.133  3100 13867330  430.999  426.154  57.371 -160.113  -5.93   0.89  0000
