#
#   version : 20090611
#    num_fr : 19
#      time : 20120908 04:02:34.885 UTC
#      unix : 1347076954.885180
#       ntp : LOCK -879 165520 536
#       seq : 36518722
#       mul : 0 [A]
#      site : 01
#    latlon : 45.5749 -94.3965 370.0
#      text : Collegeville
#     label : 
#     plate : metal_20100816_20100506-404-gd3
#      geom : 640 480
#    reject : 0
#
#  fr    time   sum     seq       cx       cy      th      phi    lsp    mag  flag
   30  -0.567  1780 36518705  178.224  388.767  52.236  -81.407  -6.09   0.73  0000
   31  -0.534  2051 36518706  177.019  390.126  52.759  -81.427  -6.57   0.25  0000
   32  -0.500  2283 36518707  175.617  391.058  53.238  -81.322  -6.74   0.08  0000
   33  -0.467  2405 36518708  174.327  392.369  53.772  -81.316  -6.83  -0.01  0000
   34  -0.434  2346 36518709  174.606  394.447  54.137  -81.782  -6.79   0.03  0000
   35  -0.400  2344 36518710  172.343  394.802  54.679  -81.389  -7.13  -0.31  0000
   36  -0.367  2459 36518711  171.290  396.484  55.241  -81.502  -7.37  -0.55  0000
   37  -0.334  2621 36518712  171.032  397.656  55.535  -81.675  -7.35  -0.53  0000
   38  -0.300  2840 36518713  169.823  398.872  56.036  -81.664  -7.64  -0.82  0000
   39  -0.267  2970 36518714  168.789  399.978  56.479  -81.668  -7.77  -0.95  0000
   40  -0.234  3340 36518715  167.777  401.086  56.919  -81.676  -7.70  -0.88  0000
   41  -0.200  3003 36518716  165.972  402.593  57.608  -81.604  -7.76  -0.94  0000
   42  -0.167  3372 36518717  165.106  403.551  57.988  -81.613  -7.76  -0.94  0000
   43  -0.133  2951 36518718  164.113  404.251  58.342  -81.551  -7.84  -1.02  0000
   44  -0.100  3114 36518719  162.677  405.785  58.963  -81.556  -7.82  -1.00  0000
   45  -0.067  2996 36518720  161.971  407.072  59.379  -81.654  -7.89  -1.07  0000
   46  -0.033  3018 36518721  161.111  408.342  59.825  -81.719  -7.74  -0.92  0000
   47   0.000  4551 36518722  159.632  409.550  60.391  -81.658  -8.66  -1.84  0000
   48   0.033  3626 36518723  159.449  410.475  60.623  -81.786  -8.18  -1.36  0000
