#
#   version : 20090611
#    num_fr : 17
#      time : 20120908 06:27:41.283 UTC
#      unix : 1347085661.283415
#       ntp : LOCK -1237 425641 374
#       seq : 36779650
#       mul : 0 [A]
#      site : 01
#    latlon : 45.5749 -94.3965 370.0
#      text : Collegeville
#     label : 
#     plate : metal_20100816_20100506-404-gd3
#      geom : 640 480
#    reject : 0
#
#  fr    time   sum     seq       cx       cy      th      phi    lsp    mag  flag
   30  -0.367  2635 36779639  460.074  429.147  63.329 -165.568  -6.37   0.45  0000
   32  -0.300  2585 36779641  461.051  432.495  64.273 -165.214  -6.99  -0.17  0000
   33  -0.267  2848 36779642  461.087  433.941  64.608 -164.992  -6.76   0.06  0000
   34  -0.234  2980 36779643  460.255  435.069  64.705 -164.661  -7.00  -0.18  0000
   35  -0.200  2903 36779644  460.976  436.948  65.273 -164.503  -6.84  -0.02  0000
   36  -0.167  3097 36779645  461.239  439.158  65.833 -164.212  -7.26  -0.44  0000
   37  -0.133  3457 36779646  461.203  440.324  66.096 -164.029  -7.37  -0.55  0000
   38  -0.100  3478 36779647  461.069  442.231  66.514 -163.718  -7.42  -0.60  0000
   39  -0.067  3476 36779648  461.410  443.053  66.771 -163.657  -7.54  -0.72  0000
   40  -0.033  3325 36779649  461.367  444.482  67.098 -163.438  -7.43  -0.61  0000
   41   0.000  3648 36779650  461.331  446.276  67.513 -163.168  -7.35  -0.53  0000
   42   0.033  3091 36779651  461.979  447.977  68.038 -163.038  -7.21  -0.39  0000
   43   0.067  3349 36779652  462.075  448.489  68.177 -162.982  -7.30  -0.48  0000
   44   0.100  3035 36779653  461.449  450.404  68.516 -162.594  -6.88  -0.06  0000
   45   0.133  3184 36779654  461.323  452.364  68.963 -162.294  -6.83  -0.01  0000
   46   0.167  2616 36779655  461.441  452.471  69.010 -162.300  -6.27   0.55  0000
   47   0.200  2701 36779656  462.231  454.381  69.618 -162.175  -6.50   0.32  0000
