#
#   version : 20090611
#    num_fr : 18
#      time : 20121225 08:28:52.768 UTC
#      unix : 1356424132.768622
#       ntp : LOCK -435 309101 1565
#       seq : 30477217
#       mul : 0 [A]
#      site : 01
#    latlon : 45.5749 -94.3965 370.0
#      text : Collegeville
#     label : 
#     plate : metal_20100816_20100506-404-gd3
#      geom : 640 480
#    reject : 0
#
#  fr    time   sum     seq       cx       cy      th      phi    lsp    mag  flag
   30  -0.534  3133 30477201  313.948   83.988  43.854   54.205  -5.94   0.88  0000
   31  -0.501  3368 30477202  314.105   84.061  43.834   54.261  -6.79   0.03  0000
   32  -0.467  3028 30477203  315.332   84.546  43.705   54.706  -6.85  -0.03  0000
   33  -0.434  4096 30477204  317.294   84.140  43.830   55.403  -7.18  -0.36  0000
   34  -0.400  3641 30477205  317.198   84.057  43.852   55.368  -7.49  -0.67  0000
   35  -0.367  3775 30477206  318.607   84.854  43.647   55.886  -7.46  -0.64  0000
   36  -0.334  3967 30477207  321.045   84.865  43.675   56.760  -7.65  -0.83  0000
   37  -0.300  3812 30477208  321.319   84.845  43.685   56.858  -7.91  -1.09  0000
   38  -0.267  3530 30477209  323.711   85.594  43.522   57.736  -7.76  -0.94  0000
   39  -0.234  3855 30477210  324.167   85.744  43.490   57.904  -8.01  -1.19  0000
   40  -0.200  5502 30477211  324.529   85.934  43.446   58.040  -8.14  -1.32  0000
   41  -0.167  5086 30477212  326.984   85.884  43.517   58.921  -8.17  -1.35  0000
   42  -0.133  5606 30477213  327.891   86.068  43.491   59.253  -8.24  -1.42  0000
   43  -0.100  4212 30477214  329.525   86.747  43.352   59.866  -8.39  -1.57  0000
   44  -0.067  4280 30477215  332.411   86.827  43.425   60.905  -8.28  -1.46  0000
   45  -0.033  5470 30477216  332.563   87.611  43.216   60.998  -8.28  -1.46  0000
   46   0.000  6249 30477217  335.434   87.727  43.294   62.034  -8.47  -1.65  0000
   47   0.033  3617 30477218  335.883   88.133  43.203   62.217  -6.42   0.40  0000
