#
#   version : 20090611
#    num_fr : 12
#      time : 20121225 10:35:33.500 UTC
#      unix : 1356431733.500182
#       ntp : LOCK 36 503623 1131
#       seq : 30705007
#       mul : 0 [A]
#      site : 01
#    latlon : 45.5749 -94.3965 370.0
#      text : Collegeville
#     label : 
#     plate : metal_20100816_20100506-404-gd3
#      geom : 640 480
#    reject : 0
#
#  fr    time   sum     seq       cx       cy      th      phi    lsp    mag  flag
   29  -0.300  1984 30704998  204.265  392.358  47.975  -88.194  -5.23   1.59  0000
   32  -0.200  2570 30705001  212.105  394.367  47.072  -90.627  -6.18   0.64  0000
   33  -0.167  2354 30705002  214.828  395.295  46.833  -91.534  -6.47   0.35  0000
   34  -0.133  2776 30705003  217.222  396.063  46.623  -92.330  -6.75   0.07  0000
   35  -0.100  2776 30705004  221.037  396.830  46.201  -93.533  -6.75   0.07  0000
   36  -0.067  3276 30705005  221.434  397.832  46.376  -93.818  -7.24  -0.42  0000
   37  -0.033  3659 30705006  224.479  398.145  45.988  -94.741  -7.62  -0.80  0000
   38   0.000  3763 30705007  227.284  398.302  45.611  -95.583  -7.70  -0.88  0000
   39   0.033  3197 30705008  229.327  399.594  45.628  -96.395  -7.35  -0.53  0000
   40   0.067  2844 30705009  232.502  399.926  45.264  -97.394  -7.13  -0.31  0000
   41   0.100  3625 30705010  235.445  401.256  45.192  -98.490  -7.45  -0.63  0000
   42   0.133  2560 30705011  237.403  402.071  45.136  -99.210  -6.50   0.32  0000
