#
#   version : 20090611
#    num_fr : 14
#      time : 20110814 09:45:53.401 UTC
#      unix : 1313315153.401243
#       ntp : LOCK 151 412051 278
#       seq : 6591866
#       mul : 0 [A]
#      site : 01
#    latlon : 45.5749 -94.3965 370.0
#      text : Collegeville
#     label : 
#     plate : metal_20100816_20100506-404-gd3
#      geom : 640 480
#    reject : 0
#
#  fr    time   sum     seq       cx       cy      th      phi    lsp    mag  flag
   30  -0.234  4253 6591859   62.748  189.846  72.333  -23.870  -6.08   0.74  0000
   31  -0.200  2661 6591860   59.899  190.395  73.180  -24.141  -6.57   0.25  0000
   32  -0.167  4380 6591861   59.148  191.086  73.366  -24.323  -7.12  -0.30  0000
   33  -0.133  4277 6591862   58.129  191.948  73.627  -24.555  -7.08  -0.26  0000
   34  -0.100  3113 6591863   57.574  191.951  73.800  -24.585  -7.44  -0.62  0000
   35  -0.067  4609 6591864   55.915  192.963  74.253  -24.878  -7.66  -0.84  0000
   36  -0.033  3625 6591865   55.386  193.060  74.413  -24.924  -7.62  -0.80  0000
   37   0.000  6261 6591866   52.473  193.297  75.315  -25.119  -8.24  -1.42  0000
   38   0.033  4626 6591867   51.319  194.126  75.627  -25.342  -8.40  -1.58  0000
   39   0.067  5955 6591868   50.324  194.984  75.889  -25.563  -8.57  -1.75  0000
   40   0.100  5443 6591869   49.787  195.445  76.031  -25.681  -8.50  -1.68  0000
   41   0.133  4270 6591870   49.093  196.132  76.209  -25.851  -8.19  -1.37  0000
   42   0.167  5014 6591871   46.370  196.752  77.041  -26.100  -8.05  -1.23  0000
   43   0.200  3027 6591872   46.766  196.169  76.949  -25.966  -7.35  -0.53  0000
