#
#   version : 20090611
#    num_fr : 24
#      time : 20120901 08:31:17.188 UTC
#      unix : 1346488277.188794
#       ntp : LOCK -405 146198 518
#       seq : 18876313
#       mul : 0 [A]
#      site : 01
#    latlon : 45.5749 -94.3965 370.0
#      text : Collegeville
#     label : 
#     plate : metal_20100816_20100506-404-gd3
#      geom : 640 480
#    reject : 0
#
#  fr    time   sum     seq       cx       cy      th      phi    lsp    mag  flag
   29  -0.467  3338 18876299  467.291  324.347  46.512  169.437  -6.76   0.06  0000
   32  -0.367  3976 18876302  470.060  327.142  47.553  169.879  -6.99  -0.17  0000
   33  -0.334  2798 18876303  468.481  329.128  47.389  170.674  -7.74  -0.92  0000
   35  -0.267  3329 18876305  468.650  330.974  47.660  171.182  -7.33  -0.51  0000
   36  -0.234  4689 18876306  469.901  332.902  48.221  171.552  -7.60  -0.78  0000
   37  -0.200  4793 18876307  469.781  333.306  48.241  171.683  -7.49  -0.67  0000
   38  -0.167  4921 18876308  469.216  334.233  48.217  172.026  -8.17  -1.35  0000
   39  -0.133  3904 18876309  470.543  336.051  48.787  172.342  -8.12  -1.30  0000
   40  -0.100  3185 18876310  470.738  336.678  48.918  172.487  -7.86  -1.04  0000
   41  -0.067  3918 18876311  470.224  338.273  48.999  173.003  -8.09  -1.27  0000
   42  -0.033  2936 18876312  470.462  339.117  49.172  173.199  -7.97  -1.15  0000
   43   0.000  5111 18876313  470.830  340.935  49.510  173.639  -7.70  -0.88  0000
   44   0.033  4366 18876314  470.304  342.102  49.538  174.033  -7.94  -1.12  0000
   45   0.067  4396 18876315  471.090  343.302  49.899  174.236  -7.91  -1.09  0000
   46   0.100  3092 18876316  470.501  344.606  49.935  174.673  -8.15  -1.33  0000
   47   0.133  3446 18876317  470.814  346.768  50.319  175.196  -7.61  -0.79  0000
   48   0.167  3539 18876318  471.146  347.028  50.438  175.214  -8.05  -1.23  0000
   49   0.200  3842 18876319  471.065  348.989  50.701  175.737  -7.68  -0.86  0000
   50   0.234  3853 18876320  471.224  349.995  50.886  175.973  -7.96  -1.14  0000
   51   0.267  2740 18876321  471.412  350.478  51.003  176.068  -7.47  -0.65  0000
   52   0.300  3769 18876322  471.147  353.192  51.341  176.803  -7.62  -0.80  0000
   53   0.334  3865 18876323  470.390  353.908  51.265  177.105  -7.58  -0.76  0000
   54   0.367  4897 18876324  470.606  354.651  51.430  177.258  -8.48  -1.66  0000
   55   0.400  2925 18876325  471.008  356.145  51.755  177.568  -7.86  -1.04  0000
