#
#   version : 20090611
#    num_fr : 13
#      time : 20110113 07:17:56.411 UTC
#      unix : 1294903076.411782
#       ntp : LOCK -2229 153796 102
#       seq : 1128407
#       mul : 0 [A]
#      site : 01
#    latlon : 45.5749 -94.3965 370.0
#      text : Collegeville
#     label : 
#     plate : metal_20100816_20100506-404-gd3
#      geom : 640 480
#    reject : 0
#
#  fr    time   sum     seq       cx       cy      th      phi    lsp    mag  flag
   29  -0.300  2788 1128398  272.220  156.975  26.493   29.914  -5.89  -5.89  0000
   30  -0.267  2938 1128399  271.941  156.660  26.601   29.835  -6.37  -6.37  0000
   31  -0.234  2928 1128400  272.163  156.745  26.556   29.935  -6.58  -6.58  0000
   32  -0.200  3538 1128401  272.676  156.770  26.493   30.203  -6.76  -6.76  0000
   33  -0.167  3316 1128402  274.926  156.238  26.385   31.533  -6.98  -6.98  0000
   34  -0.133  2945 1128403  275.735  156.538  26.228   31.912  -7.32  -7.32  0000
   35  -0.100  3591 1128404  275.160  156.233  26.362   31.661  -7.38  -7.38  0000
   36  -0.067  3761 1128405  275.983  156.629  26.181   32.029  -7.46  -7.46  0000
   37  -0.033  4334 1128406  276.319  156.804  26.104   32.178  -7.73  -7.73  0000
   38   0.000  5309 1128407  277.844  156.155  26.115   33.153  -8.29  -8.29  0000
   39   0.033  5016 1128408  278.288  156.140  26.076   33.402  -8.32  -8.32  0000
   40   0.067  4131 1128409  278.397  156.217  26.047   33.448  -7.80  -7.80  0000
   41   0.100  3383 1128410  278.482  156.215  26.039   33.496  -6.90  -6.90  0000
