#
#   version : 20090611
#    num_fr : 12
#      time : 20110102 09:09:13.801 UTC
#      unix : 1293959353.801292
#       ntp : LOCK -809 383552 267
#       seq : 84402422
#       mul : 0 [A]
#      site : 01
#    latlon : 45.5749 -94.3965 370.0
#      text : Collegeville
#     label : 
#     plate : metal_20100816_20100506-404-gd3
#      geom : 640 480
#    reject : 0
#
#  fr    time   sum     seq       cx       cy      th      phi    lsp    mag  flag
   30  -0.234  3148 84402415  132.261  295.006  50.808  -50.221  -7.01  -7.01  0000
   31  -0.200  3508 84402416  131.517  295.920  51.081  -50.432  -7.52  -7.52  0000
   32  -0.167  3878 84402417  131.118  296.595  51.240  -50.598  -7.98  -7.98  0000
   33  -0.133  4266 84402418  130.918  297.144  51.335  -50.741  -8.17  -8.17  0000
   34  -0.100  4795 84402419  129.495  298.444  51.830  -51.008  -8.38  -8.38  0000
   35  -0.067  4817 84402420  129.186  299.003  51.957  -51.144  -8.43  -8.43  0000
   36  -0.033  6488 84402421  128.184  299.820  52.300  -51.300  -8.96  -8.96  0000
   37   0.000  6692 84402422  127.037  300.741  52.692  -51.473  -8.96  -8.96  0000
   38   0.033  6647 84402423  126.241  301.268  52.957  -51.560  -9.00  -9.00  0000
   39   0.067  5680 84402424  124.996  302.416  53.396  -51.784  -8.71  -8.71  0000
   40   0.100  6012 84402425  124.400  303.218  53.626  -51.959  -8.78  -8.78  0000
   41   0.133  5646 84402426  123.498  303.942  53.938  -52.088  -8.56  -8.56  0000
