#
#   version : 20090611
#    num_fr : 13
#      time : 20121119 09:01:03.151 UTC
#      unix : 1353315663.151447
#       ntp : LOCK 657 192648 874
#       seq : 24441172
#       mul : 0 [A]
#      site : 01
#    latlon : 45.5749 -94.3965 370.0
#      text : Collegeville
#     label : 
#     plate : metal_20100816_20100506-404-gd3
#      geom : 640 480
#    reject : 0
#
#  fr    time   sum     seq       cx       cy      th      phi    lsp    mag  flag
   29  -0.100  2974 24441169  227.101  150.156  34.818   12.273  -7.15  -0.33  0000
   30  -0.067  3327 24441170  227.944  150.962  34.500   12.332  -7.59  -0.77  0000
   31  -0.033  3280 24441171  226.841  152.014  34.491   11.656  -7.61  -0.79  0000
   32   0.000  3745 24441172  227.179  152.925  34.245   11.508  -7.88  -1.06  0000
   33   0.033  3444 24441173  226.512  153.953  34.164   10.981  -7.71  -0.89  0000
   34   0.067  3127 24441174  226.339  154.369  34.114   10.800  -7.28  -0.46  0000
   35   0.100  3315 24441175  226.652  155.781  33.775   10.485  -7.47  -0.65  0000
   36   0.133  3272 24441176  226.734  156.521  33.614   10.289  -7.28  -0.46  0000
   37   0.167  2950 24441177  226.639  158.533  33.239    9.640  -7.29  -0.47  0000
   38   0.200  2988 24441178  226.179  159.682  33.106    9.125  -7.39  -0.57  0000
   39   0.234  2770 24441179  225.863  160.222  33.063    8.849  -7.03  -0.21  0000
   40   0.267  3132 24441180  225.534  162.539  32.687    7.995  -7.51  -0.69  0000
   41   0.300  2158 24441181  227.314  162.213  32.399    8.704  -6.28   0.54  0000
