#
#   version : 20090611
#    num_fr : 16
#      time : 20130208 07:53:53.269 UTC
#      unix : 1360310033.269532
#       ntp : LOCK -1174 761198 473
#       seq : 34628861
#       mul : 0 [A]
#      site : 01
#    latlon : 45.5749 -94.3965 370.0
#      text : Collegeville
#     label : 
#     plate : metal_20100816_20100506-404-gd3
#      geom : 640 480
#    reject : 0
#
#  fr    time   sum     seq       cx       cy      th      phi    lsp    mag  flag
   29  -0.400  1777 34628849  394.235  199.483  25.629  113.204  -6.21   0.61  0000
   30  -0.367  1698 34628850  394.876  197.711  26.020  112.523  -6.49   0.33  0000
   31  -0.334  2214 34628851  395.909  195.406  26.580  111.728  -6.72   0.10  0000
   32  -0.300  2134 34628852  396.682  194.773  26.847  111.667  -6.85  -0.03  0000
   33  -0.267  2192 34628853  397.978  193.067  27.387  111.268  -6.87  -0.05  0000
   34  -0.234  2089 34628854  398.201  191.057  27.730  110.422  -6.90  -0.08  0000
   35  -0.200  2099 34628855  399.180  190.058  28.098  110.275  -6.83  -0.01  0000
   36  -0.167  2262 34628856  400.751  187.949  28.766  109.828  -6.84  -0.02  0000
   37  -0.133  2243 34628857  401.188  186.724  29.048  109.435  -6.96  -0.14  0000
   38  -0.100  2036 34628858  401.705  185.291  29.381  108.986  -6.79   0.03  0000
   39  -0.067  2140 34628859  402.214  183.578  29.758  108.430  -6.71   0.11  0000
   40  -0.033  2077 34628860  404.396  181.781  30.521  108.352  -7.06  -0.24  0000
   41   0.000  2313 34628861  404.264  179.604  30.834  107.451  -6.77   0.05  0000
   42   0.033  1932 34628862  406.032  177.744  31.518  107.254  -6.27   0.55  0000
   43   0.067  1679 34628863  406.630  176.783  31.804  107.063  -5.87   0.95  0000
   44   0.100  1852 34628864  407.259  175.519  32.145  106.772  -5.86   0.96  0000
