#
#   version : 20090611
#    num_fr : 15
#      time : 20110706 06:46:35.744 UTC
#      unix : 1309934795.744608
#       ntp : LOCK 7318 109842 1662
#       seq : 9783122
#       mul : 0 [A]
#      site : 01
#    latlon : 45.5749 -94.3965 370.0
#      text : Collegeville
#     label : 
#     plate : metal_20100816_20100506-404-gd3
#      geom : 640 480
#    reject : 0
#
#  fr    time   sum     seq       cx       cy      th      phi    lsp    mag  flag
   29  -0.167  1384 9783117  335.408  346.409  25.854 -139.978  -5.99   0.83  0000
   30  -0.133  2064 9783118  334.681  350.413  26.840 -139.021  -6.96  -0.14  0000
   31  -0.100  2175 9783119  336.166  354.218  27.916 -139.334  -7.27  -0.45  0000
   32  -0.067  2696 9783120  336.807  358.185  28.984 -139.171  -7.51  -0.69  0000
   33  -0.033  2918 9783121  338.147  362.524  30.194 -139.320  -7.90  -1.08  0000
   34   0.000  3222 9783122  339.056  366.366  31.250 -139.309  -7.97  -1.15  0000
   35   0.033  3177 9783123  339.879  370.495  32.378 -139.226  -7.99  -1.17  0000
   36   0.067  2924 9783124  341.196  374.725  33.567 -139.356  -7.85  -1.03  0000
   37   0.100  2862 9783125  342.072  378.854  34.704 -139.297  -7.82  -1.00  0000
   38   0.133  2802 9783126  343.007  382.707  35.775 -139.294  -7.76  -0.94  0000
   39   0.167  2912 9783127  344.433  386.863  36.960 -139.459  -7.52  -0.70  0000
   40   0.200  2513 9783128  344.843  391.902  38.317 -139.130  -7.73  -0.91  0000
   41   0.234  3070 9783129  346.000  395.512  39.347 -139.236  -7.94  -1.12  0000
   42   0.267  2216 9783130  346.015  399.224  40.333 -138.903  -7.39  -0.57  0000
   43   0.300  1551 9783131  348.017  402.489  41.331 -139.344  -6.78   0.04  0000
