#
#   version : 20090611
#    num_fr : 14
#      time : 20110706 06:07:59.993 UTC
#      unix : 1309932479.993350
#       ntp : LOCK 9261 660179 1886
#       seq : 9713719
#       mul : 0 [A]
#      site : 01
#    latlon : 45.5749 -94.3965 370.0
#      text : Collegeville
#     label : 
#     plate : metal_20100816_20100506-404-gd3
#      geom : 640 480
#    reject : 0
#
#  fr    time   sum     seq       cx       cy      th      phi    lsp    mag  flag
   30  -0.367  1671 9713708  284.570  368.743  31.929 -112.634  -7.06  -0.24  0000
   31  -0.334  2210 9713709  286.252  369.732  32.083 -113.520  -7.42  -0.60  0000
   33  -0.267   972 9713711  286.210  371.493  32.548 -113.669  -5.91   0.91  0000
   34  -0.234  2518 9713712  285.331  372.099  32.760 -113.323  -7.90  -1.08  0000
   35  -0.200  1641 9713713  285.441  372.781  32.932 -113.438  -6.61   0.21  0000
   37  -0.133  1998 9713715  284.386  374.644  33.486 -113.140  -7.54  -0.72  0000
   38  -0.100  2824 9713716  283.869  375.603  33.771 -113.002  -7.97  -1.15  0000
   39  -0.067  1042 9713717  283.212  376.133  33.952 -112.763  -6.04   0.78  0000
   40  -0.033  1122 9713718  282.728  376.800  34.158 -112.615  -6.43   0.39  0000
   41   0.000  3205 9713719  282.216  377.844  34.465 -112.494  -8.24  -1.42  0000
   42   0.033  2096 9713720  282.276  378.448  34.620 -112.579  -7.51  -0.69  0000
   44   0.100  1474 9713722  281.262  380.668  35.270 -112.359  -6.94  -0.12  0000
   45   0.133  2247 9713723  281.584  380.961  35.326 -112.523  -7.59  -0.77  0000
   46   0.167   829 9713724  280.292  382.158  35.726 -112.095  -5.29   1.53  0000
