#
#   version : 20090611
#    num_fr : 18
#      time : 20140422 07:55:13.431 UTC
#      unix : 1398153313.431865
#       ntp : LOCK 1153 850827 1301
#       seq : 74476904
#       mul : 0 [A]
#      site : 01
#    latlon : 45.5749 -94.3965 370.0
#      text : Collegeville
#     label : 
#     plate : metal_20100816_20100506-404-gd3
#      geom : 640 480
#    reject : 0
#
#  fr    time   sum     seq       cx       cy      th      phi    lsp    mag  flag
   29  -0.400  1593 74476892  351.161  402.137  41.453 -140.510  -6.32   0.50  0000
   30  -0.367  1994 74476893  354.189  404.049  42.181 -141.396  -6.81   0.01  0000
   31  -0.334  2923 74476894  355.709  405.428  42.662 -141.786  -7.59  -0.77  0000
   32  -0.300  3569 74476895  357.010  406.852  43.139 -142.088  -8.20  -1.38  0000
   33  -0.267  3385 74476896  357.915  408.575  43.666 -142.219  -8.14  -1.32  0000
   34  -0.234  3923 74476897  360.497  410.310  44.335 -142.904  -8.33  -1.51  0000
   35  -0.200  4337 74476898  362.073  411.996  44.912 -143.246  -8.66  -1.84  0000
   36  -0.167  5099 74476899  363.594  413.239  45.371 -143.608  -8.84  -2.02  0000
   37  -0.133  5354 74476900  365.346  414.957  45.977 -143.986  -8.91  -2.09  0000
   38  -0.100  6014 74476901  367.378  416.874  46.665 -144.420  -8.92  -2.10  0000
   39  -0.067  5903 74476902  368.731  417.734  47.015 -144.747  -9.15  -2.33  0000
   40  -0.033  6093 74476903  370.695  419.387  47.634 -145.170  -9.09  -2.27  0000
   41   0.000  7028 74476904  372.138  421.156  48.237 -145.412  -9.51  -2.69  0000
   42   0.033  6367 74476905  374.434  423.234  49.007 -145.866  -9.16  -2.34  0000
   43   0.067  4907 74476906  376.271  424.423  49.503 -146.273  -8.67  -1.85  0000
   44   0.100  3482 74476907  377.652  425.876  50.024 -146.510  -8.13  -1.31  0000
   45   0.133  3340 74476908  380.829  427.212  50.705 -147.266  -7.88  -1.06  0000
   46   0.167  3461 74476909  381.240  428.706  51.139 -147.211  -8.11  -1.29  0000
