#
#   version : 20090611
#    num_fr : 13
#      time : 20140422 06:54:51.273 UTC
#      unix : 1398149691.273038
#       ntp : LOCK -418 563305 1356
#       seq : 74368351
#       mul : 0 [A]
#      site : 01
#    latlon : 45.5749 -94.3965 370.0
#      text : Collegeville
#     label : 
#     plate : metal_20100816_20100506-404-gd3
#      geom : 640 480
#    reject : 0
#
#  fr    time   sum     seq       cx       cy      th      phi    lsp    mag  flag
   29  -0.267  1431 74368343  444.424  257.212  35.681  147.276  -5.98   0.84  0000
   30  -0.234  1752 74368344  444.820  257.947  35.801  147.576  -6.05   0.77  0000
   31  -0.200  2225 74368345  448.213  258.893  36.753  147.891  -7.22  -0.40  0000
   32  -0.167  2204 74368346  450.356  260.408  37.372  148.451  -7.24  -0.42  0000
   33  -0.133  2563 74368347  452.843  261.208  38.077  148.701  -7.54  -0.72  0000
   34  -0.100  2893 74368348  454.847  262.379  38.657  149.102  -7.81  -0.99  0000
   35  -0.067  2924 74368349  457.548  263.430  39.430  149.423  -7.80  -0.98  0000
   36  -0.033  3224 74368350  458.703  264.175  39.769  149.668  -7.96  -1.14  0000
   37   0.000  3382 74368351  461.233  265.776  40.514  150.181  -8.17  -1.35  0000
   38   0.033  3336 74368352  463.810  266.765  41.258  150.451  -8.05  -1.23  0000
   39   0.067  3333 74368353  465.873  267.759  41.861  150.734  -7.91  -1.09  0000
   40   0.100  2561 74368354  468.060  268.706  42.500  150.988  -7.42  -0.60  0000
   41   0.133  1830 74368355  470.954  269.907  43.346  151.294  -6.76   0.06  0000
