#
#   version : 20090611
#    num_fr : 15
#      time : 20140422 10:35:54.587 UTC
#      unix : 1398162954.587901
#       ntp : LOCK 740 1053628 968
#       seq : 74765842
#       mul : 0 [A]
#      site : 01
#    latlon : 45.5749 -94.3965 370.0
#      text : Collegeville
#     label : 
#     plate : metal_20100816_20100506-404-gd3
#      geom : 640 480
#    reject : 0
#
#  fr    time   sum     seq       cx       cy      th      phi    lsp    mag  flag
   29  -0.467  1832 74765828  419.000  395.201  48.239 -162.637  -6.83  -0.01  0000
   30  -0.434  1725 74765829  419.118  396.271  48.498 -162.461  -7.16  -0.34  0000
   31  -0.400  1887 74765830  421.050  397.061  49.007 -162.796  -7.51  -0.69  0000
   32  -0.367  2580 74765831  422.095  397.933  49.382 -162.889  -7.41  -0.59  0000
   33  -0.334  2342 74765832  423.219  398.213  49.640 -163.113  -7.54  -0.72  0000
   34  -0.300  1946 74765833  425.022  399.421  50.224 -163.323  -7.36  -0.54  0000
   35  -0.267  1928 74765834  426.138  400.363  50.629 -163.414  -7.40  -0.58  0000
   36  -0.234  2574 74765835  427.900  401.452  51.183 -163.629  -7.99  -1.17  0000
   37  -0.200  3011 74765836  428.487  402.298  51.474 -163.610  -8.07  -1.25  0000
   38  -0.167  2833 74765837  430.246  402.720  51.882 -163.943  -8.03  -1.21  0000
   39  -0.133  2562 74765838  431.410  404.305  52.441 -163.918  -8.02  -1.20  0000
   40  -0.100  2361 74765839  433.186  404.831  52.878 -164.227  -7.90  -1.08  0000
   41  -0.067  2671 74765840  434.478  406.280  53.432 -164.253  -7.98  -1.16  0000
   42  -0.033  4431 74765841  436.748  407.522  54.120 -164.534  -9.22  -2.40  0000
   43   0.000  7363 74765842  437.394  406.965  54.116 -164.778  -9.09  -2.27  0000
