#
#   version : 20090611
#    num_fr : 13
#      time : 20140422 08:28:34.435 UTC
#      unix : 1398155314.435444
#       ntp : LOCK 1421 286133 1139
#       seq : 74536872
#       mul : 0 [A]
#      site : 01
#    latlon : 45.5749 -94.3965 370.0
#      text : Collegeville
#     label : 
#     plate : metal_20100816_20100506-404-gd3
#      geom : 640 480
#    reject : 0
#
#  fr    time   sum     seq       cx       cy      th      phi    lsp    mag  flag
   29  -0.300  2682 74536863  100.921  377.909  68.898  -66.907  -5.88   0.94  0000
   31  -0.234  2967 74536865  100.791  380.278  69.301  -67.347  -6.51   0.31  0000
   32  -0.200  2995 74536866   99.941  381.100  69.660  -67.405  -6.71   0.11  0000
   33  -0.167  2950 74536867   98.880  382.168  70.115  -67.484  -6.47   0.35  0000
   34  -0.133  3469 74536868   97.895  382.967  70.507  -67.520  -7.28  -0.46  0000
   35  -0.100  3428 74536869   97.365  383.968  70.810  -67.647  -7.52  -0.70  0000
   36  -0.067  3350 74536870   97.680  385.045  70.897  -67.884  -7.12  -0.30  0000
   37  -0.033  3501 74536871   97.064  385.849  71.192  -67.961  -7.50  -0.68  0000
   38   0.000  3562 74536872   96.132  387.784  71.757  -68.210  -7.53  -0.71  0000
   39   0.033  3433 74536873   95.124  389.004  72.229  -68.316  -7.46  -0.64  0000
   40   0.067  3288 74536874   95.041  389.268  72.294  -68.355  -6.98  -0.16  0000
   41   0.100  3405 74536875   94.946  390.549  72.531  -68.576  -6.86  -0.04  0000
   43   0.167  2893 74536877   93.846  392.061  73.078  -68.721  -6.32   0.50  0000
