#
#   version : 20090611
#    num_fr : 22
#      time : 20140422 05:28:35.327 UTC
#      unix : 1398144515.327490
#       ntp : LOCK -1248 1047468 1546
#       seq : 74213232
#       mul : 0 [A]
#      site : 01
#    latlon : 45.5749 -94.3965 370.0
#      text : Collegeville
#     label : 
#     plate : metal_20100816_20100506-404-gd3
#      geom : 640 480
#    reject : 0
#
#  fr    time   sum     seq       cx       cy      th      phi    lsp    mag  flag
   29  -0.434  2017 74213219  388.155    7.829  69.088   71.341  -5.83   0.99  0000
   31  -0.367  2315 74213221  391.676    8.151  69.333   72.146  -6.39   0.43  0000
   32  -0.334  2427 74213222  393.810    8.502  69.444   72.644  -6.57   0.25  0000
   33  -0.300  2435 74213223  394.738    7.942  69.697   72.805  -6.95  -0.13  0000
   34  -0.267  2509 74213224  395.507    8.239  69.691   72.996  -6.83  -0.01  0000
   35  -0.234  2750 74213225  397.338    8.764  69.731   73.438  -7.10  -0.28  0000
   36  -0.200  2577 74213226  398.067    8.195  69.969   73.551  -7.09  -0.27  0000
   37  -0.167  3047 74213227  400.504    8.486  70.146   74.104  -7.42  -0.60  0000
   38  -0.133  3057 74213228  401.284    7.938  70.385   74.227  -7.52  -0.70  0000
   39  -0.100  3389 74213229  403.391    8.655  70.415   74.740  -7.64  -0.82  0000
   40  -0.067  3168 74213230  404.202    8.450  70.563   74.896  -7.65  -0.83  0000
   41  -0.033  4668 74213231  405.151    8.556  70.640   75.108  -8.62  -1.80  0000
   42   0.000  6346 74213232  406.480    8.160  70.902   75.357  -9.01  -2.19  0000
   43   0.033  5575 74213233  407.731    9.117  70.779   75.705  -8.90  -2.08  0000
   44   0.067  4822 74213234  409.639    9.226  70.972   76.118  -8.57  -1.75  0000
   45   0.100  4709 74213235  410.544    9.326  71.052   76.318  -8.56  -1.74  0000
   46   0.133  4360 74213236  412.786    9.408  71.299   76.796  -8.34  -1.52  0000
   47   0.167  3083 74213237  413.446    9.633  71.317   76.954  -7.53  -0.71  0000
   48   0.200  3958 74213238  414.216    9.646  71.408   77.116  -7.92  -1.10  0000
   49   0.234  2770 74213239  416.571    9.903  71.631   77.629  -7.33  -0.51  0000
   50   0.267  2725 74213240  418.636   10.690  71.677   78.129  -7.00  -0.18  0000
   51   0.300  1836 74213241  420.346   10.300  72.006   78.443  -5.89   0.93  0000
