#
#   version : 20090611
#    num_fr : 15
#      time : 20140422 05:58:55.449 UTC
#      unix : 1398146335.449160
#       ntp : LOCK -1626 433489 1446
#       seq : 74267780
#       mul : 0 [A]
#      site : 01
#    latlon : 45.5749 -94.3965 370.0
#      text : Collegeville
#     label : 
#     plate : metal_20100816_20100506-404-gd3
#      geom : 640 480
#    reject : 0
#
#  fr    time   sum     seq       cx       cy      th      phi    lsp    mag  flag
   29  -0.434  1650 74267767  124.991  378.827  62.737  -70.143  -5.79   1.03  0000
   32  -0.334  1890 74267770  124.181  384.251  63.848  -71.114  -5.94   0.88  0000
   34  -0.267  1981 74267772  126.775  386.882  63.650  -71.998  -6.25   0.57  0000
   35  -0.234  2287 74267773  126.209  388.375  64.050  -72.207  -6.54   0.28  0000
   36  -0.200  2353 74267774  127.248  390.394  64.147  -72.747  -6.85  -0.03  0000
   37  -0.167  2442 74267775  127.366  392.374  64.470  -73.142  -7.21  -0.39  0000
   38  -0.133  2428 74267776  128.144  394.800  64.716  -73.715  -7.08  -0.26  0000
   39  -0.100  3130 74267777  128.269  396.518  64.998  -74.055  -7.84  -1.02  0000
   40  -0.067  3369 74267778  127.875  398.182  65.400  -74.306  -7.65  -0.83  0000
   41  -0.033  3596 74267779  128.564  400.372  65.639  -74.810  -7.85  -1.03  0000
   42   0.000  4056 74267780  129.593  401.033  65.515  -75.085  -8.13  -1.31  0000
   43   0.033  2801 74267781  130.536  402.908  65.642  -75.568  -7.21  -0.39  0000
   44   0.067  2229 74267782  130.185  405.054  66.135  -75.900  -6.70   0.12  0000
   45   0.100  2923 74267783  131.747  406.898  66.119  -76.467  -7.34  -0.52  0000
   46   0.133  1663 74267784  131.176  408.440  66.554  -76.651  -5.92   0.90  0000
