#
#   version : 20090611
#    num_fr : 13
#      time : 20140422 08:07:52.191 UTC
#      unix : 1398154072.191378
#       ntp : LOCK 1488 189147 1217
#       seq : 74499643
#       mul : 0 [A]
#      site : 01
#    latlon : 45.5749 -94.3965 370.0
#      text : Collegeville
#     label : 
#     plate : metal_20100816_20100506-404-gd3
#      geom : 640 480
#    reject : 0
#
#  fr    time   sum     seq       cx       cy      th      phi    lsp    mag  flag
   29  -0.334  1738 74499633  341.197  120.975  34.709   66.827  -6.07   0.75  0000
   30  -0.300  1891 74499634  341.847  120.504  34.873   67.061  -6.34   0.48  0000
   31  -0.267  2035 74499635  344.505  119.525  35.304   68.099  -6.89  -0.07  0000
   32  -0.234  2160 74499636  345.233  119.307  35.411   68.385  -6.96  -0.14  0000
   33  -0.200  2424 74499637  346.881  117.713  35.943   68.899  -7.20  -0.38  0000
   34  -0.167  2610 74499638  349.599  117.087  36.308   69.952  -7.34  -0.52  0000
   35  -0.133  2796 74499639  351.291  115.692  36.802   70.474  -7.57  -0.75  0000
   36  -0.100  3324 74499640  354.275  114.832  37.268   71.563  -7.69  -0.87  0000
   37  -0.067  3215 74499641  354.705  113.962  37.529   71.623  -7.90  -1.08  0000
   38  -0.033  2963 74499642  357.847  113.048  38.038   72.732  -7.82  -1.00  0000
   39   0.000  3930 74499643  359.442  111.918  38.473   73.194  -8.32  -1.50  0000
   40   0.033  3369 74499644  360.435  111.556  38.658   73.523  -7.78  -0.96  0000
   41   0.067  2219 74499645  363.871  110.161  39.344   74.618  -6.61   0.21  0000
