#
#   version : 20090611
#    num_fr : 52
#      time : 20140517 08:44:34.739 UTC
#      unix : 1400316274.739788
#       ntp : LOCK -643 944337 965
#       seq : 139299250
#       mul : 0 [A]
#      site : 01
#    latlon : 45.5749 -94.3965 370.0
#      text : Collegeville
#     label : 
#     plate : metal_20100816_20100506-404-gd3
#      geom : 640 480
#    reject : 0
#
#  fr    time   sum     seq       cx       cy      th      phi    lsp    mag  flag
   29  -1.134  3200 139299216  120.967  240.342  52.637  -33.895  -5.90   0.92  0000
   30  -1.101  4386 139299217  120.979  242.041  52.612  -34.385  -6.72   0.10  0000
   31  -1.068  2397 139299218  119.706  242.690  52.978  -34.591  -6.04   0.78  0000
   32  -1.034  2764 139299219  118.996  243.836  53.176  -34.928  -6.75   0.07  0000
   33  -1.001  5747 139299220  117.920  244.899  53.484  -35.244  -6.96  -0.14  0000
   34  -0.968  3346 139299221  117.053  245.921  53.732  -35.542  -7.11  -0.29  0000
   35  -0.934  3873 139299222  116.864  246.139  53.787  -35.606  -7.04  -0.22  0000
   36  -0.901  3354 139299223  115.960  248.871  54.044  -36.383  -7.32  -0.50  0000
   37  -0.868  2451 139299224  115.680  249.505  54.126  -36.563  -7.09  -0.27  0000
   38  -0.834  4414 139299225  115.720  250.111  54.114  -36.733  -6.99  -0.17  0000
   39  -0.801  3918 139299226  114.255  251.765  54.549  -37.199  -6.71   0.11  0000
   40  -0.767  4205 139299227  113.963  252.253  54.637  -37.335  -7.24  -0.42  0000
   41  -0.734  3822 139299228  113.010  254.636  54.931  -37.996  -6.96  -0.14  0000
   42  -0.701  3319 139299229  113.083  254.949  54.911  -38.083  -7.07  -0.25  0000
   43  -0.667  5016 139299230  112.063  256.026  55.221  -38.377  -7.14  -0.32  0000
   44  -0.634  3578 139299231  111.795  257.207  55.312  -38.700  -7.29  -0.47  0000
   45  -0.601  3954 139299232  110.958  258.151  55.570  -38.954  -7.20  -0.38  0000
   46  -0.567  4568 139299233  110.013  260.550  55.882  -39.600  -7.73  -0.91  0000
   47  -0.534  3611 139299234  109.721  260.981  55.975  -39.714  -7.70  -0.88  0000
   48  -0.500  5657 139299235  108.239  262.897  56.446  -40.214  -8.20  -1.38  0000
   49  -0.467  5101 139299236  108.078  263.237  56.500  -40.304  -8.45  -1.63  0000
   50  -0.434  5271 139299237  107.762  264.966  56.628  -40.764  -8.12  -1.30  0000
   51  -0.400  5959 139299238  106.865  265.900  56.914  -40.999  -8.25  -1.43  0000
   52  -0.367  5053 139299239  106.232  267.099  57.130  -41.308  -8.26  -1.44  0000
   53  -0.334  4755 139299240  106.061  267.983  57.202  -41.540  -8.03  -1.21  0000
   54  -0.300  4672 139299241  105.043  269.345  57.539  -41.880  -7.99  -1.17  0000
   55  -0.267  3478 139299242  104.907  270.779  57.619  -42.255  -7.97  -1.15  0000
   56  -0.234  3927 139299243  103.981  271.968  57.929  -42.545  -7.91  -1.09  0000
   57  -0.200  5212 139299244  103.189  273.037  58.197  -42.805  -8.27  -1.45  0000
   58  -0.167  6803 139299245  102.604  274.202  58.409  -43.093  -8.50  -1.68  0000
   59  -0.133  5550 139299246  103.333  276.068  58.255  -43.600  -8.30  -1.48  0000
   60  -0.100  5039 139299247  101.415  276.746  58.850  -43.719  -8.19  -1.37  0000
   61  -0.067  6482 139299248  101.234  277.956  58.948  -44.025  -8.40  -1.58  0000
   62  -0.033  6145 139299249  100.934  278.556  59.061  -44.169  -8.42  -1.60  0000
   63   0.000  7746 139299250  101.534  280.924  58.976  -44.798  -8.01  -1.19  0000
   64   0.033  4130 139299251  100.286  281.908  59.389  -45.005  -7.81  -0.99  0000
   65   0.067  5457 139299252   98.480  283.090  59.978  -45.240  -7.75  -0.93  0000
   66   0.100  4657 139299253   99.670  284.868  59.704  -45.734  -7.86  -1.04  0000
   68   0.167  4302 139299255   97.877  287.146  60.346  -46.237  -7.46  -0.64  0000
   69   0.200  4448 139299256   96.884  287.962  60.682  -46.400  -7.65  -0.83  0000
   70   0.234  5563 139299257   96.912  288.271  60.689  -46.478  -7.21  -0.39  0000
   71   0.267  3938 139299258   96.661  290.915  60.901  -47.123  -7.20  -0.38  0000
   72   0.300  2973 139299259   95.852  291.774  61.188  -47.299  -7.29  -0.47  0000
   73   0.334  3438 139299260   95.191  292.946  61.450  -47.557  -7.26  -0.44  0000
   74   0.367  3056 139299261   93.747  294.123  61.946  -47.778  -6.72   0.10  0000
   75   0.400  3306 139299262   94.548  294.770  61.745  -47.973  -7.12  -0.30  0000
   76   0.434  3756 139299263   93.097  296.829  62.299  -48.402  -7.76  -0.94  0000
   77   0.467  4319 139299264   93.119  297.150  62.312  -48.481  -7.48  -0.66  0000
   78   0.500  5490 139299265   92.065  297.998  62.678  -48.633  -6.91  -0.09  0000
   80   0.567  4224 139299267   92.088  301.145  62.871  -49.386  -7.16  -0.34  0000
   82   0.634  4590 139299269   90.156  302.969  63.568  -49.715  -6.75   0.07  0000
   84   0.701  4276 139299271   91.872  305.125  63.206  -50.318  -7.01  -0.19  0000
