#
#   version : 20090611
#    num_fr : 18
#      time : 20091110 04:42:13.816 UTC
#      unix : 1257828133.816534
#       ntp : LOCK 305 966427 1058
#       seq : 19030621
#       mul : 0 [A]
#      site : 01
#    latlon : 45.5749 -94.3965 370.0
#      text : Collegeville
#     label : 
#     plate : 
#      geom : 640 480
#    reject : 0
#
#  fr    time   sum     seq       cx       cy      th      phi    lsp    mag  flag
   29  -0.267  2030 19030613  268.303   14.833  60.456   46.106  -6.36  -6.36  0000
   30  -0.234  2143 19030614  268.061   14.832  60.471   46.046  -6.82  -6.82  0000
   31  -0.200  2378 19030615  267.540   15.693  60.256   45.870  -6.94  -6.94  0000
   32  -0.167  2928 19030616  267.151   15.560  60.317   45.780  -7.33  -7.33  0000
   33  -0.133  3347 19030617  267.029   15.565  60.323   45.749  -7.65  -7.65  0000
   34  -0.100  3966 19030618  266.493   16.299  60.146   45.575  -8.10  -8.10  0000
   35  -0.067  5191 19030619  266.259   16.367  60.141   45.513  -8.56  -8.56  0000
   36  -0.033  5962 19030620  265.728   16.897  60.023   45.350  -8.83  -8.83  0000
   37   0.000  7073 19030621  265.305   16.953  60.033   45.241  -9.10  -9.10  0000
   38   0.033  6836 19030622  264.467   17.084  60.048   45.025  -9.09  -9.09  0000
   39   0.067  6439 19030623  264.070   17.269  60.021   44.915  -8.95  -8.95  0000
   40   0.100  5990 19030624  263.774   17.416  59.998   44.832  -8.91  -8.91  0000
   41   0.133  4691 19030625  262.974   17.909  59.911   44.603  -8.49  -8.49  0000
   42   0.167  4215 19030626  262.618   18.259  59.835   44.493  -8.26  -8.26  0000
   43   0.200  3769 19030627  262.865   18.528  59.743   44.538  -7.97  -7.97  0000
   44   0.234  5355 19030628  262.021   19.225  59.603   44.284  -8.69  -8.69  0000
   45   0.267  4656 19030629  261.744   19.300  59.600   44.210  -8.41  -8.41  0000
   46   0.300  2825 19030630  261.676   19.374  59.584   44.189  -7.20  -7.20  0000
