#
#   version : 20090611
#    num_fr : 22
#      time : 20100804 07:21:46.522 UTC
#      unix : 1280906506.522208
#       ntp : LOCK -1966 274915 458
#       seq : 17082992
#       mul : 0 [A]
#      site : 01
#    latlon : 45.5749 -94.3965 370.0
#      text : Collegeville
#     label : 
#     plate : metal 20090611
#      geom : 640 480
#    reject : 0
#
#  fr    time   sum     seq       cx       cy      th      phi    lsp    mag  flag
   30  -0.667  3210 17082972  134.227  158.693  52.228   -9.003  -6.35  -6.35  0000
   31  -0.634  3515 17082973  134.495  157.755  52.262   -8.722  -6.63  -6.63  0000
   32  -0.601  3516 17082974  134.628  155.872  52.440   -8.204  -6.77  -6.77  0000
   33  -0.567  4436 17082975  134.672  155.523  52.468   -8.106  -7.80  -7.80  0000
   34  -0.534  3906 17082976  133.420  154.001  52.971   -7.845  -7.83  -7.83  0000
   35  -0.500  4083 17082977  133.845  152.950  52.982   -7.520  -7.84  -7.84  0000
   36  -0.467  4677 17082978  132.497  151.211  53.538   -7.220  -7.76  -7.76  0000
   37  -0.434  4503 17082979  133.206  150.748  53.409   -7.019  -7.73  -7.73  0000
   38  -0.400  4855 17082980  132.350  149.085  53.831   -6.689  -7.82  -7.82  0000
   39  -0.367  4585 17082981  133.047  148.114  53.770   -6.358  -7.70  -7.70  0000
   40  -0.334  4909 17082982  133.048  147.441  53.852   -6.185  -7.84  -7.84  0000
   41  -0.300  4718 17082983  132.741  145.261  54.203   -5.667  -8.05  -8.05  0000
   42  -0.267  4270 17082984  132.124  144.629  54.441   -5.581  -8.14  -8.14  0000
   43  -0.234  4628 17082985  131.992  143.667  54.597   -5.355  -8.00  -8.00  0000
   44  -0.200  4883 17082986  132.798  141.837  54.626   -4.799  -7.92  -7.92  0000
   45  -0.167  3989 17082987  132.542  141.267  54.766   -4.689  -7.95  -7.95  0000
   46  -0.133  4765 17082988  131.653  139.891  55.173   -4.457  -7.69  -7.69  0000
   47  -0.100  4256 17082989  131.677  138.969  55.288   -4.228  -7.13  -7.13  0000
   48  -0.067  4279 17082990  131.997  137.862  55.355   -3.916  -7.34  -7.34  0000
   49  -0.033  4370 17082991  132.663  136.828  55.325   -3.580  -7.33  -7.33  0000
   50   0.000  6174 17082992  131.301  134.971  55.923   -3.302  -8.45  -8.45  0000
   51   0.033  2528 17082993  131.623  134.114  55.959   -3.055  -6.94  -6.94  0000
