#
#   version : 20090611
#    num_fr : 16
#      time : 20100804 03:43:17.015 UTC
#      unix : 1280893397.015968
#       ntp : LOCK -60 136882 435
#       seq : 16690100
#       mul : 0 [A]
#      site : 01
#    latlon : 45.5749 -94.3965 370.0
#      text : Collegeville
#     label : 
#     plate : metal 20090611
#      geom : 640 480
#    reject : 0
#
#  fr    time   sum     seq       cx       cy      th      phi    lsp    mag  flag
   30  -0.267  1775 16690092  286.810  447.891  56.132 -116.647  -6.14  -6.14  0000
   31  -0.234  2003 16690093  286.354  450.465  56.859 -116.609  -6.56  -6.56  0000
   32  -0.200  1945 16690094  285.792  452.267  57.378 -116.515  -6.54  -6.54  0000
   33  -0.167  2089 16690095  286.595  454.466  57.961 -116.809  -6.77  -6.77  0000
   34  -0.133  1813 16690096  285.935  457.015  58.693 -116.714  -6.60  -6.60  0000
   35  -0.100  1957 16690097  285.131  458.649  59.176 -116.553  -6.71  -6.71  0000
   36  -0.067  1934 16690098  285.378  461.068  59.843 -116.698  -6.67  -6.67  0000
   37  -0.033  2060 16690099  284.951  462.758  60.330 -116.640  -6.87  -6.87  0000
   38   0.000  2480 16690100  284.526  465.148  61.015 -116.607  -7.09  -7.09  0000
   39   0.033  2147 16690101  283.985  467.181  61.604 -116.533  -6.95  -6.95  0000
   40   0.067  2239 16690102  283.630  469.340  62.225 -116.512  -6.78  -6.78  0000
   41   0.100  2361 16690103  283.942  471.017  62.687 -116.644  -6.92  -6.92  0000
   42   0.133  2083 16690104  283.540  472.673  63.168 -116.595  -6.74  -6.74  0000
   43   0.167  1942 16690105  282.847  474.661  63.755 -116.484  -6.37  -6.37  0000
   44   0.200  2007 16690106  282.736  476.271  64.216 -116.508  -6.59  -6.59  0000
   45   0.234  1360 16690107  282.923  477.448  64.543 -116.591  -6.36  -6.36  0000
