#
#   version : 20090611
#    num_fr : 21
#      time : 20100927 08:41:18.856 UTC
#      unix : 1285576878.856289
#       ntp : LOCK 22691 422456 11910
#       seq : 47221699
#       mul : 0 [A]
#      site : 01
#    latlon : 45.5749 -94.3965 370.0
#      text : Collegeville
#     label : 
#     plate : metal 20090611
#      geom : 640 480
#    reject : 0
#
#  fr    time   sum     seq       cx       cy      th      phi    lsp    mag  flag
   30  -0.601  2182 47221681  475.914  299.289  47.379  166.095  -5.70  -5.70  0000
   32  -0.534  2267 47221683  477.503  297.217  47.609  165.293  -6.19  -6.19  0000
   34  -0.467  2637 47221685  478.931  296.236  47.902  164.839  -6.67  -6.67  0000
   35  -0.434  2668 47221686  481.879  295.137  48.596  164.187  -6.82  -6.82  0000
   36  -0.400  2945 47221687  481.602  293.961  48.421  163.873  -7.00  -7.00  0000
   37  -0.367  2533 47221688  482.533  293.049  48.596  163.506  -6.62  -6.62  0000
   38  -0.334  3147 47221689  483.779  292.402  48.879  163.187  -7.25  -7.25  0000
   39  -0.300  2967 47221690  484.788  291.110  49.049  162.707  -7.01  -7.01  0000
   40  -0.267  3040 47221691  486.998  291.004  49.642  162.456  -7.10  -7.10  0000
   41  -0.234  2704 47221692  488.212  289.910  49.888  162.023  -7.14  -7.14  0000
   42  -0.200  3004 47221693  489.159  289.013  50.079  161.675  -7.12  -7.12  0000
   43  -0.167  2784 47221694  489.783  287.217  50.118  161.100  -6.95  -6.95  0000
   44  -0.133  3238 47221695  491.780  286.777  50.635  160.796  -7.29  -7.29  0000
   45  -0.100  2846 47221696  492.892  285.853  50.877  160.435  -6.86  -6.86  0000
   46  -0.067  3163 47221697  493.918  284.713  51.082  160.023  -7.11  -7.11  0000
   47  -0.033  3066 47221698  495.197  283.238  51.339  159.499  -7.39  -7.39  0000
   48   0.000  4045 47221699  495.634  282.142  51.390  159.153  -7.98  -7.98  0000
   49   0.033  3412 47221700  497.664  281.703  51.927  158.871  -7.43  -7.43  0000
   50   0.067  3255 47221701  497.413  280.163  51.762  158.455  -7.58  -7.58  0000
   51   0.100  2967 47221702  500.274  279.161  52.504  157.964  -7.19  -7.19  0000
   52   0.133  2438 47221703  500.995  277.978  52.638  157.582  -6.30  -6.30  0000
