#
#   version : 20090611
#    num_fr : 17
#      time : 20100927 05:54:15.566 UTC
#      unix : 1285566855.566273
#       ntp : LOCK 4949 1065381 13082
#       seq : 46921302
#       mul : 0 [A]
#      site : 01
#    latlon : 45.5749 -94.3965 370.0
#      text : Collegeville
#     label : 
#     plate : metal 20090611
#      geom : 640 480
#    reject : 0
#
#  fr    time   sum     seq       cx       cy      th      phi    lsp    mag  flag
   29  -0.334  2511 46921292  240.570  111.331  37.769   27.071  -6.05  -6.05  0000
   30  -0.300  3271 46921293  241.020  110.010  38.016   27.492  -6.39  -6.39  0000
   31  -0.267  3508 46921294  241.267  108.149  38.420   27.942  -7.10  -7.10  0000
   32  -0.234  3747 46921295  241.991  106.931  38.611   28.425  -7.51  -7.51  0000
   33  -0.200  4005 46921296  243.081  105.575  38.790   29.054  -7.78  -7.78  0000
   34  -0.167  4587 46921297  242.742  103.252  39.389   29.365  -7.99  -7.99  0000
   35  -0.133  5404 46921298  244.705  101.743  39.502   30.302  -8.37  -8.37  0000
   36  -0.100  6124 46921299  244.070   99.929  40.020   30.402  -8.80  -8.80  0000
   37  -0.067  6549 46921300  245.514   97.908  40.334   31.231  -9.03  -9.03  0000
   38  -0.033  6299 46921301  245.731   95.883  40.803   31.637  -8.90  -8.90  0000
   39   0.000  7117 46921302  246.325   95.195  40.901   31.947  -9.14  -9.14  0000
   40   0.033  6826 46921303  247.055   93.152  41.319   32.513  -8.87  -8.87  0000
   41   0.067  6162 46921304  248.241   91.494  41.594   33.161  -8.84  -8.84  0000
   42   0.100  5660 46921305  248.583   89.748  41.991   33.535  -8.74  -8.74  0000
   43   0.133  5922 46921306  249.503   88.361  42.236   34.040  -8.69  -8.69  0000
   44   0.167  5856 46921307  250.353   86.936  42.502   34.522  -8.63  -8.63  0000
   45   0.200  3044 46921308  251.070   84.491  43.044   35.093  -7.36  -7.36  0000
