#
#   version : 20090611
#    num_fr : 27
#      time : 20130911 09:42:49.525 UTC
#      unix : 1378892569.525482
#       ntp : LOCK -283 122568 809
#       seq : 39531664
#       mul : 0 [A]
#      site : 01
#    latlon : 45.5749 -94.3965 370.0
#      text : Collegeville
#     label : 
#     plate : metal_20100816_20100506-404-gd3
#      geom : 640 480
#    reject : 0
#
#  fr    time   sum     seq       cx       cy      th      phi    lsp    mag  flag
   29  -0.534  2229 39531648   54.707  245.316  72.790  -35.926  -5.76   1.06  0000
   30  -0.501  2515 39531649   55.768  244.257  72.458  -35.690  -6.31   0.51  0000
   31  -0.467  2414 39531650   53.811  243.059  73.090  -35.453  -6.16   0.66  0000
   32  -0.434  2879 39531651   54.210  241.856  72.973  -35.193  -6.93  -0.11  0000
   33  -0.400  2539 39531652   53.989  239.964  73.062  -34.793  -6.72   0.10  0000
   34  -0.367  2837 39531653   52.534  238.549  73.544  -34.512  -6.81   0.01  0000
   35  -0.334  2878 39531654   53.262  236.902  73.334  -34.153  -7.20  -0.38  0000
   36  -0.300  3127 39531655   52.295  235.432  73.666  -33.858  -7.22  -0.40  0000
   37  -0.267  3294 39531656   51.990  234.670  73.776  -33.702  -7.17  -0.35  0000
   38  -0.234  3407 39531657   52.041  232.906  73.792  -33.330  -7.46  -0.64  0000
   39  -0.200  3309 39531658   52.165  231.720  73.776  -33.079  -7.55  -0.73  0000
   40  -0.167  3424 39531659   51.789  229.507  73.945  -32.621  -7.49  -0.67  0000
   41  -0.133  3377 39531660   51.757  228.746  73.973  -32.462  -7.65  -0.83  0000
   42  -0.100  3207 39531661   51.615  227.212  74.057  -32.144  -7.60  -0.78  0000
   43  -0.067  3604 39531662   50.572  225.299  74.442  -31.769  -7.65  -0.83  0000
   44  -0.033  3896 39531663   50.768  224.073  74.414  -31.509  -7.73  -0.91  0000
   45   0.000  3951 39531664   50.863  223.524  74.400  -31.393  -7.73  -0.91  0000
   46   0.033  3083 39531665   50.617  221.676  74.536  -31.015  -7.37  -0.55  0000
   47   0.067  3782 39531666   49.954  219.406  74.824  -30.563  -7.77  -0.95  0000
   48   0.100  3556 39531667   50.505  217.951  74.700  -30.246  -7.45  -0.63  0000
   49   0.133  3644 39531668   48.417  216.924  75.406  -30.098  -7.37  -0.55  0000
   50   0.167  3153 39531669   48.264  214.990  75.529  -29.707  -7.13  -0.31  0000
   51   0.200  3622 39531670   48.918  213.612  75.375  -29.403  -7.63  -0.81  0000
   52   0.234  3335 39531671   48.374  211.318  75.646  -28.953  -7.16  -0.34  0000
   53   0.267  3550 39531672   48.172  209.260  75.803  -28.541  -7.45  -0.63  0000
   54   0.300  3718 39531673   47.712  209.661  75.932  -28.639  -7.43  -0.61  0000
   55   0.334  2514 39531674   48.962  207.940  75.612  -28.243  -5.92   0.90  0000
