#
#   version : 20090611
#    num_fr : 13
#      time : 20130911 08:07:39.877 UTC
#      unix : 1378886859.877612
#       ntp : LOCK -696 892429 955
#       seq : 39360549
#       mul : 0 [A]
#      site : 01
#    latlon : 45.5749 -94.3965 370.0
#      text : Collegeville
#     label : 
#     plate : metal_20100816_20100506-404-gd3
#      geom : 640 480
#    reject : 0
#
#  fr    time   sum     seq       cx       cy      th      phi    lsp    mag  flag
   29  -0.200  2025 39360543  257.789  102.691  41.560   32.673  -6.61   0.21  0000
   30  -0.167  2250 39360544  258.232  102.539  41.555   32.849  -6.92  -0.10  0000
   31  -0.133  2941 39360545  258.072  103.094  41.429   32.723  -7.71  -0.89  0000
   32  -0.100  4176 39360546  258.383  103.811  41.214   32.743  -8.56  -1.74  0000
   33  -0.067  5911 39360547  258.949  103.932  41.126   32.930  -9.06  -2.24  0000
   34  -0.033  7166 39360548  259.766  104.664  40.858   33.132  -9.20  -2.38  0000
   35   0.000  7330 39360549  260.281  105.233  40.662   33.247  -9.24  -2.42  0000
   36   0.033  7270 39360550  260.784  105.482  40.549   33.399  -9.36  -2.54  0000
   37   0.067  6834 39360551  261.417  106.436  40.243   33.511  -9.25  -2.43  0000
   38   0.100  5812 39360552  261.693  107.169  40.028   33.521  -8.99  -2.17  0000
   39   0.133  5797 39360553  263.351  107.722  39.728   34.067  -8.89  -2.07  0000
   40   0.167  4183 39360554  264.058  108.330  39.506   34.256  -8.38  -1.56  0000
   41   0.200  3040 39360555  264.395  109.141  39.266   34.283  -7.90  -1.08  0000
