#
#   version : 20090611
#    num_fr : 18
#      time : 20091210 10:29:55.067 UTC
#      unix : 1260440995.067664
#       ntp : LOCK -1523 249222 2818
#       seq : 97338045
#       mul : 0 [A]
#      site : 01
#    latlon : 45.5749 -94.3965 370.0
#      text : Collegeville
#     label : 
#     plate : 
#      geom : 640 480
#    reject : 0
#
#  fr    time   sum     seq       cx       cy      th      phi    lsp    mag  flag
   30  -0.200  1856 97338039  498.960  379.363  64.039 -178.141  -6.43  -6.43  0000
   31  -0.167  2168 97338040  499.324  379.886  64.216 -178.099  -6.51  -6.51  0000
   32  -0.133  2376 97338041  500.781  380.519  64.673 -178.205  -7.01  -7.01  0000
   33  -0.100  2962 97338042  501.426  380.431  64.813 -178.320  -7.48  -7.48  0000
   34  -0.067  2956 97338043  501.822  380.795  64.970 -178.312  -7.47  -7.47  0000
   35  -0.033  3063 97338044  503.342  381.084  65.386 -178.489  -7.61  -7.61  0000
   36   0.000  3262 97338045  504.132  381.531  65.654 -178.525  -7.73  -7.73  0000
   37   0.033  3078 97338046  504.162  382.129  65.763 -178.419  -7.63  -7.63  0000
   38   0.067  2971 97338047  504.340  382.132  65.806 -178.445  -7.45  -7.45  0000
   39   0.100  2848 97338048  505.841  382.729  66.272 -178.560  -7.36  -7.36  0000
   40   0.133  2765 97338049  506.514  382.584  66.411 -178.687  -7.35  -7.35  0000
   41   0.167  2482 97338050  507.028  383.020  66.610 -178.684  -7.01  -7.01  0000
   42   0.200  2502 97338051  508.436  383.940  67.110 -178.724  -6.96  -6.96  0000
   43   0.234  2226 97338052  508.737  384.278  67.241 -178.707  -6.75  -6.75  0000
   44   0.267  2122 97338053  509.058  384.234  67.312 -178.762  -6.61  -6.61  0000
   45   0.300  1997 97338054  509.674  384.912  67.578 -178.730  -6.34  -6.34  0000
   47   0.367  1686 97338056  512.385  385.406  68.327 -179.035  -6.00  -6.00  0000
   50   0.467  1951 97338059  514.956  386.335  69.119 -179.237  -6.39  -6.39  0000
