#
#   version : 20090611
#    num_fr : 13
#      time : 20140530 03:53:18.075 UTC
#      unix : 1401421998.075002
#       ntp : LOCK -819 615162 769
#       seq : 172436998
#       mul : 0 [A]
#      site : 01
#    latlon : 45.5749 -94.3965 370.0
#      text : Collegeville
#     label : 
#     plate : metal_20100816_20100506-404-gd3
#      geom : 640 480
#    reject : 0
#
#  fr    time   sum     seq       cx       cy      th      phi    lsp    mag  flag
   30  -0.467  2021 172436984  545.129  252.856  64.536  145.242  -6.16   0.66  0000
   31  -0.434  2152 172436985  544.052  254.556  64.220  145.654  -6.32   0.50  0000
   33  -0.367  2233 172436987  545.311  256.644  64.614  146.157  -6.05   0.77  0000
   34  -0.334  2120 172436988  544.607  258.044  64.415  146.498  -6.04   0.78  0000
   36  -0.267  2035 172436990  546.059  262.348  64.907  147.526  -6.14   0.68  0000
   37  -0.234  2188 172436991  545.590  262.327  64.765  147.525  -6.26   0.56  0000
   38  -0.200  2074 172436992  545.459  264.840  64.768  148.131  -6.11   0.71  0000
   39  -0.167  1838 172436993  545.995  266.679  64.965  148.566  -5.75   1.07  0000
   43  -0.033  2230 172436997  546.483  273.027  65.267  150.076  -6.29   0.53  0000
   44   0.000  2399 172436998  546.070  274.310  65.180  150.390  -6.32   0.50  0000
   45   0.033  2082 172436999  547.230  275.880  65.578  150.738  -6.24   0.58  0000
   46   0.067  2271 172437000  547.258  278.114  65.660  151.267  -6.23   0.59  0000
   47   0.100  2045 172437001  547.085  278.317  65.615  151.319  -6.02   0.80  0000
