#
#   version : 20090611
#    num_fr : 16
#      time : 20141102 02:52:59.022 UTC
#      unix : 1414896779.022292
#       ntp : LOCK -2540 541276 2035
#       seq : 195306087
#       mul : 0 [A]
#      site : 01
#    latlon : 45.5749 -94.3965 370.0
#      text : Collegeville
#     label : 
#     plate : metal_20100816_20100506-404-gd3
#      geom : 640 480
#    reject : 0
#
#  fr    time   sum     seq       cx       cy      th      phi    lsp    mag  flag
   29  -0.167  3003 195306082  283.350  213.318  12.135   15.175  -6.48   0.34  0000
   30  -0.133  2937 195306083  282.725  212.812  12.342   14.946  -6.10   0.72  0000
   31  -0.100  2841 195306084  280.869  212.180  12.786   13.669  -6.62   0.20  0000
   32  -0.067  3148 195306085  280.876  212.121  12.797   13.719  -6.82   0.00  0000
   33  -0.033  3287 195306086  278.327  211.058  13.454   12.243  -6.84  -0.02  0000
   34   0.000  3637 195306087  278.136  210.992  13.501   12.127  -7.27  -0.45  0000
   35   0.033  3242 195306088  277.161  210.188  13.832   11.889  -6.85  -0.03  0000
   36   0.067  3120 195306089  276.868  209.911  13.938   11.844  -6.91  -0.09  0000
   37   0.100  3359 195306090  274.990  209.496  14.359   10.634  -6.96  -0.14  0000
   38   0.133  3510 195306091  274.949  209.185  14.426   10.821  -7.02  -0.20  0000
   39   0.167  3531 195306092  272.447  208.250  15.067    9.575  -6.99  -0.17  0000
   40   0.200  3380 195306093  272.071  208.068  15.172    9.425  -6.96  -0.14  0000
   41   0.234  3428 195306094  271.961  208.063  15.194    9.349  -7.07  -0.25  0000
   42   0.267  3454 195306095  270.224  207.354  15.655    8.597  -7.02  -0.20  0000
   43   0.300  2834 195306096  269.942  206.862  15.800    8.730  -6.65   0.17  0000
   44   0.334  2424 195306097  267.369  206.217  16.414    7.434  -6.49   0.33  0000
