#
#   version : 20090611
#    num_fr : 13
#      time : 20141102 07:46:55.509 UTC
#      unix : 1414914415.509382
#       ntp : LOCK -365 953001 1408
#       seq : 195834641
#       mul : 0 [A]
#      site : 01
#    latlon : 45.5749 -94.3965 370.0
#      text : Collegeville
#     label : 
#     plate : metal_20100816_20100506-404-gd3
#      geom : 640 480
#    reject : 0
#
#  fr    time   sum     seq       cx       cy      th      phi    lsp    mag  flag
   30  -0.300  2393 195834632  239.141  316.694  26.148  -77.934  -6.71   0.11  0000
   31  -0.267  2813 195834633  240.715  320.714  26.558  -80.215  -7.02  -0.20  0000
   32  -0.234  3051 195834634  240.978  324.262  27.172  -81.712  -7.45  -0.63  0000
   33  -0.200  3077 195834635  241.993  328.618  27.822  -83.739  -7.49  -0.67  0000
   34  -0.167  3066 195834636  241.884  332.698  28.655  -85.121  -7.47  -0.65  0000
   35  -0.133  2782 195834637  243.449  337.877  29.440  -87.450  -7.22  -0.40  0000
   36  -0.100  2828 195834638  244.589  342.488  30.222  -89.317  -7.54  -0.72  0000
   37  -0.067  4521 195834639  245.015  346.330  30.984  -90.588  -8.41  -1.59  0000
   38  -0.033  5476 195834640  246.346  350.568  31.709  -92.264  -8.73  -1.91  0000
   39   0.000  6145 195834641  246.671  353.982  32.425  -93.261  -9.08  -2.26  0000
   40   0.033  5979 195834642  247.848  357.982  33.163  -94.688  -9.09  -2.27  0000
   41   0.067  3763 195834643  248.440  362.404  34.103  -95.916  -7.90  -1.08  0000
   42   0.100  2315 195834644  250.580  366.386  34.748  -97.587  -6.59   0.23  0000
