#
#   version : 20090611
#    num_fr : 22
#      time : 20130127 05:38:37.049 UTC
#      unix : 1359265117.049006
#       ntp : LOCK 168 88630 340
#       seq : 3313045
#       mul : 0 [A]
#      site : 01
#    latlon : 45.5749 -94.3965 370.0
#      text : Collegeville
#     label : 
#     plate : metal_20100816_20100506-404-gd3
#      geom : 640 480
#    reject : 0
#
#  fr    time   sum     seq       cx       cy      th      phi    lsp    mag  flag
   30  -0.500  2430 3313030  300.949  101.805  39.106   49.157  -6.97  -0.15  0000
   31  -0.467  3195 3313031  300.910  100.885  39.356   49.165  -7.36  -0.54  0000
   32  -0.434  3204 3313032  300.060   99.167  39.842   48.875  -7.02  -0.20  0000
   33  -0.400  4357 3313033  300.089   98.999  39.887   48.891  -7.46  -0.64  0000
   34  -0.367  3601 3313034  300.763   97.693  40.227   49.187  -7.16  -0.34  0000
   35  -0.334  2785 3313035  301.023   96.051  40.668   49.327  -7.61  -0.79  0000
   36  -0.300  3558 3313036  301.008   94.983  40.959   49.346  -7.70  -0.88  0000
   37  -0.267  2765 3313037  301.590   93.987  41.219   49.589  -8.02  -1.20  0000
   38  -0.234  3935 3313038  302.036   93.606  41.314   49.766  -8.23  -1.41  0000
   39  -0.200  4840 3313039  301.189   92.092  41.744   49.479  -7.93  -1.11  0000
   40  -0.167  2729 3313040  301.195   90.844  42.085   49.508  -7.87  -1.05  0000
   41  -0.133  3621 3313041  301.271   89.158  42.544   49.571  -7.98  -1.16  0000
   42  -0.100  4290 3313042  301.334   89.005  42.585   49.597  -7.76  -0.94  0000
   43  -0.067  3176 3313043  302.547   87.236  43.046   50.074  -8.19  -1.37  0000
   44  -0.033  5249 3313044  302.343   87.415  43.001   49.996  -8.59  -1.77  0000
   45   0.000  7410 3313045  301.799   84.926  43.694   49.845  -8.68  -1.86  0000
   46   0.033  4149 3313046  303.381   83.993  43.923   50.426  -8.83  -2.01  0000
   47   0.067  4193 3313047  303.920   83.748  43.982   50.621  -8.25  -1.43  0000
   48   0.100  6067 3313048  302.449   82.134  44.449   50.124  -8.36  -1.54  0000
   49   0.133  4500 3313049  303.287   80.953  44.761   50.436  -8.36  -1.54  0000
   50   0.167  4716 3313050  304.028   79.790  45.070   50.711  -8.29  -1.47  0000
   51   0.200  2485 3313051  304.869   78.834  45.322   51.014  -7.18  -0.36  0000
