#
#   version : 20090611
#    num_fr : 17
#      time : 20131210 10:32:53.437 UTC
#      unix : 1386671573.437552
#       ntp : LOCK -462 569205 1165
#       seq : 272663198
#       mul : 0 [A]
#      site : 01
#    latlon : 45.5749 -94.3965 370.0
#      text : Collegeville
#     label : 
#     plate : metal_20100816_20100506-404-gd3
#      geom : 640 480
#    reject : 0
#
#  fr    time   sum     seq       cx       cy      th      phi    lsp    mag  flag
   29  -0.534  2807 272663182  221.952   64.865  55.419   26.565  -5.42   1.40  0000
   32  -0.434  3436 272663185  222.880   57.425  57.212   27.663  -7.02  -0.20  0000
   33  -0.400  3763 272663186  222.249   55.131  57.889   27.758  -7.29  -0.47  0000
   34  -0.367  3966 272663187  223.844   53.684  58.064   28.315  -7.40  -0.58  0000
   35  -0.334  3901 272663188  222.553   51.571  58.779   28.219  -7.27  -0.45  0000
   36  -0.300  4085 272663189  224.038   47.951  59.547   28.963  -7.60  -0.78  0000
   37  -0.267  3986 272663190  223.448   45.910  60.159   29.024  -7.96  -1.14  0000
   38  -0.234  4341 272663191  224.228   43.451  60.718   29.458  -8.02  -1.20  0000
   39  -0.200  4322 272663192  224.271   41.207  61.312   29.686  -8.11  -1.29  0000
   40  -0.167  4968 272663193  224.988   37.609  62.192   30.196  -8.26  -1.44  0000
   41  -0.133  4345 272663194  224.518   35.774  62.743   30.253  -8.14  -1.32  0000
   42  -0.100  4602 272663195  225.870   33.719  63.142   30.759  -8.12  -1.30  0000
   43  -0.067  4918 272663196  224.545   31.470  63.907   30.645  -8.22  -1.40  0000
   44  -0.033  5272 272663197  225.575   28.722  64.539   31.124  -8.45  -1.63  0000
   45   0.000  5512 272663198  226.264   27.142  64.894   31.418  -8.55  -1.73  0000
   46   0.033  4116 272663199  227.626   23.877  65.642   32.001  -7.36  -0.54  0000
   47   0.067  3205 272663200  226.402   21.871  66.334   31.881  -6.40   0.42  0000
