#
#   version : 20090611
#    num_fr : 15
#      time : 20100415 05:29:13.943 UTC
#      unix : 1271309353.943283
#       ntp : LOCK 3772 554325 1135
#       seq : 68157457
#       mul : 0 [A]
#      site : 01
#    latlon : 45.5749 -94.3965 370.0
#      text : Collegeville
#     label : 
#     plate : metal 20090611
#      geom : 640 480
#    reject : 0
#
#  fr    time   sum     seq       cx       cy      th      phi    lsp    mag  flag
   29  -0.234  1767 68157450  451.441  438.073  66.152 -160.033  -6.04  -6.04  0000
   30  -0.200  1977 68157451  451.173  439.580  66.460 -159.783  -6.20  -6.20  0000
   31  -0.167  1935 68157452  451.228  439.999  66.569 -159.740  -6.49  -6.49  0000
   32  -0.133  2129 68157453  451.598  441.358  66.954 -159.640  -6.63  -6.63  0000
   33  -0.100  2571 68157454  452.385  442.930  67.463 -159.597  -7.18  -7.18  0000
   34  -0.067  2330 68157455  452.556  443.478  67.623 -159.562  -7.21  -7.21  0000
   35  -0.033  2543 68157456  452.422  444.551  67.855 -159.400  -7.08  -7.08  0000
   36   0.000  2801 68157457  452.749  445.161  68.058 -159.389  -7.04  -7.04  0000
   37   0.033  2282 68157458  453.983  446.792  68.661 -159.429  -6.78  -6.78  0000
   38   0.067  2265 68157459  454.196  447.088  68.768 -159.434  -6.94  -6.94  0000
   39   0.100  2495 68157460  453.709  447.876  68.873 -159.242  -7.12  -7.12  0000
   40   0.133  2541 68157461  453.925  448.395  69.035 -159.220  -7.07  -7.07  0000
   41   0.167  2284 68157462  455.264  449.902  69.629 -159.298  -6.91  -6.91  0000
   42   0.200  2295 68157463  455.956  450.317  69.848 -159.382  -7.03  -7.03  0000
   43   0.234  1769 68157464  455.535  451.627  70.091 -159.142  -6.08  -6.08  0000
