#
#   version : 20090611
#    num_fr : 12
#      time : 20140119 09:16:25.873 UTC
#      unix : 1390122985.873139
#       ntp : LOCK 2896 427629 7668
#       seq : 376099511
#       mul : 0 [A]
#      site : 01
#    latlon : 45.5749 -94.3965 370.0
#      text : Collegeville
#     label : 
#     plate : metal_20100816_20100506-404-gd3
#      geom : 640 480
#    reject : 0
#
#  fr    time   sum     seq       cx       cy      th      phi    lsp    mag  flag
   30  -0.200  3113 376099505  174.691  368.186  49.056  -76.158  -5.85   0.97  0000
   31  -0.167  3262 376099506  177.861  371.032  48.877  -77.477  -4.56   2.26  0000
   32  -0.133  4659 376099507  178.277  372.885  49.132  -77.991  -7.32  -0.50  0000
   33  -0.100  4386 376099508  180.087  374.902  49.124  -78.833  -7.81  -0.99  0000
   34  -0.067  5408 376099509  181.111  376.765  49.263  -79.471  -8.22  -1.40  0000
   35  -0.033  4700 376099510  184.185  378.593  48.975  -80.548  -8.52  -1.70  0000
   36   0.000  7747 376099511  184.257  380.082  49.254  -80.889  -8.77  -1.95  0000
   37   0.033  5098 376099512  185.661  382.030  49.354  -81.623  -8.78  -1.96  0000
   38   0.067  3561 376099513  187.552  384.110  49.391  -82.491  -8.62  -1.80  0000
   39   0.100  5043 376099514  189.240  386.724  49.592  -83.421  -8.51  -1.69  0000
   40   0.133  4505 376099515  191.440  389.058  49.648  -84.407  -8.43  -1.61  0000
   41   0.167  5501 376099516  193.340  390.241  49.533  -85.091  -8.10  -1.28  0000
