#
#   version : 20090611
#    num_fr : 13
#      time : 20130802 08:32:27.216 UTC
#      unix : 1375432347.216212
#       ntp : LOCK -799 633116 580
#       seq : 40644134
#       mul : 0 [A]
#      site : 01
#    latlon : 45.5749 -94.3965 370.0
#      text : Collegeville
#     label : 
#     plate : metal_20100816_20100506-404-gd3
#      geom : 640 480
#    reject : 0
#
#  fr    time   sum     seq       cx       cy      th      phi    lsp    mag  flag
   29  -0.267  1972 40644126  541.281  341.506  68.471  166.021  -6.32   0.50  0000
   30  -0.234  2086 40644127  541.798  341.301  68.596  165.936  -6.44   0.38  0000
   31  -0.200  2522 40644128  544.146  342.054  69.351  165.911  -6.78   0.04  0000
   32  -0.167  2799 40644129  544.378  342.229  69.437  165.930  -7.14  -0.32  0000
   33  -0.133  2659 40644130  545.957  342.349  69.905  165.833  -7.09  -0.27  0000
   34  -0.100  3069 40644131  547.937  342.676  70.512  165.749  -7.50  -0.68  0000
   35  -0.067  3657 40644132  548.292  343.068  70.657  165.804  -7.77  -0.95  0000
   36  -0.033  4424 40644133  549.345  343.022  70.957  165.714  -8.21  -1.39  0000
   37   0.000  4477 40644134  551.262  343.350  71.549  165.638  -8.38  -1.56  0000
   38   0.033  4030 40644135  551.884  343.475  71.743  165.617  -8.13  -1.31  0000
   39   0.067  3433 40644136  553.806  343.735  72.332  165.528  -7.43  -0.61  0000
   40   0.100  3110 40644137  554.276  343.922  72.489  165.532  -7.47  -0.65  0000
   41   0.133  2432 40644138  554.176  344.365  72.508  165.630  -6.68   0.14  0000
