#
#   version : 20090611
#    num_fr : 15
#      time : 20120915 07:38:27.171 UTC
#      unix : 1347694707.171801
#       ntp : LOCK 218 690458 608
#       seq : 55032570
#       mul : 0 [A]
#      site : 01
#    latlon : 45.5749 -94.3965 370.0
#      text : Collegeville
#     label : 
#     plate : metal_20100816_20100506-404-gd3
#      geom : 640 480
#    reject : 0
#
#  fr    time   sum     seq       cx       cy      th      phi    lsp    mag  flag
   29  -0.400  2068 55032558  226.321   69.876  53.570   27.107  -6.13   0.69  0000
   30  -0.367  2407 55032559  227.214   68.756  53.741   27.481  -6.83  -0.01  0000
   31  -0.334  2628 55032560  227.129   67.641  54.037   27.591  -7.18  -0.36  0000
   32  -0.300  2763 55032561  227.307   67.151  54.140   27.697  -7.29  -0.47  0000
   33  -0.267  3214 55032562  227.115   65.914  54.482   27.791  -7.66  -0.84  0000
   34  -0.234  3521 55032563  227.073   65.499  54.594   27.828  -7.84  -1.02  0000
   35  -0.200  3861 55032564  226.488   64.172  55.009   27.827  -8.12  -1.30  0000
   36  -0.167  3689 55032565  226.530   63.040  55.296   27.969  -8.16  -1.34  0000
   37  -0.133  4361 55032566  227.278   62.282  55.398   28.250  -8.41  -1.59  0000
   38  -0.100  3921 55032567  227.460   61.401  55.604   28.397  -8.29  -1.47  0000
   39  -0.067  4479 55032568  227.405   60.299  55.897   28.505  -8.48  -1.66  0000
   40  -0.033  4109 55032569  227.430   59.482  56.106   28.601  -8.26  -1.44  0000
   41   0.000  4581 55032570  226.921   58.164  56.512   28.614  -8.59  -1.77  0000
   42   0.033  3572 55032571  226.688   57.347  56.754   28.643  -8.10  -1.28  0000
   43   0.067  2373 55032572  227.716   55.971  56.987   29.054  -7.00  -0.18  0000
