#
#   version : 20090611
#    num_fr : 14
#      time : 20140907 04:42:43.956 UTC
#      unix : 1410064963.956263
#       ntp : LOCK 420 680594 1259
#       seq : 50499783
#       mul : 0 [A]
#      site : 01
#    latlon : 45.5749 -94.3965 370.0
#      text : Collegeville
#     label : 
#     plate : metal_20100816_20100506-404-gd3
#      geom : 640 480
#    reject : 0
#
#  fr    time   sum     seq       cx       cy      th      phi    lsp    mag  flag
   29  -0.434  2443 50499770  362.810  351.336  29.732 -153.115  -6.05   0.77  0000
   30  -0.400  2849 50499771  365.935  351.315  30.128 -154.525  -6.34   0.48  0000
   32  -0.334  3437 50499773  369.482  351.829  30.724 -155.947  -6.86  -0.04  0000
   33  -0.300  3112 50499774  372.099  351.984  31.125 -157.017  -6.65   0.17  0000
   34  -0.267  4165 50499775  376.204  351.932  31.710 -158.718  -7.11  -0.29  0000
   35  -0.234  3551 50499776  379.520  351.339  32.082 -160.193  -6.95  -0.13  0000
   36  -0.200  4735 50499777  379.442  352.153  32.250 -159.946  -7.01  -0.19  0000
   37  -0.167  3809 50499778  382.259  352.103  32.679 -161.046  -7.21  -0.39  0000
   38  -0.133  3956 50499779  386.106  352.178  33.317 -162.464  -7.00  -0.18  0000
   39  -0.100  3128 50499780  388.028  352.871  33.784 -162.973  -7.17  -0.35  0000
   40  -0.067  3398 50499781  390.961  352.868  34.277 -164.013  -7.05  -0.23  0000
   41  -0.033  3785 50499782  392.429  352.241  34.398 -164.695  -7.07  -0.25  0000
   42   0.000  4797 50499783  395.857  352.189  34.989 -165.870  -7.14  -0.32  0000
   43   0.033  3950 50499784  398.013  352.784  35.497 -166.414  -6.72   0.10  0000
