#
#   version : 20090611
#    num_fr : 15
#      time : 20141024 07:38:07.866 UTC
#      unix : 1414136287.866529
#       ntp : LOCK -217 210529 1997
#       seq : 172514663
#       mul : 0 [A]
#      site : 01
#    latlon : 45.5749 -94.3965 370.0
#      text : Collegeville
#     label : 
#     plate : metal_20100816_20100506-404-gd3
#      geom : 640 480
#    reject : 0
#
#  fr    time   sum     seq       cx       cy      th      phi    lsp    mag  flag
   30  -0.400  2363 172514651  224.298   44.253  60.496   29.396  -6.05   0.77  0000
   31  -0.367  2042 172514652  225.272   42.851  60.752   29.770  -6.09   0.73  0000
   32  -0.334  2687 172514653  223.879   41.789  61.203   29.535  -6.02   0.80  0000
   33  -0.300  2847 172514654  225.699   40.041  61.454   30.141  -6.27   0.55  0000
   34  -0.267  2623 172514655  224.305   37.979  62.174   29.999  -5.90   0.92  0000
   35  -0.234  2850 172514656  224.987   36.851  62.397   30.266  -6.49   0.33  0000
   36  -0.200  2737 172514657  225.133   35.056  62.865   30.464  -6.54   0.28  0000
   37  -0.167  3460 172514658  224.282   33.115  63.491   30.438  -7.01  -0.19  0000
   38  -0.133  3630 172514659  224.170   31.826  63.854   30.526  -7.16  -0.34  0000
   39  -0.100  2686 172514660  224.614   30.379  64.197   30.757  -6.69   0.13  0000
   40  -0.067  3081 172514661  224.386   29.732  64.400   30.760  -6.40   0.42  0000
   41  -0.033  2889 172514662  225.680   27.775  64.786   31.229  -6.52   0.30  0000
   42   0.000  3742 172514663  225.079   25.392  65.510   31.290  -7.51  -0.69  0000
   43   0.033  3730 172514664  224.989   24.156  65.861   31.372  -7.36  -0.54  0000
   44   0.067  3568 172514665  225.075   23.011  66.167   31.486  -7.26  -0.44  0000
