#
#   version : 20090611
#    num_fr : 18
#      time : 20121006 02:45:17.623 UTC
#      unix : 1349491517.623683
#       ntp : LOCK -88 735965 565
#       seq : 108882473
#       mul : 0 [A]
#      site : 01
#    latlon : 45.5749 -94.3965 370.0
#      text : Collegeville
#     label : 
#     plate : metal_20100816_20100506-404-gd3
#      geom : 640 480
#    reject : 0
#
#  fr    time   sum     seq       cx       cy      th      phi    lsp    mag  flag
   30  -0.467  1824 108882459  111.861  216.675  56.014  -27.606  -5.65   1.17  0000
   31  -0.434  2354 108882460  110.880  218.376  56.226  -28.108  -6.63   0.19  0000
   32  -0.400  2550 108882461  112.044  222.626  55.713  -29.203  -6.65   0.17  0000
   33  -0.367  2648 108882462  110.522  224.982  56.076  -29.900  -7.16  -0.34  0000
   34  -0.334  3162 108882463  109.547  226.579  56.311  -30.366  -7.10  -0.28  0000
   35  -0.300  2518 108882464  110.235  230.723  55.987  -31.463  -7.05  -0.23  0000
   36  -0.267  2714 108882465  109.294  232.839  56.213  -32.062  -6.93  -0.11  0000
   37  -0.234  3003 108882466  109.987  236.419  55.933  -33.016  -7.19  -0.37  0000
   38  -0.200  2852 108882467  109.184  238.693  56.133  -33.650  -7.07  -0.25  0000
   39  -0.167  2805 108882468  107.905  242.108  56.468  -34.595  -6.74   0.08  0000
   40  -0.133  2756 108882469  108.321  246.357  56.312  -35.739  -6.94  -0.12  0000
   41  -0.100  2755 108882470  107.130  248.424  56.660  -36.306  -6.81   0.01  0000
   42  -0.067  2781 108882471  107.973  252.663  56.413  -37.447  -7.16  -0.34  0000
   43  -0.033  2787 108882472  107.322  254.817  56.618  -38.028  -7.01  -0.19  0000
   44   0.000  3175 108882473  107.374  258.187  56.634  -38.936  -7.36  -0.54  0000
   45   0.033  3140 108882474  107.648  262.317  56.612  -40.050  -7.16  -0.34  0000
   46   0.067  2899 108882475  106.928  264.478  56.866  -40.620  -7.08  -0.26  0000
   47   0.100  2961 108882476  106.311  268.355  57.137  -41.644  -6.80   0.02  0000
