#
#   version : 20090611
#    num_fr : 26
#      time : 20140516 03:50:26.440 UTC
#      unix : 1400212226.440167
#       ntp : LOCK 1990 150798 3623
#       seq : 136180997
#       mul : 0 [A]
#      site : 01
#    latlon : 45.5749 -94.3965 370.0
#      text : Collegeville
#     label : 
#     plate : metal_20100816_20100506-404-gd3
#      geom : 640 480
#    reject : 0
#
#  fr    time   sum     seq       cx       cy      th      phi    lsp    mag  flag
   29  -0.300  2842 136180988  414.873  214.444  29.085  125.529  -5.46   1.36  0000
   30  -0.267  3079 136180989  415.083  214.520  29.133  125.601  -6.68   0.14  0000
   31  -0.234  3418 136180990  414.778  216.301  28.907  126.425  -7.36  -0.54  0000
   32  -0.200  6250 136180991  414.566  216.448  28.840  126.462  -8.30  -1.48  0000
   33  -0.167  7514 136180992  414.881  217.900  28.808  127.233  -8.74  -1.92  0000
   34  -0.133  4486 136180993  416.282  218.762  29.108  127.875  -8.67  -1.85  0000
   35  -0.100  8124 136180994  415.954  220.052  28.928  128.467  -8.99  -2.17  0000
   36  -0.067  8322 136180995  416.254  220.475  28.976  128.720  -9.10  -2.28  0000
   37  -0.033  7614 136180996  417.315  221.963  29.154  129.607  -9.03  -2.21  0000
   38   0.000  8393 136180997  417.463  222.576  29.152  129.932  -9.07  -2.25  0000
   39   0.033  6445 136180998  417.495  224.453  29.042  130.874  -9.19  -2.37  0000
   40   0.067  7504 136180999  418.057  224.711  29.176  131.072  -9.25  -2.43  0000
   41   0.100  7129 136181000  418.667  226.713  29.222  132.145  -9.02  -2.20  0000
   42   0.133  5868 136181001  418.772  228.200  29.171  132.903  -8.81  -1.99  0000
   43   0.167  7130 136181002  418.886  228.743  29.174  133.189  -8.56  -1.74  0000
   44   0.200  3954 136181003  420.662  229.726  29.601  133.856  -7.89  -1.07  0000
   45   0.234  4750 136181004  420.317  230.881  29.455  134.400  -7.88  -1.06  0000
   46   0.267  4796 136181005  420.986  232.904  29.549  135.471  -7.78  -0.96  0000
   47   0.300  4333 136181006  421.014  233.847  29.519  135.946  -7.55  -0.73  0000
   48   0.334  3877 136181007  421.098  234.615  29.514  136.338  -7.37  -0.55  0000
   49   0.367  3319 136181008  421.596  235.851  29.605  136.994  -7.05  -0.23  0000
   50   0.400  4435 136181009  421.653  238.750  29.534  138.456  -7.37  -0.55  0000
   51   0.434  4905 136181010  421.748  238.735  29.560  138.454  -7.78  -0.96  0000
   52   0.467  3316 136181011  423.702  240.141  30.056  139.254  -7.17  -0.35  0000
   53   0.501  3849 136181012  423.660  242.025  30.006  140.189  -5.72   1.10  0000
   54   0.534  4025 136181013  423.835  242.098  30.052  140.233  -5.99   0.83  0000
