#
#   version : 20090611
#    num_fr : 15
#      time : 20151128 12:26:47.026 UTC
#      unix : 1448713607.026484
#       ntp : LOCK 5642 679607 7449
#       seq : 9894416
#       mul : 0 [A]
#      site : 01
#    latlon : 45.5749 -94.3965 370.0
#      text : Collegeville
#     label : 
#     plate : metal_20100816_20100506-404-gd3
#      geom : 640 480
#    reject : 0
#
#  fr    time   sum     seq       cx       cy      th      phi    lsp    mag  flag
   29  -0.434  2892 9894403  136.904  134.143  57.578   -4.190    nan    nan  0000
   31  -0.367  3710 9894405  137.098  131.851  57.890   -3.654    nan    nan  0000
   32  -0.334  3648 9894406  137.987  130.614  57.865   -3.246    nan    nan  0000
   33  -0.300  4010 9894407  138.230  130.461  57.829   -3.174  -4.72   2.10  0000
   34  -0.267  4151 9894408  138.825  129.339  57.863   -2.837  -6.66   0.16  0000
   35  -0.234  3101 9894409  138.817  129.213  57.885   -2.810  -6.30   0.52  0000
   36  -0.200  5354 9894410  139.606  128.386  57.825   -2.506  -7.30  -0.48  0000
   37  -0.167  5382 9894411  138.392  126.564  58.422   -2.307  -7.46  -0.64  0000
   38  -0.133  4595 9894412  138.551  126.200  58.443   -2.204  -6.99  -0.17  0000
   39  -0.100  5403 9894413  140.654  125.404  58.060   -1.697  -7.14  -0.32  0000
   40  -0.067  4522 9894414  140.573  125.251  58.105   -1.678  -6.70   0.12  0000
   41  -0.033  4171 9894415  139.340  123.569  58.687   -1.520  -7.10  -0.28  0000
   42   0.000  5950 9894416  139.738  122.706  58.735   -1.274  -6.50   0.32  0000
   43   0.033  4033 9894417  140.745  120.862  58.805   -0.725  -7.38  -0.56  0000
   44   0.067  3496 9894418  141.631  120.755  58.609   -0.557  -6.55   0.27  0000
