#
#   version : 20090611
#    num_fr : 19
#      time : 20151128 04:49:30.208 UTC
#      unix : 1448686170.208854
#       ntp : LOCK -7509 330912 4516
#       seq : 9072155
#       mul : 0 [A]
#      site : 01
#    latlon : 45.5749 -94.3965 370.0
#      text : Collegeville
#     label : 
#     plate : metal_20100816_20100506-404-gd3
#      geom : 640 480
#    reject : 0
#
#  fr    time   sum     seq       cx       cy      th      phi    lsp    mag  flag
   29  -0.634  2379 9072136  377.140  185.948  24.100  100.299  -6.20   0.62  0000
   31  -0.567  2730 9072138  380.859  185.040  24.999  101.483  -6.22   0.60  0000
   33  -0.501  3186 9072140  385.004  184.951  25.853  103.110  -6.50   0.32  0000
   34  -0.467  2751 9072141  386.324  184.065  26.277  103.233  -6.78   0.04  0000
   35  -0.434  3572 9072142  389.835  182.991  27.187  104.081  -7.23  -0.41  0000
   36  -0.400  3023 9072143  390.184  183.036  27.253  104.227  -6.75   0.07  0000
   37  -0.367  3345 9072144  392.776  182.970  27.809  105.118  -6.84  -0.02  0000
   38  -0.334  3486 9072145  394.132  182.063  28.247  105.206  -7.17  -0.35  0000
   39  -0.300  3590 9072146  394.767  182.227  28.355  105.490  -7.09  -0.27  0000
   40  -0.267  3362 9072147  397.985  180.947  29.254  106.032  -7.17  -0.35  0000
   41  -0.234  3516 9072148  400.977  181.004  29.892  107.005  -7.20  -0.38  0000
   42  -0.200  3105 9072149  401.274  180.274  30.074  106.805  -7.02  -0.20  0000
   43  -0.167  3539 9072150  404.209  179.915  30.773  107.556  -7.02  -0.20  0000
   44  -0.133  3686 9072151  405.540  179.252  31.171  107.691  -6.98  -0.16  0000
   45  -0.100  3698 9072152  408.052  179.038  31.761  108.334  -7.39  -0.57  0000
   46  -0.067  3708 9072153  410.836  178.816  32.417  109.026  -7.56  -0.74  0000
   47  -0.033  3448 9072154  411.984  178.023  32.797  109.038  -7.58  -0.76  0000
   48   0.000  3850 9072155  412.690  177.993  32.960  109.217  -6.94  -0.12  0000
   49   0.033  3163 9072156  416.021  177.096  33.850  109.760  -6.45   0.37  0000
