#
#   version : 20090611
#    num_fr : 15
#      time : 20110328 03:16:25.159 UTC
#      unix : 1301282185.159668
#       ntp : LOCK -4938 821651 1156
#       seq : 192310090
#       mul : 0 [A]
#      site : 01
#    latlon : 45.5749 -94.3965 370.0
#      text : Collegeville
#     label : 
#     plate : metal_20100816_20100506-404-gd3
#      geom : 640 480
#    reject : 0
#
#  fr    time   sum     seq       cx       cy      th      phi    lsp    mag  flag
   30  -0.300  1321 192310081  280.758  206.665  13.935   17.343  -5.86  -5.86  0000
   32  -0.234  1487 192310083  286.752  207.842  12.781   22.331  -6.17  -6.17  0000
   33  -0.200  1478 192310084  290.306  208.558  12.145   25.706  -6.21  -6.21  0000
   34  -0.167  1765 192310085  292.562  209.522  11.646   27.749  -6.55  -6.55  0000
   35  -0.133  1744 192310086  295.916  210.193  11.119   31.511  -6.72  -6.72  0000
   36  -0.100  1884 192310087  299.257  211.236  10.553   35.442  -6.76  -6.76  0000
   37  -0.067  1818 192310088  302.757  211.919  10.123   40.151  -6.80  -6.80  0000
   38  -0.033  1797 192310089  305.761  212.409   9.837   44.516  -6.82  -6.82  0000
   39   0.000  1906 192310090  310.458  213.448   9.442   51.769  -6.44  -6.44  0000
   40   0.033  1778 192310091  313.108  214.309   9.219   56.109  -6.43  -6.43  0000
   41   0.067  1681 192310092  315.344  215.340   8.995   59.972  -6.43  -6.43  0000
   42   0.100  1435 192310093  318.521  216.184   8.908   65.537  -6.54  -6.54  0000
   43   0.133  1592 192310094  322.217  217.415   8.852   72.202  -6.45  -6.45  0000
   44   0.167  1622 192310095  325.432  218.405   8.920   77.938  -6.48  -6.48  0000
   45   0.200  1471 192310096  328.603  218.208   9.339   82.533  -5.99  -5.99  0000
