#
#   version : 20090611
#    num_fr : 13
#      time : 20110328 08:54:27.770 UTC
#      unix : 1301302467.770378
#       ntp : LOCK -561 223871 2035
#       seq : 192917959
#       mul : 0 [A]
#      site : 01
#    latlon : 45.5749 -94.3965 370.0
#      text : Collegeville
#     label : 
#     plate : metal_20100816_20100506-404-gd3
#      geom : 640 480
#    reject : 0
#
#  fr    time   sum     seq       cx       cy      th      phi    lsp    mag  flag
   29  -0.367  1279 192917948  202.246  444.478  60.700  -95.787  -5.89  -5.89  0000
   30  -0.334  1606 192917949  202.257  446.270  61.153  -96.011  -6.09  -6.09  0000
   31  -0.300  1600 192917950  202.673  446.963  61.267  -96.188  -6.30  -6.30  0000
   32  -0.267  1866 192917951  203.049  448.745  61.666  -96.487  -6.94  -6.94  0000
   33  -0.234  1889 192917952  202.318  450.707  62.278  -96.559  -7.03  -7.03  0000
   34  -0.200  1987 192917953  202.684  451.975  62.550  -96.789  -6.84  -6.84  0000
   35  -0.167  2157 192917954  203.556  453.122  62.717  -97.114  -7.02  -7.02  0000
   36  -0.133  1886 192917955  202.562  454.909  63.327  -97.101  -7.05  -7.05  0000
   37  -0.100  2019 192917956  202.568  456.690  63.790  -97.305  -7.02  -7.02  0000
   38  -0.067  2070 192917957  203.616  458.604  64.136  -97.747  -6.67  -6.67  0000
   39  -0.033  2276 192917958  203.406  459.563  64.418  -97.807  -7.13  -7.13  0000
   40   0.000  6512 192917959  202.625  462.356  65.267  -97.943  -9.18  -9.18  0000
   41   0.033  2843 192917960  202.832  462.578  65.295  -98.011  -7.78  -7.78  0000
