#
#   version : 20090611
#    num_fr : 13
#      time : 20110328 03:13:41.229 UTC
#      unix : 1301282021.229743
#       ntp : LOCK -4990 736651 1156
#       seq : 192305177
#       mul : 0 [A]
#      site : 01
#    latlon : 45.5749 -94.3965 370.0
#      text : Collegeville
#     label : 
#     plate : metal_20100816_20100506-404-gd3
#      geom : 640 480
#    reject : 0
#
#  fr    time   sum     seq       cx       cy      th      phi    lsp    mag  flag
   30  -0.300  1173 192305168  326.243  185.128  17.239   66.726  -5.64  -5.64  0000
   31  -0.267  1163 192305169  327.016  183.800  17.624   67.125  -5.61  -5.61  0000
   32  -0.234  1634 192305170  329.977  183.655  17.858   69.569  -6.39  -6.39  0000
   33  -0.200  1784 192305171  330.854  182.723  18.157   70.070  -6.35  -6.35  0000
   34  -0.167  1741 192305172  331.864  181.862  18.450   70.678  -6.69  -6.69  0000
   36  -0.100  1794 192305174  335.121  179.945  19.196   72.728  -6.67  -6.67  0000
   37  -0.067  1947 192305175  336.211  179.490  19.404   73.428  -6.78  -6.78  0000
   38  -0.033  1995 192305176  338.275  179.120  19.687   74.847  -6.71  -6.71  0000
   39   0.000  2139 192305177  339.658  177.653  20.180   75.435  -6.81  -6.81  0000
   40   0.033  1828 192305178  340.727  177.651  20.288   76.185  -6.71  -6.71  0000
   41   0.067  1853 192305179  342.462  176.142  20.833   76.951  -6.49  -6.49  0000
   42   0.100  1971 192305180  344.575  175.359  21.250   78.136  -6.58  -6.58  0000
   43   0.133  1749 192305181  345.866  174.602  21.575   78.755  -6.59  -6.59  0000
