#
#   version : 20090611
#    num_fr : 14
#      time : 20130307 07:46:35.553 UTC
#      unix : 1362642395.553387
#       ntp : LOCK 2925 1027628 2004
#       seq : 104530140
#       mul : 0 [A]
#      site : 01
#    latlon : 45.5749 -94.3965 370.0
#      text : Collegeville
#     label : 
#     plate : metal_20100816_20100506-404-gd3
#      geom : 640 480
#    reject : 0
#
#  fr    time   sum     seq       cx       cy      th      phi    lsp    mag  flag
   30  -0.434  2645 104530127  331.930   10.867  64.848   58.178  -5.92   0.90  0000
   32  -0.367  2906 104530129  333.137    9.961  65.145   58.453  -6.80   0.02  0000
   33  -0.334  3302 104530130  334.048    9.044  65.439   58.653  -6.97  -0.15  0000
   34  -0.300  3619 104530131  334.229    8.613  65.571   58.686  -7.24  -0.42  0000
   35  -0.267  3605 104530132  335.047    7.937  65.792   58.868  -7.17  -0.35  0000
   36  -0.234  4161 104530133  336.050    7.068  66.078   59.088  -7.56  -0.74  0000
   37  -0.200  4009 104530134  337.741    7.246  66.077   59.503  -7.66  -0.84  0000
   38  -0.167  3757 104530135  338.921    6.670  66.285   59.772  -7.59  -0.77  0000
   39  -0.133  4848 104530136  338.362    5.809  66.521   59.611  -8.15  -1.33  0000
   40  -0.100  4256 104530137  339.439    5.210  66.733   59.852  -7.59  -0.77  0000
   41  -0.067  3135 104530138  341.360    5.429  66.735   60.321  -7.22  -0.40  0000
   42  -0.033  3558 104530139  342.067    4.860  66.929   60.471  -7.32  -0.50  0000
   43   0.000  6295 104530140  342.668    4.297  67.117   60.596  -8.78  -1.96  0000
   44   0.033  2278 104530141  343.312    4.178  67.177   60.746  -6.62   0.20  0000
