#
#   version : 20090611
#    num_fr : 14
#      time : 20120405 09:34:08.554 UTC
#      unix : 1333618448.554297
#       ntp : LOCK 215 309865 346
#       seq : 188525707
#       mul : 0 [A]
#      site : 01
#    latlon : 45.5749 -94.3965 370.0
#      text : Collegeville
#     label : 
#     plate : metal_20100816_20100506-404-gd3
#      geom : 640 480
#    reject : 0
#
#  fr    time   sum     seq       cx       cy      th      phi    lsp    mag  flag
   29  -0.267  2872 188525699  119.880  183.159  56.017  -18.175  -6.38   0.44  0000
   30  -0.234  3268 188525700  118.051  181.192  56.713  -17.845  -6.48   0.34  0000
   31  -0.200  4694 188525701  117.924  180.899  56.776  -17.783  -7.12  -0.30  0000
   32  -0.167  3213 188525702  117.712  178.822  57.033  -17.279  -7.14  -0.32  0000
   33  -0.133  4598 188525703  117.153  177.181  57.350  -16.922  -6.89  -0.07  0000
   34  -0.100  2482 188525704  116.844  176.694  57.484  -16.831  -6.88  -0.06  0000
   35  -0.067  4600 188525705  117.015  175.854  57.520  -16.605  -6.56   0.26  0000
   36  -0.033  3342 188525706  116.892  173.787  57.763  -16.106  -6.85  -0.03  0000
   37   0.000  5380 188525707  116.027  171.896  58.200  -15.730  -7.10  -0.28  0000
   38   0.033  4553 188525708  116.674  171.088  58.104  -15.466  -7.27  -0.45  0000
   39   0.067  4244 188525709  115.147  169.244  58.725  -15.177  -7.15  -0.33  0000
   40   0.100  4067 188525710  115.006  169.098  58.780  -15.156  -6.75   0.07  0000
   41   0.133  2590 188525711  115.157  167.055  58.960  -14.650  -6.49   0.33  0000
   42   0.167  3759 188525712  115.838  165.902  58.898  -14.301  -5.95   0.87  0000
