#
#   version : 20090611
#    num_fr : 27
#      time : 20130503 06:35:45.604 UTC
#      unix : 1367562945.604458
#       ntp : LOCK 603 298799 329
#       seq : 251997372
#       mul : 0 [A]
#      site : 01
#    latlon : 45.5749 -94.3965 370.0
#      text : Collegeville
#     label : 
#     plate : metal_20100816_20100506-404-gd3
#      geom : 640 480
#    reject : 0
#
#  fr    time   sum     seq       cx       cy      th      phi    lsp    mag  flag
   29  -0.534  2422 251997356  160.914  175.180  45.774  -11.026  -6.45   0.37  0000
   30  -0.500  2655 251997357  161.763  173.186  45.798  -10.306  -6.72   0.10  0000
   31  -0.467  2446 251997358  162.462  171.833  45.788   -9.799  -6.69   0.13  0000
   32  -0.434  2929 251997359  163.275  170.533  45.745   -9.288  -7.00  -0.18  0000
   33  -0.400  3285 251997360  164.505  168.660  45.676   -8.541  -7.41  -0.59  0000
   34  -0.367  3914 251997361  164.915  166.951  45.799   -7.978  -7.89  -1.07  0000
   35  -0.334  4073 251997362  165.436  165.259  45.896   -7.404  -8.01  -1.19  0000
   36  -0.300  4856 251997363  165.608  163.180  46.139   -6.782  -8.26  -1.44  0000
   37  -0.267  4711 251997364  167.093  161.555  45.999   -6.064  -8.34  -1.52  0000
   38  -0.234  4354 251997365  167.224  159.237  46.299   -5.392  -8.07  -1.25  0000
   39  -0.200  4290 251997366  167.707  157.774  46.394   -4.900  -8.21  -1.39  0000
   40  -0.167  5425 251997367  168.606  155.275  46.547   -4.050  -8.44  -1.62  0000
   41  -0.133  4775 251997368  169.571  154.001  46.507   -3.524  -8.39  -1.57  0000
   42  -0.100  5000 251997369  170.624  151.828  46.590   -2.739  -8.51  -1.69  0000
   43  -0.067  4608 251997370  170.752  149.942  46.855   -2.212  -8.50  -1.68  0000
   44  -0.033  5166 251997371  172.201  148.091  46.808   -1.441  -8.62  -1.80  0000
   45   0.000  5819 251997372  173.078  146.326  46.889   -0.806  -8.77  -1.95  0000
   46   0.033  5663 251997373  174.107  144.076  47.022   -0.018  -8.73  -1.91  0000
   47   0.067  5710 251997374  174.729  142.549  47.135    0.498  -8.81  -1.99  0000
   48   0.100  5610 251997375  175.516  139.818  47.422    1.349  -8.70  -1.88  0000
   49   0.133  5142 251997376  177.426  138.147  47.281    2.165  -8.39  -1.57  0000
   50   0.167  5264 251997377  177.709  136.505  47.507    2.629  -8.48  -1.66  0000
   51   0.200  4601 251997378  177.979  134.312  47.838    3.219  -8.21  -1.39  0000
   52   0.234  4141 251997379  178.828  131.653  48.133    4.036  -7.69  -0.87  0000
   53   0.267  3722 251997380  179.653  129.868  48.282    4.636  -7.73  -0.91  0000
   54   0.300  2958 251997381  181.154  127.931  48.319    5.416  -6.91  -0.09  0000
   56   0.367  2883 251997383  183.248  123.447  48.730    6.901  -6.87  -0.05  0000
