#
#   version : 20090611
#    num_fr : 13
#      time : 20131206 06:06:25.337 UTC
#      unix : 1386309985.337955
#       ntp : LOCK -392 616793 7237
#       seq : 261826690
#       mul : 0 [A]
#      site : 01
#    latlon : 45.5749 -94.3965 370.0
#      text : Collegeville
#     label : 
#     plate : metal_20100816_20100506-404-gd3
#      geom : 640 480
#    reject : 0
#
#  fr    time   sum     seq       cx       cy      th      phi    lsp    mag  flag
   30  -0.200  2100 261826684  222.363  270.920  24.618  -49.164  -6.17   0.65  0000
   31  -0.167  2763 261826685  224.270  272.405  24.202  -50.319  -7.23  -0.41  0000
   32  -0.133  3488 261826686  226.028  274.673  23.891  -51.959  -7.78  -0.96  0000
   33  -0.100  3461 261826687  227.637  276.855  23.632  -53.561  -8.12  -1.30  0000
   34  -0.067  3881 261826688  229.511  279.287  23.347  -55.402  -8.13  -1.31  0000
   35  -0.033  3880 261826689  231.013  281.938  23.202  -57.330  -8.33  -1.51  0000
   36   0.000  4054 261826690  232.939  284.161  22.934  -59.134  -8.13  -1.31  0000
   37   0.033  3550 261826691  234.707  286.448  22.736  -60.972  -8.02  -1.20  0000
   38   0.067  3747 261826692  237.405  288.690  22.331  -63.096  -8.06  -1.24  0000
   39   0.100  3277 261826693  238.247  290.987  22.409  -64.713  -7.92  -1.10  0000
   40   0.133  2929 261826694  241.088  293.726  22.095  -67.267  -7.50  -0.68  0000
   41   0.167  2732 261826695  243.094  296.855  22.074  -69.785  -7.41  -0.59  0000
   42   0.200  2580 261826696  245.938  298.120  21.624  -71.617  -6.92  -0.10  0000
