#
#   version : 20090611
#    num_fr : 21
#      time : 20131206 06:40:37.863 UTC
#      unix : 1386312037.863219
#       ntp : LOCK -2747 616032 6853
#       seq : 261888202
#       mul : 0 [A]
#      site : 01
#    latlon : 45.5749 -94.3965 370.0
#      text : Collegeville
#     label : 
#     plate : metal_20100816_20100506-404-gd3
#      geom : 640 480
#    reject : 0
#
#  fr    time   sum     seq       cx       cy      th      phi    lsp    mag  flag
   30  -0.300  2257 261888193  311.074   73.712  46.691   53.156  -6.20   0.62  0000
   31  -0.267  3080 261888194  312.014   70.975  47.450   53.463  -6.81   0.01  0000
   32  -0.234  3948 261888195  313.744   69.609  47.830   54.028  -7.91  -1.09  0000
   33  -0.200  4828 261888196  314.809   68.133  48.244   54.365  -8.39  -1.57  0000
   34  -0.167  5202 261888197  317.362   66.642  48.673   55.180  -8.43  -1.61  0000
   35  -0.133  5624 261888198  317.844   64.923  49.157   55.312  -8.62  -1.80  0000
   36  -0.100  6021 261888199  319.660   62.660  49.806   55.856  -8.76  -1.94  0000
   37  -0.067  6214 261888200  320.798   61.330  50.192   56.192  -8.92  -2.10  0000
   38  -0.033  7653 261888201  321.938   59.761  50.646   56.519  -9.45  -2.63  0000
   39   0.000  7711 261888202  324.007   57.719  51.252   57.116  -9.41  -2.59  0000
   40   0.033  7498 261888203  325.823   55.791  51.827   57.626  -9.32  -2.50  0000
   41   0.067  6083 261888204  327.855   53.971  52.381   58.193  -8.92  -2.10  0000
   42   0.100  6874 261888205  328.663   53.072  52.653   58.410  -9.23  -2.41  0000
   43   0.133  7385 261888206  330.665   51.350  53.188   58.955  -9.27  -2.45  0000
   44   0.167  7161 261888207  332.466   49.370  53.796   59.422  -9.13  -2.31  0000
   45   0.200  6333 261888208  334.769   47.669  54.346   60.035  -8.90  -2.08  0000
   46   0.234  6330 261888209  336.587   45.489  55.022   60.478  -8.77  -1.95  0000
   47   0.267  6550 261888210  338.050   44.104  55.465   60.842  -8.93  -2.11  0000
   48   0.300  6452 261888211  340.136   43.211  55.797   61.396  -8.74  -1.92  0000
   49   0.334  4249 261888212  342.020   40.841  56.543   61.823  -7.78  -0.96  0000
   50   0.367  2380 261888213  343.055   39.883  56.858   62.068  -6.49   0.33  0000
