#
#   version : 20090611
#    num_fr : 29
#      time : 20131206 04:30:17.486 UTC
#      unix : 1386304217.486186
#       ntp : LOCK -624 275990 8480
#       seq : 261653832
#       mul : 0 [A]
#      site : 01
#    latlon : 45.5749 -94.3965 370.0
#      text : Collegeville
#     label : 
#     plate : metal_20100816_20100506-404-gd3
#      geom : 640 480
#    reject : 0
#
#  fr    time   sum     seq       cx       cy      th      phi    lsp    mag  flag
   30  -0.901  2079 261653805  255.094  196.693  20.550    6.018  -5.95   0.87  0000
   31  -0.868  1882 261653806  256.263  195.444  20.542    7.277  -5.70   1.12  0000
   32  -0.834  1943 261653807  256.404  196.117  20.392    6.997  -6.14   0.68  0000
   34  -0.767  2219 261653809  257.803  194.127  20.486    8.769  -6.33   0.49  0000
   35  -0.734  2268 261653810  260.862  193.473  20.035   10.781  -6.51   0.31  0000
   36  -0.701  2336 261653811  260.846  193.499  20.033   10.758  -6.68   0.14  0000
   37  -0.667  2292 261653812  261.002  192.593  20.180   11.298  -6.69   0.13  0000
   38  -0.634  2554 261653813  261.292  191.555  20.330   11.971  -6.65   0.17  0000
   39  -0.601  2584 261653814  263.906  191.404  19.896   13.560  -6.95  -0.13  0000
   40  -0.567  2764 261653815  264.791  190.546  19.917   14.495  -6.86  -0.04  0000
   41  -0.534  2280 261653816  265.651  190.015  19.880   15.262  -6.64   0.18  0000
   42  -0.501  2438 261653817  266.157  189.473  19.908   15.820  -6.98  -0.16  0000
   43  -0.467  2636 261653818  266.382  188.747  20.022   16.286  -7.04  -0.22  0000
   44  -0.434  2593 261653819  267.735  188.223  19.912   17.354  -6.96  -0.14  0000
   45  -0.400  2771 261653820  268.131  187.165  20.075   18.062  -7.29  -0.47  0000
   46  -0.367  2752 261653821  270.750  186.804  19.748   19.881  -6.95  -0.13  0000
   47  -0.334  2891 261653822  271.071  186.022  19.872   20.412  -7.49  -0.67  0000
   48  -0.300  2857 261653823  271.318  185.017  20.057   20.976  -7.45  -0.63  0000
   49  -0.267  2960 261653824  272.533  184.584  19.978   21.939  -7.11  -0.29  0000
   50  -0.234  2895 261653825  272.981  184.047  20.035   22.440  -7.19  -0.37  0000
   51  -0.200  2810 261653826  275.345  182.994  19.951   24.406  -7.04  -0.22  0000
   52  -0.167  2655 261653827  275.973  182.594  19.961   24.973  -6.86  -0.04  0000
   53  -0.133  2529 261653828  277.331  181.618  20.014   26.235  -6.90  -0.08  0000
   54  -0.100  2475 261653829  278.074  181.255  20.007   26.867  -7.05  -0.23  0000
   55  -0.067  2501 261653830  278.680  180.645  20.077   27.484  -6.64   0.18  0000
   56  -0.033  3062 261653831  280.798  179.066  20.208   29.441  -7.51  -0.69  0000
   57   0.000  3254 261653832  281.281  178.865  20.203   29.837  -7.70  -0.88  0000
   58   0.033  3070 261653833  282.046  177.908  20.351   30.646  -7.47  -0.65  0000
   59   0.067  2473 261653834  282.580  177.481  20.398   31.138  -7.07  -0.25  0000
