#
#   version : 20090611
#    num_fr : 23
#      time : 20140312 10:38:16.887 UTC
#      unix : 1394620696.887742
#       ntp : LOCK 845 738285 1770
#       seq : 19437697
#       mul : 0 [A]
#      site : 01
#    latlon : 45.5749 -94.3965 370.0
#      text : Collegeville
#     label : 
#     plate : metal_20100816_20100506-404-gd3
#      geom : 640 480
#    reject : 0
#
#  fr    time   sum     seq       cx       cy      th      phi    lsp    mag  flag
   30  -0.367  1909 19437686  488.315  449.423  73.638 -167.278  -6.15   0.67  0000
   31  -0.334  1791 19437687  488.251  450.792  73.938 -167.066  -6.07   0.75  0000
   32  -0.300  1836 19437688  487.745  450.415  73.745 -167.042  -6.14   0.68  0000
   33  -0.267  2413 19437689  488.942  451.666  74.285 -167.047  -6.80   0.02  0000
   34  -0.234  2669 19437690  488.844  451.408  74.205 -167.069  -6.91  -0.09  0000
   35  -0.200  3046 19437691  489.660  452.288  74.579 -167.069  -7.41  -0.59  0000
   36  -0.167  3377 19437692  489.986  452.962  74.804 -167.022  -7.60  -0.78  0000
   37  -0.133  4374 19437693  490.402  453.125  74.929 -167.063  -8.23  -1.41  0000
   38  -0.100  4136 19437694  490.692  453.365  75.046 -167.073  -8.20  -1.38  0000
   39  -0.067  4669 19437695  490.750  453.632  75.120 -167.043  -8.43  -1.61  0000
   40  -0.033  6687 19437696  491.117  454.169  75.322 -167.022  -9.12  -2.30  0000
   41   0.000  8194 19437697  492.111  455.047  75.736 -167.049  -9.35  -2.53  0000
   42   0.033  7665 19437698  491.938  455.551  75.816 -166.950  -9.36  -2.54  0000
   43   0.067  7785 19437699  492.189  455.947  75.961 -166.932  -9.47  -2.65  0000
   44   0.100  6942 19437700  492.268  456.125  76.020 -166.919  -9.32  -2.50  0000
   45   0.133  6029 19437701  492.564  455.895  76.029 -166.997  -8.93  -2.11  0000
   46   0.167  6144 19437702  493.785  456.649  76.465 -167.076  -8.78  -1.96  0000
   47   0.200  5470 19437703  494.114  457.209  76.665 -167.046  -8.65  -1.83  0000
   48   0.234  7203 19437704  494.503  457.450  76.804 -167.071  -9.17  -2.35  0000
   49   0.267  5314 19437705  494.571  458.041  76.956 -166.997  -8.68  -1.86  0000
   50   0.300  5664 19437706  494.692  458.288  77.040 -166.980  -8.74  -1.92  0000
   51   0.334  3013 19437707  494.781  458.420  77.090 -166.975  -7.36  -0.54  0000
   52   0.367  1951 19437708  494.786  458.620  77.137 -166.948  -6.18   0.64  0000
