#
#   version : 20090611
#    num_fr : 13
#      time : 20140312 09:55:48.291 UTC
#      unix : 1394618148.291153
#       ntp : LOCK 736 994233 2010
#       seq : 19361318
#       mul : 0 [A]
#      site : 01
#    latlon : 45.5749 -94.3965 370.0
#      text : Collegeville
#     label : 
#     plate : metal_20100816_20100506-404-gd3
#      geom : 640 480
#    reject : 0
#
#  fr    time   sum     seq       cx       cy      th      phi    lsp    mag  flag
   29  -0.400  2673 19361306  519.267  345.847  62.812  168.945  -6.40   0.42  0000
   30  -0.367  3236 19361307  520.505  345.363  63.093  168.713  -6.92  -0.10  0000
   31  -0.334  3589 19361308  523.148  345.096  63.787  168.397  -7.10  -0.28  0000
   32  -0.300  4278 19361309  523.410  345.068  63.856  168.366  -7.64  -0.82  0000
   33  -0.267  4741 19361310  526.462  345.090  64.702  168.083  -7.81  -0.99  0000
   34  -0.234  4422 19361311  526.495  344.784  64.676  168.012  -7.85  -1.03  0000
   35  -0.200  4747 19361312  527.910  344.262  65.008  167.766  -8.18  -1.36  0000
   36  -0.167  4982 19361313  528.531  344.021  65.153  167.656  -8.33  -1.51  0000
   37  -0.133  4977 19361314  530.845  343.827  65.777  167.406  -8.21  -1.39  0000
   38  -0.100  3590 19361315  531.674  343.274  65.946  167.211  -7.36  -0.54  0000
   39  -0.067  3776 19361316  534.891  342.904  66.810  166.851  -7.51  -0.69  0000
   40  -0.033  4346 19361317  534.705  342.544  66.717  166.789  -7.50  -0.68  0000
   41   0.000  6172 19361318  536.997  342.249  67.332  166.531  -8.70  -1.88  0000
