#
#   version : 20090611
#    num_fr : 18
#      time : 20101202 06:32:09.107 UTC
#      unix : 1291271529.107548
#       ntp : LOCK 3365 540630 2172
#       seq : 3848478
#       mul : 0 [A]
#      site : 01
#    latlon : 45.5749 -94.3965 370.0
#      text : Collegeville
#     label : 
#     plate : metal_20100816_20100506-404-gd3
#      geom : 640 480
#    reject : 0
#
#  fr    time   sum     seq       cx       cy      th      phi    lsp    mag  flag
   30  -0.334  2152 3848468  481.211  465.391  75.942 -163.892  -6.50  -6.50  0000
   32  -0.267  2190 3848470  480.947  468.324  76.605 -163.457  -6.31  -6.31  0000
   33  -0.234  2583 3848471  480.935  468.552  76.658 -163.425  -6.80  -6.80  0000
   34  -0.200  2380 3848472  479.757  469.129  76.567 -163.159  -6.57  -6.57  0000
   35  -0.167  2192 3848473  480.940  470.620  77.169 -163.153  -6.31  -6.31  0000
   36  -0.133  2512 3848474  480.531  471.050  77.194 -163.031  -6.81  -6.81  0000
   37  -0.100  3352 3848475  480.566  471.543  77.323 -162.972  -7.59  -7.59  0000
   38  -0.067  4795 3848476  479.790  473.170  77.575 -162.636  -8.49  -8.49  0000
   39  -0.033  5801 3848477  479.873  473.766  77.740 -162.573  -8.86  -8.86  0000
   40   0.000  5803 3848478  479.332  474.399  77.792 -162.404  -8.85  -8.85  0000
   41   0.033  5255 3848479  479.180  474.751  77.851 -162.335  -8.59  -8.59  0000
   42   0.067  5091 3848480  479.315  475.478  78.059 -162.263  -8.61  -8.61  0000
   43   0.100  4373 3848481  479.170  475.931  78.145 -162.182  -8.29  -8.29  0000
   44   0.133  4813 3848482  479.052  476.358  78.229 -162.109  -8.49  -8.49  0000
   45   0.167  4181 3848483  479.035  476.754  78.326 -162.056  -8.42  -8.42  0000
   46   0.200  3324 3848484  479.572  477.309  78.570 -162.072  -8.04  -8.04  0000
   47   0.234  2294 3848485  479.388  477.951  78.697 -161.962  -7.86  -7.86  0000
   49   0.300  2514 3848487  479.583  478.009  78.749 -161.986  -7.86  -7.86  0000
