#
#   version : 20090611
#    num_fr : 53
#      time : 20101202 05:55:56.059 UTC
#      unix : 1291269356.059101
#       ntp : LOCK 886 332569 2342
#       seq : 3783352
#       mul : 0 [A]
#      site : 01
#    latlon : 45.5749 -94.3965 370.0
#      text : Collegeville
#     label : 
#     plate : metal_20100816_20100506-404-gd3
#      geom : 640 480
#    reject : 0
#
#  fr    time   sum     seq       cx       cy      th      phi    lsp    mag  flag
   29  -0.868  2039 3783326  132.695  159.721  55.059  -10.799  -6.14  -6.14  0000
   30  -0.834  1797 3783327  131.202  161.615  55.222  -11.461  -5.60  -5.60  0000
   31  -0.801  2104 3783328  131.076  164.781  54.873  -12.268  -6.24  -6.24  0000
   32  -0.767  2026 3783329  130.441  165.786  54.925  -12.599  -6.03  -6.03  0000
   33  -0.734  1978 3783330  129.787  168.482  54.790  -13.361  -5.51  -5.51  0000
   34  -0.701  2257 3783331  129.127  172.192  54.556  -14.387  -6.49  -6.49  0000
   35  -0.667  2448 3783332  128.517  173.960  54.533  -14.911  -6.78  -6.78  0000
   36  -0.634  2736 3783333  127.389  176.299  54.597  -15.641  -7.16  -7.16  0000
   37  -0.601  2782 3783334  126.471  177.975  54.679  -16.175  -7.21  -7.21  0000
   38  -0.567  2743 3783335  126.121  180.689  54.507  -16.920  -7.18  -7.18  0000
   39  -0.534  3140 3783336  125.536  182.336  54.512  -17.412  -7.33  -7.33  0000
   40  -0.501  3364 3783337  125.814  185.008  54.186  -18.090  -7.58  -7.58  0000
   41  -0.467  3266 3783338  124.187  188.117  54.364  -19.071  -7.67  -7.67  0000
   42  -0.434  3771 3783339  123.454  189.962  54.412  -19.630  -7.98  -7.98  0000
   43  -0.400  3476 3783340  122.843  192.470  54.378  -20.354  -7.84  -7.84  0000
   44  -0.367  3927 3783341  121.964  194.542  54.462  -20.984  -7.99  -7.99  0000
   45  -0.334  4029 3783342  121.990  198.007  54.194  -21.917  -8.21  -8.21  0000
   46  -0.300  3690 3783343  121.067  199.933  54.319  -22.511  -8.17  -8.17  0000
   47  -0.267  4696 3783344  120.039  202.604  54.431  -23.311  -8.40  -8.40  0000
   48  -0.234  5665 3783345  119.858  205.137  54.319  -24.014  -8.72  -8.72  0000
   49  -0.200  4153 3783346  119.342  208.191  54.282  -24.883  -8.22  -8.22  0000
   50  -0.167  4488 3783347  118.712  210.064  54.356  -25.436  -8.37  -8.37  0000
   51  -0.133  4765 3783348  118.012  212.866  54.408  -26.247  -8.47  -8.47  0000
   52  -0.100  5400 3783349  118.049  215.819  54.249  -27.059  -8.76  -8.76  0000
   53  -0.067  4899 3783350  117.115  218.240  54.409  -27.775  -8.48  -8.48  0000
   54  -0.033  5288 3783351  116.481  220.568  54.494  -28.448  -8.68  -8.68  0000
   55   0.000  6423 3783352  115.905  223.680  54.541  -29.334  -9.07  -9.07  0000
   56   0.033  5438 3783353  115.751  226.200  54.499  -30.038  -8.65  -8.65  0000
   57   0.067  5714 3783354  114.942  229.643  54.630  -31.021  -8.92  -8.92  0000
   58   0.100  6327 3783355  114.478  231.841  54.708  -31.645  -9.06  -9.06  0000
   59   0.133  5892 3783356  114.325  235.274  54.674  -32.601  -8.93  -8.93  0000
   60   0.167  6054 3783357  113.548  237.899  54.855  -33.347  -9.00  -9.00  0000
   61   0.200  5613 3783358  113.187  240.247  54.926  -34.004  -8.79  -8.79  0000
   62   0.234  5903 3783359  113.092  242.565  54.927  -34.648  -9.01  -9.01  0000
   63   0.267  5502 3783360  112.334  245.739  55.126  -35.535  -8.82  -8.82  0000
   64   0.300  5805 3783361  112.185  248.532  55.160  -36.308  -8.86  -8.86  0000
   65   0.334  5424 3783362  111.954  251.423  55.229  -37.107  -8.84  -8.84  0000
   66   0.367  4796 3783363  111.560  253.891  55.355  -37.787  -8.56  -8.56  0000
   67   0.400  5501 3783364  111.877  256.854  55.284  -38.604  -8.87  -8.87  0000
   68   0.434  4400 3783365  111.087  260.174  55.558  -39.509  -8.46  -8.46  0000
   69   0.467  5361 3783366  111.015  262.665  55.619  -40.190  -8.61  -8.61  0000
   70   0.501  5009 3783367  110.988  265.601  55.686  -40.992  -8.60  -8.60  0000
   71   0.534  4874 3783368  110.595  268.260  55.865  -41.709  -8.48  -8.48  0000
   72   0.567  4898 3783369  110.828  271.944  55.899  -42.715  -8.51  -8.51  0000
   73   0.601  4092 3783370  109.924  274.451  56.247  -43.367  -8.23  -8.23  0000
   74   0.634  4154 3783371  111.071  276.806  55.993  -44.038  -8.08  -8.08  0000
   75   0.667  3500 3783372  110.246  280.101  56.366  -44.896  -7.93  -7.93  0000
   76   0.701  3805 3783373  109.812  283.014  56.620  -45.656  -7.80  -7.80  0000
   77   0.734  2730 3783374  109.475  285.898  56.856  -46.407  -7.39  -7.39  0000
   78   0.767  3071 3783375  109.509  289.036  57.007  -47.237  -7.29  -7.29  0000
   79   0.801  2741 3783376  109.587  292.181  57.159  -48.066  -6.97  -6.97  0000
   80   0.834  2374 3783377  109.267  294.848  57.411  -48.745  -6.71  -6.71  0000
   81   0.868  2267 3783378  108.741  296.499  57.667  -49.143  -6.31  -6.31  0000
