#
#   version : 20090611
#    num_fr : 17
#      time : 20101202 07:40:11.039 UTC
#      unix : 1291275611.039174
#       ntp : LOCK 1066 309287 1957
#       seq : 3970813
#       mul : 0 [A]
#      site : 01
#    latlon : 45.5749 -94.3965 370.0
#      text : Collegeville
#     label : 
#     plate : metal_20100816_20100506-404-gd3
#      geom : 640 480
#    reject : 0
#
#  fr    time   sum     seq       cx       cy      th      phi    lsp    mag  flag
   29  -0.434  1573 3970800  356.126  249.413  11.757  143.249  -5.82  -5.82  0000
   30  -0.400  1867 3970801  360.880  249.178  13.023  143.068  -6.58  -6.58  0000
   31  -0.367  1988 3970802  362.399  247.957  13.436  141.758  -6.71  -6.71  0000
   32  -0.334  2190 3970803  365.832  247.447  14.356  141.384  -6.81  -6.81  0000
   33  -0.300  2403 3970804  370.820  246.782  15.695  140.992  -7.14  -7.14  0000
   34  -0.267  2599 3970805  374.850  245.575  16.790  140.132  -7.23  -7.23  0000
   35  -0.234  2849 3970806  378.131  245.135  17.674  139.965  -7.38  -7.38  0000
   36  -0.200  3200 3970807  380.579  243.989  18.351  139.191  -7.83  -7.83  0000
   37  -0.167  3027 3970808  383.906  243.290  19.257  138.886  -7.89  -7.89  0000
   38  -0.133  3644 3970809  388.224  242.163  20.439  138.370  -8.14  -8.14  0000
   39  -0.100  3390 3970810  391.647  241.555  21.372  138.201  -8.14  -8.14  0000
   40  -0.067  4204 3970811  395.631  240.250  22.476  137.627  -8.51  -8.51  0000
   41  -0.033  4060 3970812  398.888  239.427  23.374  137.353  -8.36  -8.36  0000
   42   0.000  4448 3970813  403.286  238.326  24.589  137.022  -8.49  -8.49  0000
   43   0.033  3559 3970814  406.810  237.483  25.563  136.802  -8.16  -8.16  0000
   44   0.067  3193 3970815  410.804  236.716  26.663  136.677  -7.80  -7.80  0000
   45   0.100  2397 3970816  415.424  235.514  27.950  136.379  -7.15  -7.15  0000
