#
#   version : 20090611
#    num_fr : 17
#      time : 20131112 11:45:32.561 UTC
#      unix : 1384256732.561034
#       ntp : LOCK 6 539586 617
#       seq : 200292054
#       mul : 0 [A]
#      site : 01
#    latlon : 45.5749 -94.3965 370.0
#      text : Collegeville
#     label : 
#     plate : metal_20100816_20100506-404-gd3
#      geom : 640 480
#    reject : 0
#
#  fr    time   sum     seq       cx       cy      th      phi    lsp    mag  flag
   30  -0.434  1822 200292041  549.753  201.139  67.353  133.136  -6.25   0.57  0000
   31  -0.400  2020 200292042  550.751  199.616  67.741  132.841  -6.37   0.45  0000
   32  -0.367  2224 200292043  550.970  197.731  67.921  132.425  -6.91  -0.09  0000
   33  -0.334  2159 200292044  551.258  196.713  68.071  132.211  -6.75   0.07  0000
   34  -0.300  2662 200292045  551.852  195.166  68.347  131.896  -6.98  -0.16  0000
   35  -0.267  2796 200292046  551.961  193.178  68.510  131.457  -7.24  -0.42  0000
   36  -0.234  3001 200292047  552.170  191.197  68.707  131.028  -7.28  -0.46  0000
   37  -0.200  2502 200292048  553.307  189.189  69.187  130.649  -7.39  -0.57  0000
   38  -0.167  3040 200292049  554.263  187.878  69.567  130.417  -7.52  -0.70  0000
   39  -0.133  2939 200292050  554.360  185.986  69.735  130.009  -7.52  -0.70  0000
   40  -0.100  3004 200292051  554.880  184.607  69.994  129.740  -7.26  -0.44  0000
   41  -0.067  2682 200292052  555.671  182.964  70.356  129.433  -7.23  -0.41  0000
   42  -0.033  2974 200292053  555.100  181.253  70.320  129.028  -7.37  -0.55  0000
   43   0.000  3070 200292054  555.763  179.108  70.691  128.609  -7.35  -0.53  0000
   44   0.033  2560 200292055  556.520  177.268  71.069  128.266  -7.27  -0.45  0000
   45   0.067  3026 200292056  557.239  176.115  71.380  128.068  -7.43  -0.61  0000
   46   0.100  2092 200292057  557.365  175.033  71.510  127.848  -6.47   0.35  0000
