#
#   version : 20090611
#    num_fr : 13
#      time : 20131112 07:55:36.127 UTC
#      unix : 1384242936.127106
#       ntp : LOCK -48 289264 976
#       seq : 199878583
#       mul : 0 [A]
#      site : 01
#    latlon : 45.5749 -94.3965 370.0
#      text : Collegeville
#     label : 
#     plate : metal_20100816_20100506-404-gd3
#      geom : 640 480
#    reject : 0
#
#  fr    time   sum     seq       cx       cy      th      phi    lsp    mag  flag
   30  -0.334  2463 199878573   87.838  216.549  63.163  -28.635  -6.66   0.16  0000
   31  -0.300  2353 199878574   87.921  217.400  63.103  -28.837  -6.84  -0.02  0000
   32  -0.267  2730 199878575   87.151  218.661  63.285  -29.170  -7.53  -0.71  0000
   33  -0.234  3572 199878576   85.744  219.934  63.662  -29.527  -7.88  -1.06  0000
   34  -0.200  3816 199878577   85.372  220.958  63.737  -29.785  -8.10  -1.28  0000
   35  -0.167  4188 199878578   84.332  221.978  64.017  -30.064  -8.24  -1.42  0000
   36  -0.133  4821 199878579   83.767  224.057  64.119  -30.578  -8.64  -1.82  0000
   37  -0.100  5714 199878580   83.079  225.247  64.291  -30.882  -8.78  -1.96  0000
   38  -0.067  5525 199878581   82.514  226.433  64.428  -31.181  -8.73  -1.91  0000
   39  -0.033  6779 199878582   81.652  227.594  64.659  -31.480  -9.20  -2.38  0000
   40   0.000  8639 199878583   81.092  228.706  64.800  -31.758  -9.47  -2.65  0000
   41   0.033  3681 199878584   80.575  230.101  64.923  -32.101  -8.09  -1.27  0000
   42   0.067  4041 199878585   79.774  231.899  65.127  -32.544  -7.89  -1.07  0000
