#
#   version : 20090611
#    num_fr : 16
#      time : 20120819 08:03:30.240 UTC
#      unix : 1345363410.240462
#       ntp : LOCK -138 443538 223
#       seq : 21223837
#       mul : 0 [A]
#      site : 01
#    latlon : 45.5749 -94.3965 370.0
#      text : Collegeville
#     label : 
#     plate : metal_20100816_20100506-404-gd3
#      geom : 640 480
#    reject : 0
#
#  fr    time   sum     seq       cx       cy      th      phi    lsp    mag  flag
   29  -0.467  1946 21223823  477.878   50.101  71.463   94.278  -5.78   1.04  0000
   30  -0.434  1859 21223824  478.465   49.829  71.644   94.340  -5.99   0.83  0000
   33  -0.334  2060 21223827  480.434   47.873  72.492   94.396  -6.33   0.49  0000
   34  -0.300  2779 21223828  480.665   47.494  72.627   94.381  -6.94  -0.12  0000
   35  -0.267  2262 21223829  480.860   47.472  72.671   94.411  -6.73   0.09  0000
   36  -0.234  3052 21223830  481.638   46.819  72.980   94.450  -7.52  -0.70  0000
   37  -0.200  3619 21223831  481.716   46.390  73.095   94.402  -7.91  -1.09  0000
   38  -0.167  4107 21223832  481.916   46.023  73.221   94.384  -8.14  -1.32  0000
   39  -0.133  4242 21223833  482.282   45.432  73.432   94.362  -8.28  -1.46  0000
   40  -0.100  4158 21223834  482.675   45.047  73.602   94.373  -8.32  -1.50  0000
   41  -0.067  4588 21223835  483.074   44.309  73.854   94.336  -8.48  -1.66  0000
   42  -0.033  4097 21223836  482.493   43.815  73.851   94.169  -8.26  -1.44  0000
   43   0.000  9281 21223837  483.013   42.685  74.221   94.098  -9.76  -2.94  0000
   44   0.033  5779 21223838  482.767   43.338  74.018   94.148  -8.97  -2.15  0000
   45   0.067  2283 21223839  483.985   42.191  74.534   94.192  -6.53   0.29  0000
   46   0.100  2427 21223840  484.752   42.385  74.644   94.347  -6.80   0.02  0000
