#
#   version : 20090611
#    num_fr : 16
#      time : 20120819 05:21:52.670 UTC
#      unix : 1345353712.670166
#       ntp : LOCK 339 209393 288
#       seq : 20933205
#       mul : 0 [A]
#      site : 01
#    latlon : 45.5749 -94.3965 370.0
#      text : Collegeville
#     label : 
#     plate : metal_20100816_20100506-404-gd3
#      geom : 640 480
#    reject : 0
#
#  fr    time   sum     seq       cx       cy      th      phi    lsp    mag  flag
   29  -0.434  2828 20933192   42.290  226.925  77.070  -32.296  -6.23   0.59  0000
   31  -0.367  3188 20933194   41.521  228.806  77.274  -32.692  -6.15   0.67  0000
   32  -0.334  3232 20933195   40.069  230.778  77.704  -33.117  -7.15  -0.33  0000
   33  -0.300  3871 20933196   38.508  232.881  78.172  -33.567  -7.59  -0.77  0000
   34  -0.267  3973 20933197   37.619  234.015  78.443  -33.808  -7.57  -0.75  0000
   35  -0.234  4362 20933198   38.157  234.902  78.252  -33.977  -7.89  -1.07  0000
   36  -0.200  3844 20933199   37.210  236.058  78.544  -34.222  -7.92  -1.10  0000
   37  -0.167  4302 20933200   36.344  237.852  78.803  -34.591  -7.89  -1.07  0000
   38  -0.133  4582 20933201   36.441  239.848  78.748  -34.986  -7.93  -1.11  0000
   39  -0.100  5060 20933202   35.368  241.018  79.089  -35.231  -8.20  -1.38  0000
   40  -0.067  5570 20933203   34.363  242.674  79.407  -35.569  -8.69  -1.87  0000
   41  -0.033  4946 20933204   34.310  244.486  79.413  -35.927  -8.50  -1.68  0000
   42   0.000  6124 20933205   34.062  245.834  79.488  -36.195  -8.81  -1.99  0000
   43   0.033  5861 20933206   33.996  246.890  79.506  -36.404  -8.85  -2.03  0000
   44   0.067  5022 20933207   33.132  248.626  79.788  -36.751  -8.48  -1.66  0000
   45   0.100  4603 20933208   32.428  250.078  80.022  -37.040  -8.19  -1.37  0000
