#
#   version : 20090611
#    num_fr : 21
#      time : 20131012 09:24:14.482 UTC
#      unix : 1381569854.482116
#       ntp : LOCK -371 825597 920
#       seq : 119768184
#       mul : 0 [A]
#      site : 01
#    latlon : 45.5749 -94.3965 370.0
#      text : Collegeville
#     label : 
#     plate : metal_20100816_20100506-404-gd3
#      geom : 640 480
#    reject : 0
#
#  fr    time   sum     seq       cx       cy      th      phi    lsp    mag  flag
   30  -0.400  1319 119768172  469.644  321.151  46.755  168.168  -5.67   1.15  0000
   32  -0.334  1257 119768174  471.345  319.482  47.016  167.451  -5.87   0.95  0000
   35  -0.234  1600 119768177  474.716  316.886  47.627  166.266  -6.37   0.45  0000
   36  -0.200  1816 119768178  475.374  317.005  47.814  166.224  -6.39   0.43  0000
   37  -0.167  1765 119768179  476.071  315.889  47.884  165.812  -6.57   0.25  0000
   38  -0.133  1924 119768180  476.305  315.403  47.898  165.641  -6.99  -0.17  0000
   39  -0.100  2565 119768181  477.421  314.230  48.078  165.166  -7.45  -0.63  0000
   40  -0.067  2433 119768182  478.204  313.442  48.210  164.846  -7.55  -0.73  0000
   41  -0.033  3076 119768183  478.791  312.836  48.309  164.602  -7.72  -0.90  0000
   42   0.000  3651 119768184  480.379  311.862  48.643  164.145  -8.06  -1.24  0000
   43   0.033  3163 119768185  481.053  310.995  48.743  163.819  -8.06  -1.24  0000
   44   0.067  3415 119768186  481.994  309.976  48.904  163.422  -7.91  -1.09  0000
   45   0.100  3022 119768187  482.541  309.579  49.016  163.250  -8.03  -1.21  0000
   46   0.133  3452 119768188  483.987  308.294  49.294  162.730  -8.10  -1.28  0000
   47   0.167  3143 119768189  484.419  307.818  49.370  162.549  -8.07  -1.25  0000
   48   0.200  3068 119768190  484.822  306.613  49.377  162.156  -7.82  -1.00  0000
   49   0.234  2809 119768191  485.704  305.420  49.517  161.723  -7.44  -0.62  0000
   50   0.267  2364 119768192  487.637  305.028  50.014  161.437  -7.14  -0.32  0000
   51   0.300  2102 119768193  486.949  303.741  49.721  161.118  -6.71   0.11  0000
   52   0.334  1706 119768194  489.862  303.086  50.471  160.680  -6.28   0.54  0000
   53   0.367  1898 119768195  490.428  302.379  50.572  160.427  -6.19   0.63  0000
