#
#   version : 20090611
#    num_fr : 12
#      time : 20140820 06:26:13.894 UTC
#      unix : 1408515973.894068
#       ntp : LOCK -814 204707 417
#       seq : 4077469
#       mul : 0 [A]
#      site : 01
#    latlon : 45.5749 -94.3965 370.0
#      text : Collegeville
#     label : 
#     plate : metal_20100816_20100506-404-gd3
#      geom : 640 480
#    reject : 0
#
#  fr    time   sum     seq       cx       cy      th      phi    lsp    mag  flag
   29  -0.167  1740 4077464  351.538  268.735  11.590  168.587  -6.18   0.64  0000
   30  -0.133  1669 4077465  354.892  268.449  12.378  166.579  -6.36   0.46  0000
   31  -0.100  1722 4077466  356.077  267.665  12.595  165.186  -6.57   0.25  0000
   32  -0.067  2184 4077467  359.930  266.725  13.477  162.670  -6.84  -0.02  0000
   33  -0.033  2427 4077468  361.492  265.972  13.812  161.363  -7.32  -0.50  0000
   34   0.000  2533 4077469  364.450  264.440  14.460  158.950  -7.51  -0.69  0000
   35   0.033  2508 4077470  367.677  263.207  15.219  156.973  -7.45  -0.63  0000
   36   0.067  2363 4077471  369.747  261.998  15.694  155.419  -7.24  -0.42  0000
   37   0.100  2399 4077472  373.040  261.210  16.520  154.139  -7.18  -0.36  0000
   38   0.133  2260 4077473  374.640  259.622  16.876  152.518  -7.25  -0.43  0000
   39   0.167  2219 4077474  377.533  258.110  17.592  150.899  -7.16  -0.34  0000
   40   0.200  1737 4077475  381.081  257.018  18.506  149.693  -6.57   0.25  0000
