#
#   version : 20090611
#    num_fr : 14
#      time : 20120512 06:33:44.639 UTC
#      unix : 1336804424.639070
#       ntp : LOCK 203 619405 1938
#       seq : 284009439
#       mul : 0 [A]
#      site : 01
#    latlon : 45.5749 -94.3965 370.0
#      text : Collegeville
#     label : 
#     plate : metal_20100816_20100506-404-gd3
#      geom : 640 480
#    reject : 0
#
#  fr    time   sum     seq       cx       cy      th      phi    lsp    mag  flag
   30  -0.467  1785 284009425  414.459  420.087  53.277 -157.184  -6.15   0.67  0000
   31  -0.434  2054 284009426  414.387  422.065  53.744 -156.863  -6.41   0.41  0000
   33  -0.367  2244 284009428  415.211  426.440  54.933 -156.410  -6.67   0.15  0000
   34  -0.334  2362 284009429  414.811  428.368  55.346 -156.032  -6.67   0.15  0000
   35  -0.300  2585 284009430  415.296  430.701  55.992 -155.813  -6.96  -0.14  0000
   36  -0.267  2361 284009431  415.136  432.690  56.461 -155.494  -6.78   0.04  0000
   37  -0.234  2148 284009432  416.579  434.774  57.191 -155.544  -6.35   0.47  0000
   38  -0.200  2381 284009433  415.924  436.402  57.500 -155.166  -6.90  -0.08  0000
   39  -0.167  2117 284009434  415.728  438.986  58.120 -154.771  -6.61   0.21  0000
   40  -0.133  2186 284009435  416.199  440.637  58.603 -154.661  -6.48   0.34  0000
   41  -0.100  2358 284009436  416.151  442.387  59.038 -154.420  -6.60   0.22  0000
   42  -0.067  5086 284009437  416.564  444.434  59.617 -154.249  -8.51  -1.69  0000
   43  -0.033  5122 284009438  416.778  447.288  60.374 -153.934  -8.52  -1.70  0000
   44   0.000  5573 284009439  416.551  448.111  60.553 -153.779  -8.87  -2.05  0000
