#
#   version : 20090611
#    num_fr : 12
#      time : 20120913 05:32:11.547 UTC
#      unix : 1347514331.547167
#       ntp : LOCK -922 151209 563
#       seq : 49626760
#       mul : 0 [A]
#      site : 01
#    latlon : 45.5749 -94.3965 370.0
#      text : Collegeville
#     label : 
#     plate : metal_20100816_20100506-404-gd3
#      geom : 640 480
#    reject : 0
#
#  fr    time   sum     seq       cx       cy      th      phi    lsp    mag  flag
   29  -0.267  1775 49626752  391.223   42.212  59.867   74.969  -6.04   0.78  0000
   30  -0.234  2235 49626753  392.089   42.416  59.906   75.204  -6.69   0.13  0000
   31  -0.200  2654 49626754  395.202   42.583  60.205   75.988  -7.44  -0.62  0000
   32  -0.167  3930 49626755  397.569   42.446  60.510   76.552  -8.03  -1.21  0000
   33  -0.133  4382 49626756  397.987   42.152  60.637   76.623  -8.46  -1.64  0000
   34  -0.100  4919 49626757  401.142   42.474  60.921   77.418  -8.57  -1.75  0000
   35  -0.067  5322 49626758  401.982   42.266  61.077   77.597  -8.67  -1.85  0000
   36  -0.033  5003 49626759  404.748   42.544  61.341   78.285  -8.64  -1.82  0000
   37   0.000  7024 49626760  406.987   43.298  61.423   78.897  -9.16  -2.34  0000
   38   0.033  5881 49626761  408.452   42.703  61.765   79.174  -8.90  -2.08  0000
   39   0.067  5220 49626762  411.139   42.815  62.084   79.812  -8.68  -1.86  0000
   40   0.100  2552 49626763  411.995   43.728  61.958   80.114  -7.02  -0.20  0000
