#
#   version : 20090611
#    num_fr : 12
#      time : 20131123 08:44:23.943 UTC
#      unix : 1385196263.943269
#       ntp : LOCK 936 682416 3085
#       seq : 228449190
#       mul : 0 [A]
#      site : 01
#    latlon : 45.5749 -94.3965 370.0
#      text : Collegeville
#     label : 
#     plate : metal_20100816_20100506-404-gd3
#      geom : 640 480
#    reject : 0
#
#  fr    time   sum     seq       cx       cy      th      phi    lsp    mag  flag
   29  -0.434  2436 228449177  145.188  215.243  46.513  -25.239    nan    nan  0000
   30  -0.400  4113 228449178  145.003  215.097  46.573  -25.206  -6.51   0.31  0000
   31  -0.367  4576 228449179  145.069  217.214  46.441  -25.876  -7.04  -0.22  0000
   32  -0.334  3352 228449180  145.624  217.351  46.277  -25.883  -6.80   0.02  0000
   33  -0.300  3458 228449181  146.809  218.975  45.860  -26.329  -7.40  -0.58  0000
   34  -0.267  3835 228449182  146.884  219.091  45.833  -26.362  -7.37  -0.55  0000
   35  -0.234  4510 228449183  147.928  220.572  45.466  -26.778  -7.67  -0.85  0000
   36  -0.200  3720 228449184  148.030  221.173  45.409  -26.968  -7.58  -0.76  0000
   37  -0.167  3851 228449185  147.646  222.017  45.479  -27.268  -7.62  -0.80  0000
   38  -0.133  5209 228449186  148.327  223.069  45.240  -27.574  -6.96  -0.14  0000
   39  -0.100  4483 228449187  150.044  225.014  44.671  -28.122    nan    nan  0000
   42   0.000  5875 228449190  151.041  228.282  44.264  -29.168    nan    nan  0000
