#
#   version : 20090611
#    num_fr : 14
#      time : 20130804 08:30:40.219 UTC
#      unix : 1375605040.219055
#       ntp : LOCK 350 646253 759
#       seq : 45819311
#       mul : 0 [A]
#      site : 01
#    latlon : 45.5749 -94.3965 370.0
#      text : Collegeville
#     label : 
#     plate : metal_20100816_20100506-404-gd3
#      geom : 640 480
#    reject : 0
#
#  fr    time   sum     seq       cx       cy      th      phi    lsp    mag  flag
   29  -0.334  1738 45819301  304.308  197.697  13.678   45.432  -5.96   0.86  0000
   30  -0.300  1706 45819302  305.093  193.188  14.815   46.872  -6.60   0.22  0000
   31  -0.267  2257 45819303  307.062  191.162  15.287   49.059  -6.88  -0.06  0000
   32  -0.234  2352 45819304  308.043  187.753  16.155   50.232  -7.22  -0.40  0000
   33  -0.200  3109 45819305  308.796  185.263  16.794   51.044  -7.68  -0.86  0000
   34  -0.167  3399 45819306  309.972  183.049  17.360   52.162  -8.14  -1.32  0000
   35  -0.133  3614 45819307  311.468  179.777  18.209   53.484  -8.17  -1.35  0000
   36  -0.100  3396 45819308  312.808  177.105  18.910   54.571  -8.14  -1.32  0000
   37  -0.067  3513 45819309  314.514  174.657  19.563   55.874  -8.28  -1.46  0000
   38  -0.033  3757 45819310  315.693  171.651  20.365   56.669  -8.29  -1.47  0000
   39   0.000  4336 45819311  317.319  169.142  21.048   57.755  -8.41  -1.59  0000
   40   0.033  3958 45819312  318.755  165.938  21.918   58.596  -8.30  -1.48  0000
   41   0.067  3096 45819313  320.068  163.651  22.549   59.352  -7.58  -0.76  0000
   42   0.100  1670 45819314  320.718  161.648  23.092   59.649  -6.36   0.46  0000
