#
#   version : 20090611
#    num_fr : 14
#      time : 20130728 05:05:56.930 UTC
#      unix : 1374987956.930799
#       ntp : LOCK -319 188016 1236
#       seq : 27325999
#       mul : 0 [A]
#      site : 01
#    latlon : 45.5749 -94.3965 370.0
#      text : Collegeville
#     label : 
#     plate : metal_20100816_20100506-404-gd3
#      geom : 640 480
#    reject : 0
#
#  fr    time   sum     seq       cx       cy      th      phi    lsp    mag  flag
   29  -0.234  2060 27325992  506.972  115.991  64.976  110.322  -6.48   0.34  0000
   30  -0.200  2145 27325993  508.841  117.998  65.121  110.981  -6.40   0.42  0000
   31  -0.167  2049 27325994  509.713  118.551  65.253  111.211  -6.35   0.47  0000
   32  -0.133  2184 27325995  511.047  120.445  65.291  111.772  -6.82  -0.00  0000
   34  -0.067  2833 27325997  514.354  122.568  65.809  112.636  -7.23  -0.41  0000
   35  -0.033  2950 27325998  515.991  123.945  66.021  113.125  -7.46  -0.64  0000
   36   0.000  3076 27325999  517.209  125.243  66.141  113.543  -7.44  -0.62  0000
   37   0.033  2798 27326000  518.412  126.609  66.252  113.971  -7.46  -0.64  0000
   38   0.067  2908 27326001  519.852  128.310  66.379  114.496  -7.23  -0.41  0000
   39   0.100  2640 27326002  521.106  128.969  66.614  114.782  -7.09  -0.27  0000
   40   0.133  2432 27326003  521.563  130.512  66.512  115.154  -7.16  -0.34  0000
   41   0.167  2708 27326004  524.140  132.039  66.981  115.772  -7.21  -0.39  0000
   42   0.200  2573 27326005  524.772  133.431  66.955  116.132  -6.90  -0.08  0000
   43   0.234  1940 27326006  525.782  135.104  66.995  116.593  -6.26   0.56  0000
