#
#   version : 20090611
#    num_fr : 20
#      time : 20140127 11:55:57.113 UTC
#      unix : 1390823757.113792
#       ntp : LOCK -63 908959 302
#       seq : 397101094
#       mul : 0 [A]
#      site : 01
#    latlon : 45.5749 -94.3965 370.0
#      text : Collegeville
#     label : 
#     plate : metal_20100816_20100506-404-gd3
#      geom : 640 480
#    reject : 0
#
#  fr    time   sum     seq       cx       cy      th      phi    lsp    mag  flag
   29  -0.334  2105 397101084  251.395  434.550  51.981 -107.170  -6.01   0.81  0000
   30  -0.300  2521 397101085  252.944  435.271  52.030 -107.675  -6.78   0.04  0000
   31  -0.267  2627 397101086  255.094  436.545  52.180 -108.397  -6.96  -0.14  0000
   32  -0.234  2383 397101087  256.586  436.288  51.980 -108.802  -7.11  -0.29  0000
   33  -0.200  3084 397101088  258.147  436.829  51.994 -109.294  -7.59  -0.77  0000
   34  -0.167  3542 397101089  259.964  436.774  51.829 -109.814  -7.87  -1.05  0000
   35  -0.133  3984 397101090  261.772  437.345  51.840 -110.380  -8.19  -1.37  0000
   36  -0.100  4178 397101091  264.188  437.880  51.801 -111.121  -8.38  -1.56  0000
   37  -0.067  5787 397101092  265.726  438.177  51.769 -111.590  -8.98  -2.16  0000
   38  -0.033  5253 397101093  267.842  438.712  51.766 -112.244  -8.88  -2.06  0000
   39   0.000  7483 397101094  270.246  438.884  51.651 -112.960  -9.31  -2.49  0000
   40   0.033  7303 397101095  272.028  439.300  51.651 -113.510  -9.45  -2.63  0000
   41   0.067  7048 397101096  274.696  439.620  51.577 -114.316  -9.23  -2.41  0000
   42   0.100  7110 397101097  276.831  440.185  51.612 -114.978  -9.22  -2.40  0000
   43   0.133  7366 397101098  278.982  440.320  51.534 -115.624  -9.43  -2.61  0000
   44   0.167  6630 397101099  281.459  440.878  51.564 -116.387  -9.19  -2.37  0000
   45   0.200  7257 397101100  283.938  441.371  51.587 -117.147  -9.41  -2.59  0000
   46   0.234  7408 397101101  286.167  441.141  51.427 -117.805  -9.46  -2.64  0000
   47   0.267  5436 397101102  288.792  441.098  51.312 -118.592  -8.88  -2.06  0000
   48   0.300  4453 397101103  292.051  441.765  51.386 -119.593  -8.52  -1.70  0000
