#
#   version : 20090611
#    num_fr : 12
#      time : 20140315 02:39:18.101 UTC
#      unix : 1394851158.101319
#       ntp : LOCK 836 1098818 510
#       seq : 26344455
#       mul : 0 [A]
#      site : 01
#    latlon : 45.5749 -94.3965 370.0
#      text : Collegeville
#     label : 
#     plate : metal_20100816_20100506-404-gd3
#      geom : 640 480
#    reject : 0
#
#  fr    time   sum     seq       cx       cy      th      phi    lsp    mag  flag
   29  -0.367  3772 26344444  334.850  145.024  28.055   66.428  -5.54   1.28  0000
   32  -0.267  2840 26344447  341.053  145.761  28.282   69.820  -6.40   0.42  0000
   33  -0.234  3129 26344448  342.830  147.000  28.104   70.945  -6.28   0.54  0000
   34  -0.200  3441 26344449  345.951  146.874  28.397   72.545  -6.23   0.59  0000
   35  -0.167  3188 26344450  346.055  148.034  28.115   72.801  -6.60   0.22  0000
   36  -0.133  2664 26344451  349.151  148.256  28.344   74.434  -6.73   0.09  0000
   37  -0.100  3953 26344452  352.026  148.336  28.609   75.900  -6.18   0.64  0000
   38  -0.067  3896 26344453  354.956  149.140  28.722   77.519  -6.74   0.08  0000
   40   0.000  4178 26344455  357.250  149.924  28.789   78.810  -6.75   0.07  0000
   41   0.033  3998 26344456  360.948  151.044  28.962   80.844  -6.47   0.35  0000
   42   0.067  4058 26344457  364.780  151.213  29.410   82.675  -6.48   0.34  0000
   44   0.133  3351 26344459  367.306  152.083  29.548   84.046  -5.77   1.05  0000
