#
#   version : 20090611
#    num_fr : 17
#      time : 20140315 08:06:11.392 UTC
#      unix : 1394870771.392497
#       ntp : LOCK -304 141754 301
#       seq : 26932250
#       mul : 0 [A]
#      site : 01
#    latlon : 45.5749 -94.3965 370.0
#      text : Collegeville
#     label : 
#     plate : metal_20100816_20100506-404-gd3
#      geom : 640 480
#    reject : 0
#
#  fr    time   sum     seq       cx       cy      th      phi    lsp    mag  flag
   29  -0.434  3950 26932237  225.067  262.565  23.491  -44.383  -6.28   0.54  0000
   30  -0.400  3836 26932238  225.836  261.635  23.249  -43.863  -6.71   0.11  0000
   31  -0.367  4056 26932239  223.998  259.954  23.694  -42.665  -6.36   0.46  0000
   32  -0.334  4430 26932240  224.033  258.149  23.637  -41.537  -6.84  -0.02  0000
   33  -0.300  3552 26932241  222.195  256.178  24.096  -40.223  -7.24  -0.42  0000
   34  -0.267  2807 26932242  222.751  254.779  23.923  -39.377  -7.29  -0.47  0000
   35  -0.234  3072 26932243  221.423  253.021  24.266  -38.258  -6.96  -0.14  0000
   36  -0.200  3924 26932244  221.773  251.284  24.159  -37.194  -7.41  -0.59  0000
   37  -0.167  4779 26932245  220.116  248.967  24.612  -35.782  -7.60  -0.78  0000
   38  -0.133  3018 26932246  220.615  247.972  24.480  -35.171  -7.89  -1.07  0000
   39  -0.100  4364 26932247  218.465  245.291  25.093  -33.613  -7.77  -0.95  0000
   40  -0.067  3766 26932248  218.598  244.837  25.062  -33.340  -7.82  -1.00  0000
   41  -0.033  5005 26932249  216.833  242.890  25.577  -32.268  -7.86  -1.04  0000
   42   0.000  6298 26932250  217.249  241.706  25.488  -31.558  -8.15  -1.33  0000
   43   0.033  5371 26932251  216.940  239.923  25.617  -30.541  -8.14  -1.32  0000
   44   0.067  3667 26932252  216.162  238.176  25.881  -29.590  -7.54  -0.72  0000
   45   0.100  3700 26932253  214.416  235.951  26.432  -28.469  -6.82   0.00  0000
