#
#   version : 20090611
#    num_fr : 13
#      time : 20101103 06:37:27.061 UTC
#      unix : 1288766247.061314
#       ntp : LOCK -1004 493893 384
#       seq : 8503286
#       mul : 0 [A]
#      site : 01
#    latlon : 45.5749 -94.3965 370.0
#      text : Collegeville
#     label : 
#     plate : metal_20100816_20100506-404-gd3
#      geom : 640 480
#    reject : 0
#
#  fr    time   sum     seq       cx       cy      th      phi    lsp    mag  flag
   30  -0.200  3276 8503280  149.668    4.619  82.627   18.346  -7.26  -7.26  0000
   31  -0.167  4594 8503281  149.546    4.536  82.672   18.334  -8.07  -8.07  0000
   32  -0.133  5809 8503282  149.119    4.224  82.836   18.294  -8.49  -8.49  0000
   33  -0.100  6581 8503283  148.277    3.855  83.094   18.190  -8.77  -8.77  0000
   34  -0.067  8011 8503284  147.944    3.697  83.200   18.150  -9.20  -9.20  0000
   35  -0.033  8420 8503285  147.759    3.499  83.288   18.140  -9.28  -9.28  0000
   36   0.000  9141 8503286  147.091    3.471  83.423   18.031  -9.53  -9.53  0000
   37   0.033  8750 8503287  146.809    3.439  83.485   17.987  -9.41  -9.41  0000
   38   0.067  8312 8503288  146.534    3.271  83.583   17.958  -9.38  -9.38  0000
   39   0.100  8146 8503289  146.568    2.970  83.657   17.995  -9.32  -9.32  0000
   40   0.133  6716 8503290  145.923    2.878  83.805   17.897  -9.04  -9.04  0000
   41   0.167  4700 8503291  145.830    2.634  83.888   17.907  -8.29  -8.29  0000
   43   0.234  2098 8503293  145.151    2.979  83.927   17.758  -6.47  -6.47  0000
