#
#   version : 20090611
#    num_fr : 88
#      time : 20141020 08:31:59.461 UTC
#      unix : 1413793919.461695
#       ntp : LOCK -294 613924 2662
#       seq : 162254121
#       mul : 0 [A]
#      site : 01
#    latlon : 45.5749 -94.3965 370.0
#      text : Collegeville
#     label : 
#     plate : metal_20100816_20100506-404-gd3
#      geom : 640 480
#    reject : 0
#
#  fr    time   sum     seq       cx       cy      th      phi    lsp    mag  flag
   30  -1.602  1452 162254073  312.040  195.685  14.052   54.094  -5.82   1.00  0000
   31  -1.568  1538 162254074  311.275  193.310  14.672   53.274  -6.13   0.69  0000
   32  -1.535  1862 162254075  311.818  192.568  14.865   53.837  -6.45   0.37  0000
   33  -1.502  1932 162254076  310.776  191.552  15.133   52.778  -6.72   0.10  0000
   34  -1.468  1764 162254077  309.467  189.990  15.551   51.509  -6.86  -0.04  0000
   35  -1.435  2432 162254078  308.816  187.648  16.171   50.968  -7.12  -0.30  0000
   36  -1.401  2304 162254079  308.196  186.786  16.405   50.424  -7.30  -0.48  0000
   37  -1.368  2433 162254080  307.905  185.654  16.705   50.212  -7.51  -0.69  0000
   38  -1.335  2770 162254081  306.590  183.569  17.275   49.149  -7.55  -0.73  0000
   39  -1.301  2769 162254082  306.288  182.505  17.559   48.954  -7.74  -0.92  0000
   40  -1.268  3106 162254083  305.628  180.955  17.980   48.494  -7.78  -0.96  0000
   41  -1.235  3158 162254084  304.493  179.505  18.389   47.652  -7.98  -1.16  0000
   42  -1.201  3254 162254085  304.092  177.981  18.798   47.448  -7.94  -1.12  0000
   43  -1.168  3347 162254086  303.330  176.794  19.131   46.937  -7.95  -1.13  0000
   44  -1.134  3132 162254087  302.435  175.155  19.588   46.381  -7.92  -1.10  0000
   45  -1.101  3226 162254088  301.850  173.374  20.073   46.098  -7.93  -1.11  0000
   46  -1.068  3312 162254089  301.091  172.025  20.452   45.658  -8.02  -1.20  0000
   47  -1.034  3662 162254090  300.682  170.737  20.804   45.483  -8.11  -1.29  0000
   48  -1.001  3599 162254091  300.282  169.174  21.226   45.346  -8.13  -1.31  0000
   49  -0.968  3622 162254092  299.152  167.202  21.786   44.745  -8.16  -1.34  0000
   50  -0.934  4043 162254093  298.777  165.770  22.175   44.632  -8.29  -1.47  0000
   51  -0.901  4111 162254094  297.533  164.563  22.545   43.914  -8.51  -1.69  0000
   52  -0.868  4256 162254095  297.146  163.140  22.933   43.810  -8.38  -1.56  0000
   53  -0.834  3828 162254096  296.221  161.156  23.493   43.420  -8.31  -1.49  0000
   54  -0.801  4189 162254097  295.609  159.830  23.868   43.174  -8.41  -1.59  0000
   55  -0.767  4526 162254098  294.389  158.570  24.258   42.547  -8.54  -1.72  0000
   56  -0.734  4333 162254099  294.472  156.952  24.674   42.781  -8.54  -1.72  0000
   57  -0.701  4120 162254100  292.895  155.196  25.214   42.022  -8.40  -1.58  0000
   58  -0.667  4187 162254101  292.627  153.681  25.622   42.037  -8.35  -1.53  0000
   59  -0.634  4399 162254102  291.606  152.040  26.105   41.627  -8.50  -1.68  0000
   60  -0.601  4027 162254103  290.996  150.874  26.443   41.412  -8.51  -1.69  0000
   61  -0.567  4296 162254104  290.496  149.209  26.905   41.320  -8.44  -1.62  0000
   62  -0.534  3509 162254105  289.648  147.556  27.384   41.039  -8.18  -1.36  0000
   63  -0.501  4074 162254106  288.713  145.894  27.872   40.720  -8.33  -1.51  0000
   64  -0.467  3685 162254107  288.090  144.663  28.230   40.528  -8.35  -1.53  0000
   65  -0.434  3888 162254108  287.646  143.003  28.688   40.485  -8.27  -1.45  0000
   66  -0.400  3902 162254109  286.392  140.757  29.351   40.092  -8.28  -1.46  0000
   67  -0.367  4498 162254110  285.729  139.468  29.728   39.903  -8.48  -1.66  0000
   68  -0.334  4305 162254111  284.907  137.810  30.213   39.681  -8.52  -1.70  0000
   69  -0.300  4583 162254112  284.335  136.627  30.558   39.535  -8.63  -1.81  0000
   70  -0.267  4719 162254113  283.302  135.169  31.006   39.199  -8.56  -1.74  0000
   71  -0.234  5034 162254114  282.371  133.120  31.602   38.990  -8.57  -1.75  0000
   72  -0.200  4772 162254115  281.501  131.673  32.038   38.747  -8.57  -1.75  0000
   73  -0.167  5015 162254116  280.965  129.848  32.550   38.708  -8.75  -1.93  0000
   74  -0.133  4802 162254117  280.302  128.509  32.945   38.557  -8.66  -1.84  0000
   75  -0.100  4815 162254118  279.372  126.826  33.449   38.328  -8.53  -1.71  0000
   76  -0.067  4977 162254119  278.404  125.371  33.898   38.063  -8.66  -1.84  0000
   77  -0.033  4800 162254120  277.614  123.580  34.422   37.921  -8.62  -1.80  0000
   78   0.000  5196 162254121  277.215  122.503  34.731   37.870  -8.65  -1.83  0000
   79   0.033  5094 162254122  276.246  120.828  35.240   37.644  -8.69  -1.87  0000
   80   0.067  4826 162254123  275.661  119.100  35.734   37.591  -8.57  -1.75  0000
   81   0.100  4796 162254124  274.657  117.227  36.298   37.382  -8.60  -1.78  0000
   82   0.133  5168 162254125  274.107  116.249  36.595   37.265  -8.75  -1.93  0000
   83   0.167  5135 162254126  272.966  114.461  37.150   37.000  -8.74  -1.92  0000
   84   0.200  4623 162254127  272.405  112.880  37.606   36.951  -8.58  -1.76  0000
   85   0.234  4663 162254128  271.941  111.380  38.034   36.932  -8.53  -1.71  0000
   86   0.267  4895 162254129  270.855  109.902  38.506   36.668  -8.67  -1.85  0000
   87   0.300  4888 162254130  270.426  108.618  38.875   36.643  -8.72  -1.90  0000
   88   0.334  4404 162254131  269.150  106.722  39.474   36.361  -8.52  -1.70  0000
   89   0.367  4329 162254132  268.985  105.428  39.825   36.438  -8.38  -1.56  0000
   90   0.400  4349 162254133  267.814  104.043  40.284   36.149  -8.49  -1.67  0000
   91   0.434  4717 162254134  267.335  102.259  40.790   36.164  -8.65  -1.83  0000
   92   0.467  4617 162254135  266.050  100.865  41.263   35.844  -8.47  -1.65  0000
   93   0.501  4545 162254136  265.551   99.503  41.661   35.808  -8.48  -1.66  0000
   94   0.534  4614 162254137  265.011   97.807  42.151   35.795  -8.58  -1.76  0000
   95   0.567  4368 162254138  264.265   96.938  42.442   35.622  -8.52  -1.70  0000
   96   0.601  4610 162254139  263.784   95.355  42.898   35.619  -8.41  -1.59  0000
   97   0.634  4262 162254140  262.676   93.758  43.413   35.401  -8.40  -1.58  0000
   98   0.667  4269 162254141  262.207   92.823  43.699   35.337  -8.28  -1.46  0000
   99   0.701  3661 162254142  261.317   91.191  44.206   35.203  -8.18  -1.36  0000
  100   0.734  3925 162254143  260.855   89.621  44.659   35.209  -8.12  -1.30  0000
  101   0.767  3453 162254144  259.314   88.561  45.076   34.804  -7.93  -1.11  0000
  102   0.801  3014 162254145  259.255   86.915  45.513   34.954  -7.83  -1.01  0000
  103   0.834  3006 162254146  257.779   85.607  45.991   34.605  -7.56  -0.74  0000
  104   0.868  2957 162254147  257.584   84.981  46.174   34.605  -7.56  -0.74  0000
  105   0.901  3526 162254148  256.832   82.970  46.772   34.568  -8.07  -1.25  0000
  106   0.934  2739 162254149  256.155   81.754  47.155   34.474  -7.34  -0.52  0000
  107   0.968  2267 162254150  255.961   81.143  47.333   34.474  -6.92  -0.10  0000
  108   1.001  2502 162254151  254.238   79.373  47.962   34.111  -7.37  -0.55  0000
  109   1.034  2161 162254152  254.226   77.915  48.347   34.253  -6.82  -0.00  0000
  110   1.068  2230 162254153  253.761   77.145  48.594   34.186  -6.75   0.07  0000
  111   1.101  2296 162254154  252.365   75.433  49.179   33.928  -7.11  -0.29  0000
  112   1.134  2194 162254155  252.390   74.517  49.418   34.026  -6.83  -0.01  0000
  113   1.168  2195 162254156  251.117   73.506  49.808   33.742  -6.88  -0.06  0000
  114   1.201  1974 162254157  251.297   72.147  50.150   33.929  -6.72   0.10  0000
  115   1.235  1775 162254158  250.883   71.983  50.234   33.821  -6.15   0.67  0000
  116   1.268  1964 162254159  249.587   69.741  50.953   33.655  -6.79   0.03  0000
  117   1.301  2030 162254160  249.069   69.367  51.103   33.540  -6.39   0.43  0000
