#
#   version : 20090611
#    num_fr : 12
#      time : 20121022 05:44:20.024 UTC
#      unix : 1350884660.024563
#       ntp : LOCK 748 630859 570
#       seq : 150634587
#       mul : 0 [A]
#      site : 01
#    latlon : 45.5749 -94.3965 370.0
#      text : Collegeville
#     label : 
#     plate : metal_20100816_20100506-404-gd3
#      geom : 640 480
#    reject : 0
#
#  fr    time   sum     seq       cx       cy      th      phi    lsp    mag  flag
   30  -0.167  1842 150634582  215.351  187.267  30.761   -4.254  -5.86   0.96  0000
   31  -0.133  1974 150634583  217.372  188.085  30.172   -4.037  -6.24   0.58  0000
   32  -0.100  1969 150634584  219.465  190.180  29.385   -4.337  -6.44   0.38  0000
   33  -0.067  2252 150634585  221.189  192.603  28.639   -4.904  -6.99  -0.17  0000
   34  -0.033  2679 150634586  224.034  193.940  27.786   -4.678  -7.02  -0.20  0000
   35   0.000  2959 150634587  225.966  195.840  27.069   -4.981  -7.27  -0.45  0000
   36   0.033  2453 150634588  228.104  196.483  26.480   -4.632  -6.97  -0.15  0000
   37   0.067  2593 150634589  230.976  198.811  25.485   -4.863  -7.14  -0.32  0000
   38   0.100  2764 150634590  233.186  200.420  24.746   -4.960  -7.31  -0.49  0000
   39   0.133  2703 150634591  235.881  202.134  23.881   -4.955  -7.20  -0.38  0000
   40   0.167  2247 150634592  237.415  204.323  23.223   -5.615  -6.79   0.03  0000
   41   0.200  1688 150634593  240.969  206.217  22.135   -5.433  -5.84   0.98  0000
