#
#   version : 20090611
#    num_fr : 12
#      time : 20160117 08:54:35.574 UTC
#      unix : 1453020875.574379
#       ntp : LOCK 1385 158355 1769
#       seq : 9742995
#       mul : 0 [A]
#      site : 01
#    latlon : 45.5749 -94.3965 370.0
#      text : Collegeville
#     label : 
#     plate : metal_20100816_20100506-404-gd3
#      geom : 640 480
#    reject : 0
#
#  fr    time   sum     seq       cx       cy      th      phi    lsp    mag  flag
   29  -0.167  2166 9742990  145.901  159.790  51.593   -8.997  -5.82   1.00  0000
   30  -0.133  2538 9742991  144.950  161.206  51.654   -9.502  -6.33   0.49  0000
   31  -0.100  2854 9742992  144.041  162.037  51.783   -9.849  -7.18  -0.36  0000
   32  -0.067  3308 9742993  143.770  163.556  51.660  -10.284  -7.40  -0.58  0000
   33  -0.033  3269 9742994  143.030  164.526  51.732  -10.641  -7.65  -0.83  0000
   34   0.000  3613 9742995  142.106  165.603  51.842  -11.050  -7.71  -0.89  0000
   35   0.033  3490 9742996  141.791  166.285  51.841  -11.273  -7.87  -1.05  0000
   36   0.067  3462 9742997  141.032  167.591  51.884  -11.719  -7.75  -0.93  0000
   37   0.100  3281 9742998  140.703  168.015  51.920  -11.874  -7.44  -0.62  0000
   38   0.133  2775 9742999  140.142  169.745  51.865  -12.407  -6.76   0.06  0000
   39   0.167  2671 9743000  139.768  170.878  51.833  -12.757  -6.55   0.27  0000
   40   0.200  2479 9743001  138.983  171.973  51.918  -13.148  -6.02   0.80  0000
