#
#   version : 20090611
#    num_fr : 14
#      time : 20160117 06:17:38.291 UTC
#      unix : 1453011458.291720
#       ntp : LOCK -1556 551807 1235
#       seq : 9460765
#       mul : 0 [A]
#      site : 01
#    latlon : 45.5749 -94.3965 370.0
#      text : Collegeville
#     label : 
#     plate : metal_20100816_20100506-404-gd3
#      geom : 640 480
#    reject : 0
#
#  fr    time   sum     seq       cx       cy      th      phi    lsp    mag  flag
   29  -0.367  3520 9460754  562.780  122.416  79.050  117.947  -7.32  -0.50  0000
   30  -0.334  3934 9460755  563.119  122.886  79.082  118.064  -7.39  -0.57  0000
   31  -0.300  3559 9460756  563.520  123.148  79.162  118.149  -7.24  -0.42  0000
   32  -0.267  3487 9460757  564.800  124.482  79.349  118.510  -7.08  -0.26  0000
   33  -0.234  3828 9460758  565.185  125.000  79.390  118.639  -7.27  -0.45  0000
   34  -0.200  3675 9460759  565.173  124.733  79.423  118.590  -7.33  -0.51  0000
   35  -0.167  3739 9460760  566.644  125.722  79.717  118.904  -7.34  -0.52  0000
   36  -0.133  3821 9460761  566.768  126.413  79.660  119.040  -7.45  -0.63  0000
   37  -0.100  4065 9460762  567.327  127.469  79.682  119.283  -7.60  -0.78  0000
   38  -0.067  3756 9460763  567.729  127.768  79.760  119.373  -7.37  -0.55  0000
   39  -0.033  3845 9460764  567.707  128.234  79.692  119.456  -7.43  -0.61  0000
   40   0.000  5167 9460765  569.041  129.320  79.941  119.772  -8.20  -1.38  0000
   41   0.033  4770 9460766  569.282  129.694  79.963  119.861  -7.85  -1.03  0000
   43   0.100  4663 9460768  569.903  130.623  80.025  120.085  -7.95  -1.13  0000
