#
#   version : 20090611
#    num_fr : 20
#      time : 20120305 02:14:02.545 UTC
#      unix : 1330913642.545235
#       ntp : LOCK 108 168314 561
#       seq : 107462613
#       mul : 0 [A]
#      site : 01
#    latlon : 45.5749 -94.3965 370.0
#      text : Collegeville
#     label : 
#     plate : metal_20100816_20100506-404-gd3
#      geom : 640 480
#    reject : 0
#
#  fr    time   sum     seq       cx       cy      th      phi    lsp    mag  flag
   29  -0.534  2841 107462597  387.252  384.131  40.729 -155.614  -6.38   0.44  0000
   30  -0.501  2194 107462598  388.107  385.466  41.165 -155.641  -6.63   0.19  0000
   31  -0.467  3018 107462599  389.763  387.056  41.774 -155.875  -6.83  -0.01  0000
   32  -0.434  3478 107462600  389.378  387.926  41.925 -155.592  -6.76   0.06  0000
   33  -0.400  3417 107462601  391.191  388.880  42.407 -155.988  -6.87  -0.05  0000
   34  -0.367  2643 107462602  391.231  389.263  42.504 -155.930  -6.99  -0.17  0000
   35  -0.334  2575 107462603  391.830  390.914  42.980 -155.816  -6.93  -0.11  0000
   36  -0.300  2462 107462604  393.725  391.937  43.492 -156.212  -6.98  -0.16  0000
   37  -0.267  2901 107462605  394.175  392.306  43.644 -156.282  -7.10  -0.28  0000
   38  -0.234  3106 107462606  395.710  393.755  44.208 -156.482  -6.99  -0.17  0000
   39  -0.200  3484 107462607  396.009  394.380  44.399 -156.460  -7.02  -0.20  0000
   41  -0.133  3152 107462609  397.143  396.226  45.001 -156.467  -7.06  -0.24  0000
   42  -0.100  3132 107462610  397.105  397.928  45.400 -156.158  -6.53   0.29  0000
   43  -0.067  2718 107462611  397.735  398.196  45.555 -156.295  -6.86  -0.04  0000
   44  -0.033  2382 107462612  399.777  398.968  46.035 -156.749  -6.34   0.48  0000
   45   0.000  3711 107462613  399.203  400.077  46.215 -156.393  -6.37   0.45  0000
   46   0.033  2888 107462614  400.922  402.119  46.952 -156.532  -6.32   0.50  0000
   47   0.067  3266 107462615  401.157  402.820  47.153 -156.479  -6.52   0.30  0000
   51   0.200  3372 107462619  405.822  406.298  48.672 -157.175  -6.22   0.60  0000
   52   0.234  2647 107462620  405.163  406.967  48.732 -156.886  -6.22   0.60  0000
