#
#   version : 20090611
#    num_fr : 13
#      time : 20160207 08:06:19.317 UTC
#      unix : 1454832379.317717
#       ntp : LOCK -416 135172 612
#       seq : 3902122
#       mul : 0 [A]
#      site : 01
#    latlon : 45.5749 -94.3965 370.0
#      text : Collegeville
#     label : 
#     plate : metal_20100816_20100506-404-gd3
#      geom : 640 480
#    reject : 0
#
#  fr    time   sum     seq       cx       cy      th      phi    lsp    mag  flag
   30  -0.167  1967 3902117  267.084  318.443  21.439  -92.221  -6.39   0.43  0000
   31  -0.133  1955 3902118  270.616  319.344  21.119  -94.691  -6.38   0.44  0000
   32  -0.100  2170 3902119  273.946  321.365  21.126  -97.480  -6.68   0.14  0000
   33  -0.067  2671 3902120  277.683  323.029  21.051 -100.417  -7.53  -0.71  0000
   34  -0.033  2636 3902121  281.362  324.190  20.916 -103.190  -7.66  -0.84  0000
   35   0.000  2722 3902122  284.581  326.219  21.091 -105.886  -7.62  -0.80  0000
   36   0.033  2694 3902123  289.404  328.071  21.139 -109.597  -7.34  -0.52  0000
   37   0.067  2637 3902124  294.170  329.151  21.083 -113.117  -7.40  -0.58  0000
   38   0.100  2672 3902125  297.841  330.836  21.317 -115.934  -7.36  -0.54  0000
   39   0.133  2573 3902126  302.362  332.795  21.645 -119.299  -7.35  -0.53  0000
   40   0.167  2511 3902127  305.803  334.486  21.997 -121.794  -6.91  -0.09  0000
   41   0.200  1855 3902128  308.362  335.548  22.234 -123.592  -6.65   0.17  0000
   42   0.234  2118 3902129  314.618  337.422  22.716 -127.834  -6.33   0.49  0000
