#
#   version : 20090611
#    num_fr : 36
#      time : 20101126 05:44:34.870 UTC
#      unix : 1290750274.870681
#       ntp : LOCK 2021 519691 442
#       seq : 3720220
#       mul : 0 [A]
#      site : 01
#    latlon : 45.5749 -94.3965 370.0
#      text : Collegeville
#     label : 
#     plate : metal_20100816_20100506-404-gd3
#      geom : 640 480
#    reject : 0
#
#  fr    time   sum     seq       cx       cy      th      phi    lsp    mag  flag
   29  -0.968  2627 3720191  295.824  304.941  14.833 -109.468  -6.24  -6.24  0000
   30  -0.934  2667 3720192  296.093  304.797  14.777 -109.692  -6.59  -6.59  0000
   31  -0.901  2776 3720193  296.539  304.525  14.675 -110.059  -6.64  -6.64  0000
   32  -0.868  2849 3720194  298.696  304.879  14.613 -112.315  -6.93  -6.93  0000
   33  -0.834  3288 3720195  298.836  304.742  14.570 -112.424  -7.22  -7.22  0000
   34  -0.801  3042 3720196  299.863  304.391  14.417 -113.393  -7.41  -7.41  0000
   35  -0.767  3457 3720197  300.084  304.195  14.354 -113.578  -7.55  -7.55  0000
   36  -0.734  3261 3720198  300.514  304.243  14.342 -114.034  -7.44  -7.44  0000
   37  -0.701  3521 3720199  302.055  304.458  14.315 -115.680  -7.68  -7.68  0000
   38  -0.667  3632 3720200  302.775  304.108  14.191 -116.374  -7.76  -7.76  0000
   39  -0.634  3739 3720201  303.216  303.972  14.136 -116.818  -7.83  -7.83  0000
   40  -0.601  3771 3720202  303.818  304.120  14.149 -117.480  -7.97  -7.97  0000
   41  -0.567  4167 3720203  305.593  304.316  14.135 -119.397  -7.96  -7.96  0000
   42  -0.534  4071 3720204  306.152  304.115  14.066 -119.973  -8.14  -8.14  0000
   43  -0.501  4341 3720205  306.628  304.052  14.036 -120.479  -8.15  -8.15  0000
   44  -0.467  4234 3720206  307.114  303.967  14.001 -120.996  -8.18  -8.18  0000
   45  -0.434  4505 3720207  309.226  303.943  13.955 -123.285  -8.22  -8.22  0000
   46  -0.400  3922 3720208  310.028  304.095  13.985 -124.161  -8.23  -8.23  0000
   47  -0.367  4303 3720209  310.364  303.932  13.940 -124.522  -8.20  -8.20  0000
   48  -0.334  4552 3720210  310.906  303.500  13.824 -125.108  -8.35  -8.35  0000
   49  -0.300  4364 3720211  312.988  303.797  13.901 -127.386  -8.30  -8.30  0000
   50  -0.267  4630 3720212  313.460  303.669  13.871 -127.906  -8.24  -8.24  0000
   51  -0.234  4634 3720213  314.046  303.477  13.827 -128.557  -8.39  -8.39  0000
   52  -0.200  5809 3720214  316.001  303.809  13.944 -130.667  -8.82  -8.82  0000
   53  -0.167  5594 3720215  316.715  303.633  13.915 -131.460  -8.64  -8.64  0000
   54  -0.133  5564 3720216  317.315  303.561  13.912 -132.118  -8.71  -8.71  0000
   55  -0.100  5804 3720217  318.793  302.938  13.797 -133.809  -8.87  -8.87  0000
   56  -0.067  5231 3720218  320.158  303.050  13.879 -135.271  -8.60  -8.60  0000
   57  -0.033  4897 3720219  320.888  303.097  13.924 -136.048  -8.47  -8.47  0000
   58   0.000  6530 3720220  322.025  302.777  13.897 -137.331  -9.01  -9.01  0000
   59   0.033  5340 3720221  323.282  303.182  14.069 -138.576  -8.65  -8.65  0000
   60   0.067  5413 3720222  324.394  302.851  14.052 -139.825  -8.57  -8.57  0000
   61   0.100  5296 3720223  325.744  302.395  14.027 -141.358  -8.64  -8.64  0000
   62   0.133  4559 3720224  327.058  302.826  14.231 -142.589  -8.38  -8.38  0000
   63   0.167  3601 3720225  327.779  302.489  14.203 -143.428  -7.76  -7.76  0000
   64   0.200  2764 3720226  328.611  302.296  14.223 -144.336  -6.88  -6.88  0000
