#
#   version : 20090611
#    num_fr : 17
#      time : 20130726 08:06:00.902 UTC
#      unix : 1374825960.902933
#       ntp : LOCK 546 652804 726
#       seq : 22471089
#       mul : 0 [A]
#      site : 01
#    latlon : 45.5749 -94.3965 370.0
#      text : Collegeville
#     label : 
#     plate : metal_20100816_20100506-404-gd3
#      geom : 640 480
#    reject : 0
#
#  fr    time   sum     seq       cx       cy      th      phi    lsp    mag  flag
   29  -0.434  2330 22471076  407.336  271.942  26.128  156.764  -4.90   1.92  0000
   31  -0.367  2959 22471078  412.830  267.433  27.364  153.706  -6.85  -0.03  0000
   32  -0.334  3391 22471079  414.797  264.988  27.794  152.236  -7.42  -0.60  0000
   33  -0.300  4182 22471080  417.299  263.203  28.408  151.123  -7.73  -0.91  0000
   34  -0.267  4876 22471081  418.716  261.355  28.736  150.081  -8.33  -1.51  0000
   35  -0.234  4228 22471082  420.456  259.762  29.169  149.179  -8.37  -1.55  0000
   36  -0.200  5878 22471083  421.660  257.943  29.458  148.207  -8.89  -2.07  0000
   37  -0.167  6289 22471084  425.155  255.883  30.378  147.080  -8.84  -2.02  0000
   38  -0.133  6012 22471085  427.422  253.807  30.975  146.026  -8.70  -1.88  0000
   39  -0.100  6686 22471086  428.524  251.768  31.264  145.035  -9.07  -2.25  0000
   40  -0.067  6412 22471087  430.498  249.731  31.801  144.065  -9.04  -2.22  0000
   41  -0.033  6537 22471088  433.529  247.718  32.638  143.151  -8.87  -2.05  0000
   42   0.000  6798 22471089  435.527  245.279  33.205  142.070  -9.10  -2.28  0000
   43   0.033  6091 22471090  436.778  243.714  33.566  141.394  -8.98  -2.16  0000
   44   0.067  5527 22471091  439.888  241.741  34.450  140.611  -8.60  -1.78  0000
   45   0.100  3904 22471092  441.040  239.819  34.803  139.816  -7.80  -0.98  0000
   46   0.133  2943 22471093  442.436  238.247  35.222  139.197  -6.57   0.25  0000
