#
#   version : 20090611
#    num_fr : 13
#      time : 20130511 08:00:41.234 UTC
#      unix : 1368259241.234288
#       ntp : LOCK -176 906892 157
#       seq : 272865165
#       mul : 0 [A]
#      site : 01
#    latlon : 45.5749 -94.3965 370.0
#      text : Collegeville
#     label : 
#     plate : metal_20100816_20100506-404-gd3
#      geom : 640 480
#    reject : 0
#
#  fr    time   sum     seq       cx       cy      th      phi    lsp    mag  flag
   30  -0.400  1664 272865153  496.042  100.010  65.084  105.607  -5.93   0.89  0000
   31  -0.367  1630 272865154  496.390   98.988  65.354  105.469  -5.93   0.89  0000
   33  -0.300  2507 272865156  498.193   97.943  65.972  105.550  -6.89  -0.07  0000
   34  -0.267  2811 272865157  501.060   97.053  66.817  105.818  -7.49  -0.67  0000
   35  -0.234  2550 272865158  501.443   96.756  66.963  105.820  -7.47  -0.65  0000
   36  -0.200  4397 272865159  501.913   96.060  67.203  105.762  -8.40  -1.58  0000
   37  -0.167  3666 272865160  504.033   95.635  67.789  105.999  -8.05  -1.23  0000
   38  -0.133  3441 272865161  504.713   95.385  67.998  106.053  -8.11  -1.29  0000
   39  -0.100  3513 272865162  505.597   94.668  68.342  106.052  -8.06  -1.24  0000
   40  -0.067  3244 272865163  506.462   93.950  68.683  106.048  -7.87  -1.05  0000
   41  -0.033  3674 272865164  506.958   93.714  68.846  106.078  -7.89  -1.07  0000
   42   0.000  7632 272865165  508.246   92.651  69.353  106.073  -9.79  -2.97  0000
   43   0.033  6093 272865166  509.126   92.155  69.657  106.111  -9.20  -2.38  0000
