#
#   version : 20090611
#    num_fr : 12
#      time : 20120521 08:40:03.036 UTC
#      unix : 1337589603.036565
#       ntp : LOCK 15 312642 625
#       seq : 307541241
#       mul : 0 [A]
#      site : 01
#    latlon : 45.5749 -94.3965 370.0
#      text : Collegeville
#     label : 
#     plate : metal_20100816_20100506-404-gd3
#      geom : 640 480
#    reject : 0
#
#  fr    time   sum     seq       cx       cy      th      phi    lsp    mag  flag
   30  -0.133  1450 307541237  149.972  225.095  44.689  -28.153  -6.39   0.43  0000
   31  -0.100  1919 307541238  150.758  224.202  44.504  -27.811  -6.37   0.45  0000
   32  -0.067  1789 307541239  151.671  223.158  44.291  -27.407  -6.58   0.24  0000
   33  -0.033  2173 307541240  151.099  221.747  44.516  -26.969  -6.84  -0.02  0000
   34   0.000  2201 307541241  151.952  220.204  44.350  -26.398  -6.68   0.14  0000
   35   0.033  1981 307541242  153.186  219.453  44.041  -26.063  -6.76   0.06  0000
   36   0.067  1966 307541243  153.965  217.574  43.921  -25.376  -6.81   0.01  0000
   37   0.100  1704 307541244  154.306  215.832  43.922  -24.764  -6.38   0.44  0000
   38   0.133  1804 307541245  155.101  214.477  43.779  -24.247  -6.32   0.50  0000
   39   0.167  1645 307541246  156.240  213.736  43.507  -23.904  -6.25   0.57  0000
   40   0.200  1608 307541247  157.187  211.948  43.356  -23.220  -6.02   0.80  0000
   42   0.267  1329 307541249  157.887  209.690  43.311  -22.395  -4.13   2.69  0000
