#
#   version : 20090611
#    num_fr : 19
#      time : 20140129 11:16:27.087 UTC
#      unix : 1390994187.087279
#       ntp : LOCK -3465 371755 2623
#       seq : 402208751
#       mul : 0 [A]
#      site : 01
#    latlon : 45.5749 -94.3965 370.0
#      text : Collegeville
#     label : 
#     plate : metal_20100816_20100506-404-gd3
#      geom : 640 480
#    reject : 0
#
#  fr    time   sum     seq       cx       cy      th      phi    lsp    mag  flag
   29  -0.400  1912 402208739  136.600   57.344  72.341    9.653  -4.91   1.91  0000
   31  -0.334  2609 402208741  137.808   54.133  72.802   10.314  -5.98   0.84  0000
   32  -0.300  3008 402208742  137.928   52.675  73.107   10.539  -6.63   0.19  0000
   33  -0.267  3322 402208743  139.509   51.106  73.128   11.025  -7.31  -0.49  0000
   34  -0.234  3712 402208744  140.010   50.528  73.154   11.190  -7.30  -0.48  0000
   35  -0.200  3098 402208745  141.763   48.892  73.163   11.713  -7.40  -0.58  0000
   36  -0.167  3621 402208746  141.665   47.168  73.584   11.931  -7.67  -0.85  0000
   37  -0.133  4491 402208747  142.725   45.928  73.653   12.280  -8.19  -1.37  0000
   38  -0.100  4612 402208748  143.147   44.804  73.829   12.502  -8.39  -1.57  0000
   39  -0.067  4544 402208749  144.086   43.545  73.933   12.831  -8.26  -1.44  0000
   40  -0.033  4714 402208750  144.411   41.599  74.328   13.143  -8.34  -1.52  0000
   41   0.000  5175 402208751  145.463   40.599  74.352   13.454  -8.47  -1.65  0000
   42   0.033  4990 402208752  146.340   39.192  74.512   13.788  -8.46  -1.64  0000
   43   0.067  4887 402208753  147.383   37.498  74.710   14.185  -8.39  -1.57  0000
   44   0.100  4983 402208754  147.747   36.018  74.997   14.435  -8.56  -1.74  0000
   45   0.133  4649 402208755  149.089   34.898  75.003   14.810  -8.29  -1.47  0000
   46   0.167  3772 402208756  149.508   33.752  75.201   15.025  -7.91  -1.09  0000
   47   0.200  3244 402208757  151.250   31.999  75.292   15.546  -7.06  -0.24  0000
   48   0.234  2540 402208758  151.998   31.191  75.346   15.776  -6.25   0.57  0000
