#
#   version : 20090611
#    num_fr : 41
#      time : 20130321 07:44:49.400 UTC
#      unix : 1363851889.400053
#       ntp : LOCK -130 238221 201
#       seq : 140778318
#       mul : 0 [A]
#      site : 01
#    latlon : 45.5749 -94.3965 370.0
#      text : Collegeville
#     label : 
#     plate : metal_20100816_20100506-404-gd3
#      geom : 640 480
#    reject : 0
#
#  fr    time   sum     seq       cx       cy      th      phi    lsp    mag  flag
   30  -1.068  1907 140778286  124.850  138.674  59.978   -6.934  -5.74   1.08  0000
   31  -1.034  3084 140778287  125.088  137.078  60.150   -6.552  -6.59   0.23  0000
   32  -1.001  3218 140778288  125.733  135.451  60.224   -6.108  -6.86  -0.04  0000
   33  -0.968  3608 140778289  125.110  132.878  60.772   -5.641  -7.39  -0.57  0000
   34  -0.934  4143 140778290  125.365  130.978  60.996   -5.200  -7.69  -0.87  0000
   35  -0.901  3903 140778291  125.842  129.623  61.083   -4.845  -7.94  -1.12  0000
   36  -0.868  4726 140778292  126.851  127.589  61.144   -4.272  -8.11  -1.29  0000
   37  -0.834  4779 140778293  127.193  125.525  61.386   -3.792  -8.24  -1.42  0000
   38  -0.801  5222 140778294  126.799  123.326  61.840   -3.396  -8.31  -1.49  0000
   39  -0.767  5411 140778295  127.330  121.762  61.961   -2.997  -8.34  -1.52  0000
   40  -0.734  4821 140778296  127.478  119.846  62.239   -2.587  -8.52  -1.70  0000
   41  -0.701  5907 140778297  128.765  117.900  62.243   -2.002  -8.69  -1.87  0000
   42  -0.667  6263 140778298  128.254  116.025  62.687   -1.705  -8.83  -2.01  0000
   43  -0.634  7017 140778299  129.169  113.573  62.881   -1.083  -8.88  -2.06  0000
   44  -0.601  5916 140778300  129.688  111.986  63.028   -0.693  -8.74  -1.92  0000
   45  -0.567  6298 140778301  130.346  109.998  63.216   -0.206  -8.77  -1.95  0000
   46  -0.534  5545 140778302  130.702  108.076  63.470    0.219  -8.74  -1.92  0000
   47  -0.501  7055 140778303  130.911  105.567  63.870    0.728  -9.04  -2.22  0000
   48  -0.467  6211 140778304  131.161  103.931  64.107    1.074  -8.80  -1.98  0000
   49  -0.434  7039 140778305  132.132  101.524  64.316    1.676  -8.92  -2.10  0000
   50  -0.400  6217 140778306  132.670   99.938  64.483    2.054  -8.67  -1.85  0000
   51  -0.367  6837 140778307  133.978   97.808  64.573    2.654  -8.84  -2.02  0000
   52  -0.334  4754 140778308  134.093   95.489  64.987    3.090  -8.78  -1.96  0000
   53  -0.300  7021 140778309  135.014   93.685  65.118    3.563  -8.96  -2.14  0000
   54  -0.267  6311 140778310  135.029   91.285  65.581    3.988  -8.75  -1.93  0000
   55  -0.234  7083 140778311  135.762   89.328  65.795    4.450  -8.83  -2.01  0000
   56  -0.200  5569 140778312  136.194   87.488  66.060    4.839  -8.56  -1.74  0000
   57  -0.167  5640 140778313  137.274   85.672  66.177    5.329  -8.52  -1.70  0000
   58  -0.133  5838 140778314  137.636   83.601  66.513    5.740  -8.51  -1.69  0000
   59  -0.100  5718 140778315  139.043   81.056  66.715    6.401  -8.51  -1.69  0000
   60  -0.067  5359 140778316  140.472   79.676  66.680    6.872  -8.32  -1.50  0000
   61  -0.033  5917 140778317  140.173   75.973  67.519    7.423  -8.82  -2.00  0000
   62   0.000  8434 140778318  140.245   75.048  67.698    7.583  -9.38  -2.56  0000
   63   0.033  6477 140778319  140.927   73.105  67.960    8.009  -8.81  -1.99  0000
   64   0.067  6950 140778320  142.104   70.831  68.189    8.568  -8.89  -2.07  0000
   65   0.100  5989 140778321  142.758   69.202  68.399    8.934  -8.53  -1.71  0000
   66   0.133  5365 140778322  144.105   67.284  68.526    9.463  -8.40  -1.58  0000
   67   0.167  5191 140778323  144.257   65.549  68.873    9.752  -8.13  -1.31  0000
   68   0.200  4093 140778324  145.746   63.672  68.972   10.295  -8.08  -1.26  0000
   69   0.234  3140 140778325  147.286   61.438  69.147   10.898  -7.65  -0.83  0000
   70   0.267  2355 140778326  147.710   59.935  69.397   11.193  -6.17   0.65  0000
