#
#   version : 20090611
#    num_fr : 21
#      time : 20140705 07:32:34.692 UTC
#      unix : 1404545554.692378
#       ntp : LOCK -138 296352 220
#       seq : 63901084
#       mul : 0 [A]
#      site : 01
#    latlon : 45.5749 -94.3965 370.0
#      text : Collegeville
#     label : 
#     plate : metal_20100816_20100506-404-gd3
#      geom : 640 480
#    reject : 0
#
#  fr    time   sum     seq       cx       cy      th      phi    lsp    mag  flag
   30  -0.534  2029 63901068  248.408  174.322  26.073   12.767  -6.45   0.37  0000
   31  -0.500  2183 63901069  247.001  175.894  26.015   11.546  -6.84  -0.02  0000
   32  -0.467  1963 63901070  246.040  177.967  25.788   10.318  -6.23   0.59  0000
   34  -0.400  2002 63901072  244.761  180.465  25.554    8.758  -6.87  -0.05  0000
   35  -0.367  2695 63901073  243.494  182.645  25.396    7.311  -7.45  -0.63  0000
   36  -0.334  3183 63901074  241.669  184.322  25.458    5.834  -8.01  -1.19  0000
   37  -0.300  4501 63901075  241.012  185.655  25.355    4.986  -8.49  -1.67  0000
   38  -0.267  4928 63901076  239.503  187.118  25.414    3.734  -8.65  -1.83  0000
   39  -0.234  5090 63901077  237.654  188.866  25.510    2.230  -8.72  -1.90  0000
   40  -0.200  5691 63901078  236.765  190.436  25.444    1.174  -8.97  -2.15  0000
   41  -0.167  5311 63901079  235.388  192.006  25.494   -0.063  -8.83  -2.01  0000
   42  -0.133  4927 63901080  234.113  193.947  25.477   -1.437  -8.73  -1.91  0000
   43  -0.100  5691 63901081  232.717  195.911  25.498   -2.864  -8.94  -2.12  0000
   44  -0.067  5880 63901082  231.702  197.387  25.517   -3.923  -9.06  -2.24  0000
   45  -0.033  5788 63901083  230.181  199.551  25.569   -5.483  -9.04  -2.22  0000
   46   0.000  6389 63901084  229.110  201.388  25.575   -6.735  -9.16  -2.34  0000
   47   0.033  6294 63901085  227.866  203.286  25.628   -8.067  -9.06  -2.24  0000
   48   0.067  6213 63901086  226.488  205.036  25.746   -9.354  -9.06  -2.24  0000
   49   0.100  6384 63901087  224.981  207.055  25.877  -10.803  -9.24  -2.42  0000
   50   0.133  6061 63901088  224.198  209.183  25.832  -12.113  -9.05  -2.23  0000
   51   0.167  3582 63901089  223.486  210.436  25.875  -12.948  -7.93  -1.11  0000
