#
#   version : 20090611
#    num_fr : 21
#      time : 20120211 11:01:06.456 UTC
#      unix : 1328958066.456555
#       ntp : LOCK 525 757380 700
#       seq : 48854147
#       mul : 0 [A]
#      site : 01
#    latlon : 45.5749 -94.3965 370.0
#      text : Collegeville
#     label : 
#     plate : metal_20100816_20100506-404-gd3
#      geom : 640 480
#    reject : 0
#
#  fr    time   sum     seq       cx       cy      th      phi    lsp    mag  flag
   30  -0.534  2316 48854131  497.560  238.864  50.655  141.023  -6.57   0.25  0000
   31  -0.501  3089 48854132  498.393  240.786  50.865  141.618  -6.68   0.14  0000
   32  -0.467  3482 48854133  500.902  241.931  51.571  142.002  -6.75   0.07  0000
   33  -0.434  3192 48854134  502.328  244.011  51.960  142.637  -6.84  -0.02  0000
   34  -0.400  2821 48854135  504.953  246.476  52.700  143.387  -6.85  -0.03  0000
   35  -0.367  3430 48854136  505.004  246.416  52.715  143.370  -6.89  -0.07  0000
   36  -0.334  2731 48854137  507.252  248.490  53.358  143.985  -6.86  -0.04  0000
   37  -0.300  3522 48854138  509.364  249.949  53.968  144.413  -7.02  -0.20  0000
   38  -0.267  3505 48854139  511.019  252.338  54.452  145.093  -7.21  -0.39  0000
   39  -0.234  3742 48854140  512.750  254.503  54.965  145.699  -7.30  -0.48  0000
   40  -0.200  4026 48854141  513.524  254.890  55.193  145.805  -7.53  -0.71  0000
   41  -0.167  3226 48854142  515.194  256.951  55.696  146.369  -7.28  -0.46  0000
   42  -0.133  4389 48854143  517.563  258.637  56.405  146.816  -7.72  -0.90  0000
   43  -0.100  4568 48854144  517.869  259.814  56.509  147.135  -7.96  -1.14  0000
   44  -0.067  4395 48854145  519.906  261.021  57.122  147.441  -7.73  -0.91  0000
   45  -0.033  4227 48854146  521.055  262.669  57.484  147.871  -7.80  -0.98  0000
   46   0.000  4668 48854147  521.696  263.956  57.695  148.207  -7.78  -0.96  0000
   47   0.033  4278 48854148  524.168  265.876  58.458  148.680  -7.62  -0.80  0000
   48   0.067  3947 48854149  524.470  266.110  58.552  148.737  -7.31  -0.49  0000
   49   0.100  3163 48854150  525.927  268.101  59.025  149.234  -6.79   0.03  0000
   50   0.133  3677 48854151  527.331  269.894  59.483  149.674  -6.98  -0.16  0000
