#
#   version : 20090611
#    num_fr : 22
#      time : 20110824 07:25:13.266 UTC
#      unix : 1314170713.266611
#       ntp : LOCK -71 118123 312
#       seq : 22414071
#       mul : 0 [A]
#      site : 01
#    latlon : 45.5749 -94.3965 370.0
#      text : Collegeville
#     label : 
#     plate : metal_20100816_20100506-404-gd3
#      geom : 640 480
#    reject : 0
#
#  fr    time   sum     seq       cx       cy      th      phi    lsp    mag  flag
   30  -0.467  2141 22414057  153.135   41.382  72.632   14.706  -5.78   1.04  0000
   31  -0.434  2137 22414058  151.971   41.944  72.725   14.425  -6.31   0.51  0000
   32  -0.400  1906 22414059  149.672   42.474  73.055   13.947  -5.97   0.85  0000
   33  -0.367  2065 22414060  149.176   42.901  73.053   13.804  -5.97   0.85  0000
   34  -0.334  2347 22414061  148.071   43.799  73.061   13.491  -6.57   0.25  0000
   35  -0.300  2336 22414062  147.768   44.256  73.014   13.378  -6.51   0.31  0000
   36  -0.267  2532 22414063  144.656   44.759  73.529   12.769  -7.00  -0.18  0000
   37  -0.234  2785 22414064  143.901   44.731  73.691   12.642  -7.13  -0.31  0000
   38  -0.200  2980 22414065  142.670   45.591  73.743   12.315  -7.45  -0.63  0000
   39  -0.167  3232 22414066  140.765   45.862  74.077   11.954  -7.43  -0.61  0000
   40  -0.133  3322 22414067  139.583   46.540  74.167   11.662  -7.83  -1.01  0000
   41  -0.100  3932 22414068  138.870   46.792  74.259   11.507  -8.17  -1.35  0000
   42  -0.067  4463 22414069  136.599   47.379  74.605   11.047  -8.52  -1.70  0000
   43  -0.033  4811 22414070  135.526   47.860  74.724   10.803  -8.44  -1.62  0000
   44   0.000  5013 22414071  134.002   48.779  74.842   10.425  -8.65  -1.83  0000
   45   0.033  4995 22414072  132.929   49.194  74.980   10.191  -8.51  -1.69  0000
   46   0.067  3967 22414073  131.609   49.677  75.158    9.909  -8.18  -1.36  0000
   47   0.100  4022 22414074  130.635   50.247  75.242    9.672  -8.13  -1.31  0000
   48   0.133  4695 22414075  128.115   50.814  75.671    9.187  -8.47  -1.65  0000
   49   0.167  4252 22414076  126.963   51.569  75.758    8.897  -8.19  -1.37  0000
   50   0.200  2938 22414077  126.398   52.136  75.758    8.728  -7.34  -0.52  0000
   51   0.234  3562 22414078  124.563   53.272  75.918    8.278  -7.65  -0.83  0000
