#
#   version : 20090611
#    num_fr : 12
#      time : 20110118 06:57:11.332 UTC
#      unix : 1295333831.332681
#       ntp : LOCK -1483 572230 447
#       seq : 14038099
#       mul : 0 [A]
#      site : 01
#    latlon : 45.5749 -94.3965 370.0
#      text : Collegeville
#     label : 
#     plate : metal_20100816_20100506-404-gd3
#      geom : 640 480
#    reject : 0
#
#  fr    time   sum     seq       cx       cy      th      phi    lsp    mag  flag
   29  -0.334  3717 14038089  472.016  138.850  52.765  110.015  -6.85  -6.85  0000
   30  -0.300  3853 14038090  475.159  138.937  53.506  110.558  -7.24  -7.24  0000
   31  -0.267  4447 14038091  477.032  140.626  53.699  111.269  -7.42  -7.42  0000
   32  -0.234  4556 14038092  480.696  140.974  54.541  111.931  -7.89  -7.89  0000
   33  -0.200  4225 14038093  482.059  142.548  54.641  112.519  -7.89  -7.89  0000
   34  -0.167  2821 14038094  485.519  142.691  55.480  113.074  -7.87  -7.87  0000
   35  -0.133  4294 14038095  488.408  144.406  55.956  113.905  -8.08  -8.08  0000
   36  -0.100  4403 14038096  489.422  144.674  56.173  114.114  -8.04  -8.04  0000
   37  -0.067  5584 14038097  491.624  145.878  56.561  114.711  -8.15  -8.15  0000
   38  -0.033  5384 14038098  494.680  146.900  57.201  115.372  -8.80  -8.80  0000
   39   0.000  7082 14038099  496.744  147.766  57.614  115.852  -8.90  -8.90  0000
   40   0.033  4568 14038100  499.645  148.556  58.259  116.417  -8.16  -8.16  0000
