#
#   version : 20090611
#    num_fr : 16
#      time : 20130903 06:47:39.680 UTC
#      unix : 1378190859.680571
#       ntp : LOCK 1147 179876 938
#       seq : 18502015
#       mul : 0 [A]
#      site : 01
#    latlon : 45.5749 -94.3965 370.0
#      text : Collegeville
#     label : 
#     plate : metal_20100816_20100506-404-gd3
#      geom : 640 480
#    reject : 0
#
#  fr    time   sum     seq       cx       cy      th      phi    lsp    mag  flag
   30  -0.200  1731 18502009  415.453  443.191  59.142 -154.155  -6.15   0.67  0000
   31  -0.167  1932 18502010  415.744  444.964  59.635 -153.994  -6.42   0.40  0000
   32  -0.133  2264 18502011  416.003  446.354  60.026 -153.876  -6.88  -0.06  0000
   33  -0.100  2361 18502012  416.241  447.323  60.307 -153.808  -6.96  -0.14  0000
   34  -0.067  2387 18502013  416.532  448.546  60.662 -153.720  -7.03  -0.21  0000
   35  -0.033  2888 18502014  417.209  450.274  61.201 -153.658  -7.58  -0.76  0000
   36   0.000  2922 18502015  417.690  451.377  61.552 -153.629  -7.57  -0.75  0000
   37   0.033  2732 18502016  417.464  452.670  61.854 -153.421  -7.60  -0.78  0000
   38   0.067  2623 18502017  417.838  454.338  62.338 -153.302  -7.27  -0.45  0000
   39   0.100  2529 18502018  418.072  455.058  62.557 -153.266  -7.31  -0.49  0000
   40   0.133  2419 18502019  418.042  456.726  62.987 -153.061  -7.28  -0.46  0000
   41   0.167  2293 18502020  417.787  457.966  63.274 -152.859  -6.86  -0.04  0000
   42   0.200  2064 18502021  418.059  458.566  63.469 -152.848  -6.50   0.32  0000
   43   0.234  2122 18502022  418.300  460.674  64.055 -152.655  -6.78   0.04  0000
   44   0.267  2065 18502023  418.328  461.097  64.170 -152.613  -6.49   0.33  0000
   45   0.300  1861 18502024  418.296  462.667  64.578 -152.426  -6.15   0.67  0000
