#
#   version : 20090611
#    num_fr : 25
#      time : 20120304 10:01:54.454 UTC
#      unix : 1330855314.454240
#       ntp : LOCK 301 230091 1034
#       seq : 105714524
#       mul : 0 [A]
#      site : 01
#    latlon : 45.5749 -94.3965 370.0
#      text : Collegeville
#     label : 
#     plate : metal_20100816_20100506-404-gd3
#      geom : 640 480
#    reject : 0
#
#  fr    time   sum     seq       cx       cy      th      phi    lsp    mag  flag
   30  -0.634  1829 105714505  107.145  182.783  59.663  -19.219  -5.75   1.07  0000
   31  -0.601  2051 105714506  107.244  181.876  59.716  -18.990  -6.35   0.47  0000
   34  -0.501  2144 105714509  111.144  179.959  58.779  -18.177  -6.41   0.41  0000
   35  -0.467  2024 105714510  111.735  179.236  58.679  -17.945  -6.57   0.25  0000
   36  -0.434  2414 105714511  114.292  179.230  57.956  -17.707  -6.29   0.53  0000
   37  -0.400  2577 105714512  114.894  178.614  57.845  -17.497  -6.62   0.20  0000
   38  -0.367  2919 105714513  115.767  177.870  57.671  -17.229  -7.13  -0.31  0000
   39  -0.334  2518 105714514  116.211  177.475  57.585  -17.087  -6.81   0.01  0000
   40  -0.300  2873 105714515  117.251  176.527  57.387  -16.749  -7.10  -0.28  0000
   41  -0.267  3001 105714516  118.503  175.320  57.158  -16.323  -7.08  -0.26  0000
   42  -0.234  2767 105714517  121.596  174.812  56.350  -15.877  -7.17  -0.35  0000
   43  -0.200  2892 105714518  121.649  174.605  56.356  -15.820  -7.29  -0.47  0000
   44  -0.167  2841 105714519  123.387  174.095  55.928  -15.507  -6.93  -0.11  0000
   45  -0.133  2580 105714520  124.715  173.242  55.652  -15.147  -7.28  -0.46  0000
   46  -0.100  3022 105714521  125.222  172.722  55.568  -14.960  -7.36  -0.54  0000
   47  -0.067  3194 105714522  126.313  171.729  55.376  -14.587  -7.44  -0.62  0000
   48  -0.033  2943 105714523  128.949  171.492  54.682  -14.227  -7.53  -0.71  0000
   49   0.000  3227 105714524  129.856  170.717  54.520  -13.923  -7.62  -0.80  0000
   50   0.033  2878 105714525  131.486  169.806  54.181  -13.497  -7.71  -0.89  0000
   51   0.067  3004 105714526  134.258  169.020  53.523  -12.958  -7.32  -0.50  0000
   52   0.100  3029 105714527  134.830  168.693  53.407  -12.803  -7.61  -0.79  0000
   53   0.133  2849 105714528  137.143  167.919  52.878  -12.310  -7.11  -0.29  0000
   54   0.167  2678 105714529  138.227  166.841  52.718  -11.890  -7.20  -0.38  0000
   55   0.200  2752 105714530  139.446  165.982  52.497  -11.506  -7.32  -0.50  0000
   56   0.234  2245 105714531  142.077  165.880  51.815  -11.127  -6.54   0.28  0000
