#
#   version : 20090611
#    num_fr : 13
#      time : 20110730 05:44:37.045 UTC
#      unix : 1312004677.045241
#       ntp : LOCK 77 222157 315
#       seq : 19385425
#       mul : 0 [A]
#      site : 01
#    latlon : 45.5749 -94.3965 370.0
#      text : Collegeville
#     label : 
#     plate : metal_20100816_20100506-404-gd3
#      geom : 640 480
#    reject : 0
#
#  fr    time   sum     seq       cx       cy      th      phi    lsp    mag  flag
   30  -0.200  1284 19385419  269.213  344.328  27.138 -101.118  -6.19   0.63  0000
   31  -0.167  1674 19385420  271.831  346.813  27.448 -103.005  -6.76   0.06  0000
   32  -0.133  1873 19385421  274.753  348.565  27.577 -104.863  -6.66   0.16  0000
   33  -0.100  1869 19385422  276.448  350.171  27.813 -106.039  -7.05  -0.23  0000
   34  -0.067  2741 19385423  278.963  351.891  28.017 -107.638  -7.42  -0.60  0000
   35  -0.033  2783 19385424  281.722  353.094  28.092 -109.262  -7.91  -1.09  0000
   36   0.000  2962 19385425  282.905  354.555  28.373 -110.090  -7.92  -1.10  0000
   37   0.033  2684 19385426  285.844  356.268  28.603 -111.842  -7.91  -1.09  0000
   38   0.067  2877 19385427  288.676  358.101  28.898 -113.523  -7.77  -0.95  0000
   39   0.100  2518 19385428  290.919  359.129  29.038 -114.788  -7.45  -0.63  0000
   40   0.133  2193 19385429  292.509  360.338  29.273 -115.719  -7.05  -0.23  0000
   41   0.167  1504 19385430  295.576  362.637  29.739 -117.470  -6.53   0.29  0000
   42   0.200  1354 19385431  298.360  364.503  30.128 -119.000  -6.10   0.72  0000
