#
#   version : 20090611
#    num_fr : 16
#      time : 20110730 03:00:24.241 UTC
#      unix : 1311994824.241791
#       ntp : LOCK 1301 700489 401
#       seq : 19090136
#       mul : 0 [A]
#      site : 01
#    latlon : 45.5749 -94.3965 370.0
#      text : Collegeville
#     label : 
#     plate : metal_20100816_20100506-404-gd3
#      geom : 640 480
#    reject : 0
#
#  fr    time   sum     seq       cx       cy      th      phi    lsp    mag  flag
   29  -0.200  2596 19090130  422.307  106.432  48.447   92.162  -5.32   1.50  0000
   30  -0.167  3506 19090131  422.122  106.965  48.298   92.220  -5.96   0.86  0000
   31  -0.133  3003 19090132  422.140  106.856  48.325   92.203  -6.70   0.12  0000
   32  -0.100  2871 19090133  420.898  107.747  47.912   92.061  -6.07   0.75  0000
   34  -0.033  3366 19090135  419.038  108.955  47.323   91.819  -6.63   0.19  0000
   35   0.000  4049 19090136  417.970  109.680  46.978   91.684  -6.92  -0.10  0000
   36   0.033  3016 19090137  417.039  110.422  46.654   91.586  -6.57   0.25  0000
   37   0.067  2672 19090138  414.652  110.536  46.219   90.968  -6.38   0.44  0000
   38   0.100  3844 19090139  414.177  111.116  46.010   90.956  -6.68   0.14  0000
   39   0.133  3320 19090140  413.215  111.969  45.658   90.866  -7.06  -0.24  0000
   40   0.167  3617 19090141  412.862  111.813  45.633   90.737  -7.02  -0.20  0000
   41   0.200  2909 19090142  411.958  112.782  45.266   90.685  -6.51   0.31  0000
   42   0.234  3471 19090143  409.506  114.775  44.413   90.406  -6.53   0.29  0000
   43   0.267  2798 19090144  409.199  114.881  44.339   90.340  -6.75   0.07  0000
   44   0.300  3108 19090145  408.127  115.476  44.028   90.157  -6.76   0.06  0000
   45   0.334  3717 19090146  407.935  115.850  43.913   90.179  -6.69   0.13  0000
