#
#   version : 20090611
#    num_fr : 34
#      time : 20130613 07:09:22.212 UTC
#      unix : 1371107362.212239
#       ntp : LOCK -398 426449 119
#       seq : 13378222
#       mul : 0 [A]
#      site : 01
#    latlon : 45.5749 -94.3965 370.0
#      text : Collegeville
#     label : 
#     plate : metal_20100816_20100506-404-gd3
#      geom : 640 480
#    reject : 0
#
#  fr    time   sum     seq       cx       cy      th      phi    lsp    mag  flag
   29  -1.168  1320 13378187  167.951  295.637  40.965  -53.564  -5.35   1.47  0000
   31  -1.101  1543 13378189  167.371  293.750  40.973  -52.838  -5.87   0.95  0000
   33  -1.034  1901 13378191  167.247  291.280  40.820  -51.952  -6.19   0.63  0000
   34  -1.001  1762 13378192  167.985  289.677  40.502  -51.453  -6.17   0.65  0000
   35  -0.968  2034 13378193  167.059  288.117  40.647  -50.806  -6.20   0.62  0000
   36  -0.934  1846 13378194  167.615  286.788  40.405  -50.378  -6.06   0.76  0000
   37  -0.901  1736 13378195  167.159  285.798  40.466  -49.980  -6.21   0.61  0000
   38  -0.868  2018 13378196  166.934  284.719  40.460  -49.570  -6.46   0.36  0000
   39  -0.834  2185 13378197  167.401  282.936  40.223  -48.961  -6.89  -0.07  0000
   40  -0.801  2410 13378198  167.022  282.085  40.278  -48.620  -6.90  -0.08  0000
   41  -0.767  2563 13378199  166.577  280.222  40.297  -47.906  -7.11  -0.29  0000
   42  -0.734  2667 13378200  166.871  279.109  40.155  -47.519  -7.43  -0.61  0000
   43  -0.701  2897 13378201  167.106  277.928  40.029  -47.100  -7.59  -0.77  0000
   44  -0.667  3128 13378202  167.335  276.286  39.885  -46.508  -7.58  -0.76  0000
   45  -0.634  3055 13378203  166.979  275.428  39.944  -46.167  -7.60  -0.78  0000
   46  -0.601  2753 13378204  166.283  273.963  40.072  -45.581  -7.63  -0.81  0000
   47  -0.567  3086 13378205  166.845  272.145  39.839  -44.937  -7.67  -0.85  0000
   48  -0.534  3336 13378206  166.843  270.379  39.771  -44.276  -7.60  -0.78  0000
   49  -0.501  3204 13378207  166.687  269.460  39.782  -43.925  -7.63  -0.81  0000
   50  -0.467  2893 13378208  166.884  267.586  39.663  -43.229  -7.76  -0.94  0000
   51  -0.434  3049 13378209  166.912  265.933  39.605  -42.607  -7.62  -0.80  0000
   52  -0.400  3161 13378210  166.684  264.540  39.630  -42.073  -7.67  -0.85  0000
   53  -0.367  3432 13378211  166.737  263.545  39.589  -41.699  -7.82  -1.00  0000
   54  -0.334  2912 13378212  166.333  261.877  39.664  -41.056  -7.83  -1.01  0000
   55  -0.300  3567 13378213  166.584  260.111  39.558  -40.394  -7.93  -1.11  0000
   56  -0.267  3637 13378214  167.065  258.086  39.389  -39.635  -7.86  -1.04  0000
   57  -0.234  3344 13378215  166.378  256.533  39.561  -39.032  -7.75  -0.93  0000
   58  -0.200  3119 13378216  166.729  255.239  39.448  -38.545  -7.82  -1.00  0000
   59  -0.167  3185 13378217  166.815  253.784  39.412  -37.991  -7.56  -0.74  0000
   60  -0.133  2814 13378218  166.503  251.574  39.489  -37.148  -7.34  -0.52  0000
   61  -0.100  2448 13378219  166.453  250.032  39.500  -36.561  -7.21  -0.39  0000
   62  -0.067  3122 13378220  166.575  249.071  39.467  -36.194  -7.63  -0.81  0000
   63  -0.033  2260 13378221  166.878  247.451  39.386  -35.574  -6.41   0.41  0000
   64   0.000  3862 13378222  166.888  245.433  39.397  -34.804  -8.19  -1.37  0000
