#
#   version : 20090611
#    num_fr : 13
#      time : 20131224 11:53:24.160 UTC
#      unix : 1387886004.160250
#       ntp : LOCK 1489 282086 6114
#       seq : 309058801
#       mul : 0 [A]
#      site : 01
#    latlon : 45.5749 -94.3965 370.0
#      text : Collegeville
#     label : 
#     plate : metal_20100816_20100506-404-gd3
#      geom : 640 480
#    reject : 0
#
#  fr    time   sum     seq       cx       cy      th      phi    lsp    mag  flag
   29  -0.200  2883 309058795  394.813  467.136  62.881 -146.702  -6.11   0.71  0000
   30  -0.167  2913 309058796  394.135  468.088  63.069 -146.456  -6.37   0.45  0000
   31  -0.133  3057 309058797  397.143  468.602  63.539 -147.100  -7.01  -0.19  0000
   32  -0.100  3515 309058798  397.719  468.576  63.596 -147.235  -6.97  -0.15  0000
   33  -0.067  3191 309058799  400.853  470.214  64.401 -147.787  -6.96  -0.14  0000
   34  -0.033  3826 309058800  402.902  471.010  64.856 -148.169  -7.20  -0.38  0000
   35   0.000  4105 309058801  404.049  470.576  64.873 -148.466  -7.35  -0.53  0000
   36   0.033  3618 309058802  406.089  472.067  65.524 -148.769  -7.09  -0.27  0000
   37   0.067  3621 309058803  407.988  472.915  65.986 -149.100  -7.13  -0.31  0000
   38   0.100  3993 309058804  409.393  472.629  66.081 -149.433  -7.19  -0.37  0000
   39   0.133  3520 309058805  411.121  474.038  66.681 -149.664  -6.72   0.10  0000
   40   0.167  3316 309058806  413.909  474.368  67.125 -150.224  -6.36   0.46  0000
   41   0.200  3187 309058807  415.313  474.668  67.388 -150.490  -6.60   0.22  0000
