#
#   version : 20090611
#    num_fr : 18
#      time : 20110120 07:30:16.005 UTC
#      unix : 1295508616.005162
#       ntp : LOCK -1336 395947 728
#       seq : 19276381
#       mul : 0 [A]
#      site : 01
#    latlon : 45.5749 -94.3965 370.0
#      text : Collegeville
#     label : 
#     plate : metal_20100816_20100506-404-gd3
#      geom : 640 480
#    reject : 0
#
#  fr    time   sum     seq       cx       cy      th      phi    lsp    mag  flag
   30  -0.334  4153 19276371  460.033  195.006  42.590  124.299  -7.31  -7.31  0000
   31  -0.300  3122 19276372  463.369  196.316  43.353  125.145  -7.55  -7.55  0000
   32  -0.267  3842 19276373  465.396  198.278  43.722  126.029  -7.48  -7.48  0000
   33  -0.234  2962 19276374  468.351  200.589  44.322  127.112  -7.89  -7.89  0000
   34  -0.200  4912 19276375  471.889  204.626  44.969  128.785  -8.10  -8.10  0000
   35  -0.167  5203 19276376  473.732  206.419  45.343  129.538  -8.26  -8.26  0000
   36  -0.133  5105 19276377  475.437  208.501  45.668  130.361  -8.45  -8.45  0000
   37  -0.100  3705 19276378  478.137  209.754  46.330  130.985  -8.39  -8.39  0000
   38  -0.067  5432 19276379  480.318  212.331  46.775  131.974  -8.73  -8.73  0000
   39  -0.033  4205 19276380  482.751  214.503  47.327  132.835  -8.56  -8.56  0000
   40   0.000  5688 19276381  484.503  215.913  47.740  133.394  -8.48  -8.48  0000
   41   0.033  5444 19276382  487.279  218.542  48.385  134.385  -8.61  -8.61  0000
   42   0.067  5258 19276383  489.598  220.211  48.960  135.032  -8.65  -8.65  0000
   43   0.100  4022 19276384  491.682  222.178  49.463  135.743  -8.32  -8.32  0000
   44   0.133  4523 19276385  493.916  224.584  50.000  136.581  -8.44  -8.44  0000
   45   0.167  4989 19276386  496.154  226.133  50.580  137.145  -8.13  -8.13  0000
   46   0.200  3659 19276387  498.049  228.201  51.051  137.839  -7.96  -7.96  0000
   47   0.234  3118 19276388  500.124  231.087  51.559  138.768  -7.36  -7.36  0000
