#
#   version : 20090611
#    num_fr : 18
#      time : 20110218 10:49:14.338 UTC
#      unix : 1298026154.338380
#       ntp : LOCK 1910 418660 699
#       seq : 94726918
#       mul : 0 [A]
#      site : 01
#    latlon : 45.5749 -94.3965 370.0
#      text : Collegeville
#     label : 
#     plate : metal_20100816_20100506-404-gd3
#      geom : 640 480
#    reject : 0
#
#  fr    time   sum     seq       cx       cy      th      phi    lsp    mag  flag
   29  -0.534  3704 94726902  238.467   54.974  56.019   31.966  -6.99  -6.99  0000
   30  -0.501  3926 94726903  241.409   53.152  56.197   32.920  -6.25  -6.25  0000
   31  -0.467  3597 94726904  243.486   51.478  56.436   33.623  -7.59  -7.59  0000
   32  -0.434  3122 94726905  245.162   50.497  56.537   34.156  -7.83  -7.83  0000
   33  -0.400  3148 94726906  248.359   49.269  56.567   35.114  -7.81  -7.81  0000
   34  -0.367  4159 94726907  248.679   47.553  57.005   35.336  -7.74  -7.74  0000
   35  -0.334  4595 94726908  253.193   45.553  57.155   36.696  -8.05  -8.05  0000
   36  -0.300  6080 94726909  254.282   44.829  57.263   37.040  -8.21  -8.21  0000
   37  -0.267  4150 94726910  256.164   43.462  57.487   37.639  -8.19  -8.19  0000
   38  -0.234  4256 94726911  258.515   41.653  57.803   38.388  -8.16  -8.16  0000
   39  -0.200  7666 94726912  260.612   39.923  58.128   39.057  -8.27  -8.27  0000
   40  -0.167  6097 94726913  264.165   38.663  58.229   40.080  -8.45  -8.45  0000
   41  -0.133  6294 94726914  265.796   37.432  58.465   40.584  -8.44  -8.44  0000
   42  -0.100  4743 94726915  268.617   35.532  58.820   41.434  -8.28  -8.28  0000
   43  -0.067  7045 94726916  270.854   33.884  59.153   42.108  -8.31  -8.31  0000
   44  -0.033  8228 94726917  273.782   33.283  59.158   42.914  -8.89  -8.89  0000
   45   0.000  8915 94726918  276.798   31.580  59.486   43.785  -8.92  -8.92  0000
   46   0.033  3575 94726919  278.828   29.942  59.856   44.384  -7.87  -7.87  0000
