#
#   version : 20090611
#    num_fr : 26
#      time : 20100730 02:43:05.766 UTC
#      unix : 1280457785.766368
#       ntp : LOCK 4756 102555 861
#       seq : 3634815
#       mul : 0 [A]
#      site : 01
#    latlon : 45.5749 -94.3965 370.0
#      text : Collegeville
#     label : 
#     plate : metal 20090611
#      geom : 640 480
#    reject : 0
#
#  fr    time   sum     seq       cx       cy      th      phi    lsp    mag  flag
   30  -0.767  2415 3634792  313.560  367.267  33.928 -124.367  -6.56  -6.56  0000
   33  -0.667  3371 3634795  317.939  368.147  34.202 -126.339  -6.91  -6.91  0000
   35  -0.601  2800 3634797  321.741  369.301  34.574 -128.014  -6.75  -6.75  0000
   36  -0.567  2533 3634798  323.852  369.228  34.606 -128.956  -6.98  -6.98  0000
   37  -0.534  2244 3634799  324.390  370.082  34.845 -129.161  -6.81  -6.81  0000
   38  -0.501  3121 3634800  326.906  371.124  35.194 -130.221  -7.16  -7.16  0000
   39  -0.467  2200 3634801  328.661  370.966  35.212 -130.994  -7.20  -7.20  0000
   40  -0.434  2769 3634802  330.635  371.285  35.370 -131.833  -6.88  -6.88  0000
   41  -0.400  3670 3634803  331.159  372.092  35.603 -132.012  -7.39  -7.39  0000
   42  -0.367  3240 3634804  333.061  372.085  35.682 -132.829  -6.64  -6.64  0000
   43  -0.334  2284 3634805  334.882  372.614  35.904 -133.569  -6.91  -6.91  0000
   44  -0.300  3769 3634806  337.811  373.158  36.194 -134.767  -7.58  -7.58  0000
   45  -0.267  2443 3634807  339.767  373.081  36.282 -135.592  -7.44  -7.44  0000
   47  -0.200  2670 3634809  342.983  374.164  36.756 -136.831  -7.74  -7.74  0000
   48  -0.167  2067 3634810  345.116  375.134  37.145 -137.612  -7.28  -7.28  0000
   49  -0.133  2698 3634811  346.843  375.155  37.268 -138.308  -7.71  -7.71  0000
   51  -0.067  2564 3634813  350.648  375.406  37.611 -139.803  -7.42  -7.42  0000
   52  -0.033  3945 3634814  352.128  376.288  37.952 -140.292  -8.71  -8.71  0000
   53   0.000  5433 3634815  353.431  376.462  38.100 -140.782  -8.83  -8.83  0000
   54   0.033  3550 3634816  355.599  376.752  38.354 -141.590  -8.59  -8.59  0000
   55   0.067  5424 3634817  357.864  376.380  38.456 -142.505  -8.39  -8.39  0000
   56   0.100  4125 3634818  359.998  377.223  38.862 -143.212  -8.09  -8.09  0000
   57   0.133  3979 3634819  361.937  377.511  39.116 -143.904  -8.06  -8.06  0000
   58   0.167  3500 3634820  363.198  378.203  39.411 -144.284  -7.94  -7.94  0000
   59   0.200  2979 3634821  365.039  378.208  39.594 -144.962  -7.39  -7.39  0000
   65   0.400  3249 3634827  377.118  379.948  41.341 -148.999  -7.58  -7.58  0000
