#
#   version : 20090611
#    num_fr : 46
#      time : 20140227 11:16:41.394 UTC
#      unix : 1393499801.394183
#       ntp : LOCK 219 898476 923
#       seq : 477300199
#       mul : 0 [A]
#      site : 01
#    latlon : 45.5749 -94.3965 370.0
#      text : Collegeville
#     label : 
#     plate : metal_20100816_20100506-404-gd3
#      geom : 640 480
#    reject : 0
#
#  fr    time   sum     seq       cx       cy      th      phi    lsp    mag  flag
   29  -1.301  1693 477300160  245.648  247.279  17.682  -34.061  -5.81   1.01  0000
   30  -1.268  2128 477300161  244.810  247.479  17.907  -34.257  -6.53   0.29  0000
   31  -1.235  2216 477300162  241.574  246.901  18.788  -33.905  -6.68   0.14  0000
   32  -1.201  2178 477300163  240.921  246.031  18.976  -33.248  -6.61   0.21  0000
   33  -1.168  2061 477300164  240.609  245.475  19.069  -32.830  -6.77   0.05  0000
   34  -1.134  2285 477300165  238.482  244.825  19.656  -32.447  -6.97  -0.15  0000
   35  -1.101  2598 477300166  237.053  243.400  20.071  -31.472  -6.96  -0.14  0000
   36  -1.068  2653 477300167  236.014  243.478  20.351  -31.599  -7.07  -0.25  0000
   37  -1.034  2914 477300168  234.006  242.072  20.928  -30.731  -7.31  -0.49  0000
   38  -1.001  2778 477300169  232.170  241.220  21.447  -30.277  -7.45  -0.63  0000
   39  -0.968  2861 477300170  231.643  240.990  21.596  -30.160  -7.56  -0.74  0000
   40  -0.934  2936 477300171  230.336  239.978  21.980  -29.582  -7.53  -0.71  0000
   41  -0.901  2961 477300172  227.980  239.260  22.640  -29.309  -7.62  -0.80  0000
   42  -0.868  3022 477300173  226.048  238.862  23.176  -29.219  -7.64  -0.82  0000
   43  -0.834  3106 477300174  225.568  238.172  23.329  -28.823  -7.61  -0.79  0000
   44  -0.801  3168 477300175  223.323  237.336  23.966  -28.504  -7.62  -0.80  0000
   45  -0.767  3048 477300176  221.783  236.222  24.425  -27.969  -7.43  -0.61  0000
   46  -0.734  3106 477300177  220.781  235.707  24.716  -27.756  -7.51  -0.69  0000
   47  -0.701  3042 477300178  218.660  234.768  25.328  -27.410  -7.45  -0.63  0000
   48  -0.667  2797 477300179  217.264  233.898  25.742  -27.048  -7.41  -0.59  0000
   49  -0.634  2961 477300180  215.385  233.139  26.284  -26.807  -7.48  -0.66  0000
   50  -0.601  2945 477300181  214.678  232.685  26.495  -26.626  -7.26  -0.44  0000
   51  -0.567  2941 477300182  212.458  231.864  27.133  -26.403  -7.42  -0.60  0000
   52  -0.534  2629 477300183  210.431  231.167  27.714  -26.236  -7.42  -0.60  0000
   53  -0.501  2864 477300184  208.985  229.267  28.199  -25.391  -7.22  -0.40  0000
   54  -0.467  2653 477300185  207.490  229.408  28.596  -25.622  -7.17  -0.35  0000
   55  -0.434  2484 477300186  206.626  228.374  28.882  -25.186  -7.00  -0.18  0000
   56  -0.400  2663 477300187  204.432  227.596  29.516  -25.031  -7.25  -0.43  0000
   57  -0.367  2890 477300188  202.315  226.618  30.141  -24.778  -7.40  -0.58  0000
   58  -0.334  2901 477300189  200.422  225.078  30.739  -24.243  -7.44  -0.62  0000
   59  -0.300  2955 477300190  199.508  224.941  30.994  -24.278  -7.39  -0.57  0000
   60  -0.267  2692 477300191  197.517  223.972  31.588  -24.042  -7.43  -0.61  0000
   61  -0.234  3049 477300192  195.638  223.012  32.152  -23.807  -7.53  -0.71  0000
   62  -0.200  3274 477300193  193.833  222.073  32.697  -23.581  -7.71  -0.89  0000
   63  -0.167  3093 477300194  192.300  221.217  33.164  -23.369  -7.79  -0.97  0000
   64  -0.133  3480 477300195  191.341  220.696  33.455  -23.246  -7.67  -0.85  0000
   65  -0.100  3105 477300196  188.981  219.785  34.151  -23.110  -7.77  -0.95  0000
   66  -0.067  3449 477300197  187.429  218.756  34.637  -22.843  -7.90  -1.08  0000
   67  -0.033  3336 477300198  185.332  217.359  35.296  -22.492  -7.81  -0.99  0000
   68   0.000  3737 477300199  183.904  217.378  35.681  -22.655  -7.94  -1.12  0000
   69   0.033  3573 477300200  181.924  215.659  36.332  -22.175  -7.81  -0.99  0000
   70   0.067  3299 477300201  181.041  215.482  36.584  -22.201  -7.75  -0.93  0000
   71   0.100  3093 477300202  178.856  214.130  37.269  -21.907  -7.55  -0.73  0000
   72   0.133  2983 477300203  177.110  213.202  37.807  -21.738  -7.48  -0.66  0000
   73   0.167  2699 477300204  176.389  212.612  38.044  -21.591  -6.94  -0.12  0000
   74   0.200  2021 477300205  174.252  211.639  38.693  -21.455  -6.41   0.41  0000
