#
#   version : 20090611
#    num_fr : 14
#      time : 20121012 05:26:07.617 UTC
#      unix : 1350019567.617895
#       ntp : LOCK -794 947464 467
#       seq : 124708003
#       mul : 0 [A]
#      site : 01
#    latlon : 45.5749 -94.3965 370.0
#      text : Collegeville
#     label : 
#     plate : metal_20100816_20100506-404-gd3
#      geom : 640 480
#    reject : 0
#
#  fr    time   sum     seq       cx       cy      th      phi    lsp    mag  flag
   29  -0.267  2509 124707995   65.607  321.882  72.425  -52.514  -6.56   0.26  0000
   30  -0.234  2487 124707996   64.732  323.257  72.811  -52.747  -6.57   0.25  0000
   31  -0.200  2599 124707997   64.079  324.485  73.118  -52.960  -7.05  -0.23  0000
   32  -0.167  2730 124707998   63.858  326.191  73.336  -53.295  -7.19  -0.37  0000
   33  -0.133  3093 124707999   63.060  327.318  73.682  -53.475  -7.47  -0.65  0000
   34  -0.100  2981 124708000   62.097  328.281  74.066  -53.612  -7.67  -0.85  0000
   35  -0.067  3103 124708001   61.840  330.440  74.344  -54.029  -7.66  -0.84  0000
   36  -0.033  3384 124708002   61.692  330.971  74.439  -54.126  -7.71  -0.89  0000
   37   0.000  3489 124708003   60.775  332.571  74.872  -54.388  -7.83  -1.01  0000
   38   0.033  3258 124708004   61.469  334.719  74.867  -54.857  -7.68  -0.86  0000
   39   0.067  3266 124708005   60.683  335.851  75.220  -55.030  -7.52  -0.70  0000
   40   0.100  3129 124708006   60.429  336.756  75.388  -55.191  -7.27  -0.45  0000
   41   0.133  2897 124708007   60.577  338.131  75.481  -55.470  -7.16  -0.34  0000
   42   0.167  2399 124708008   59.049  340.007  76.142  -55.734  -7.17  -0.35  0000
