#
#   version : 20090611
#    num_fr : 17
#      time : 20130717 04:13:39.930 UTC
#      unix : 1374034419.930903
#       ntp : LOCK -443 249387 802
#       seq : 63391620
#       mul : 0 [A]
#      site : 01
#    latlon : 45.5749 -94.3965 370.0
#      text : Collegeville
#     label : 
#     plate : metal_20100816_20100506-404-gd3
#      geom : 640 480
#    reject : 0
#
#  fr    time   sum     seq       cx       cy      th      phi    lsp    mag  flag
   29  -0.400  3115 63391608  288.322  424.879  46.819 -117.846  -6.49   0.33  0000
   30  -0.367  3603 63391609  288.624  426.980  47.387 -118.030  -6.47   0.35  0000
   31  -0.334  2961 63391610  289.787  429.390  48.010 -118.496  -6.71   0.11  0000
   32  -0.300  3270 63391611  291.649  432.679  48.857 -119.200  -7.06  -0.24  0000
   33  -0.267  3843 63391612  290.673  434.041  49.271 -118.937  -7.06  -0.24  0000
   34  -0.234  3682 63391613  291.990  436.732  49.977 -119.430  -7.02  -0.20  0000
   35  -0.200  3692 63391614  291.918  438.693  50.528 -119.466  -7.17  -0.35  0000
   36  -0.167  3891 63391615  291.214  440.175  50.967 -119.295  -7.10  -0.28  0000
   37  -0.133  4041 63391616  292.203  442.490  51.585 -119.659  -7.08  -0.26  0000
   38  -0.100  3980 63391617  292.423  445.409  52.400 -119.802  -6.94  -0.12  0000
   39  -0.067  3960 63391618  293.238  447.267  52.900 -120.089  -6.90  -0.08  0000
   40  -0.033  3439 63391619  294.584  449.241  53.421 -120.528  -7.26  -0.44  0000
   41   0.000  4266 63391620  294.308  450.472  53.777 -120.475  -7.16  -0.34  0000
   42   0.033  3510 63391621  294.778  454.821  55.002 -120.700  -7.04  -0.22  0000
   43   0.067  3110 63391622  294.921  456.639  55.517 -120.776  -6.88  -0.06  0000
   44   0.100  3902 63391623  294.248  457.863  55.884 -120.613  -6.99  -0.17  0000
   45   0.133  2049 63391624  295.891  459.977  56.447 -121.108  -6.00   0.82  0000
