#
#   version : 20090611
#    num_fr : 18
#      time : 20130717 08:18:24.590 UTC
#      unix : 1374049104.590993
#       ntp : LOCK 563 451375 589
#       seq : 63831714
#       mul : 0 [A]
#      site : 01
#    latlon : 45.5749 -94.3965 370.0
#      text : Collegeville
#     label : 
#     plate : metal_20100816_20100506-404-gd3
#      geom : 640 480
#    reject : 0
#
#  fr    time   sum     seq       cx       cy      th      phi    lsp    mag  flag
   29  -0.534  2851 63831698   48.079  292.691  75.974  -45.767  -7.10  -0.28  0000
   30  -0.500  3350 63831699   47.612  293.015  76.140  -45.819  -7.48  -0.66  0000
   31  -0.467  3898 63831700   47.223  293.628  76.295  -45.931  -7.93  -1.11  0000
   32  -0.434  4073 63831701   45.292  294.508  76.961  -46.051  -8.20  -1.38  0000
   33  -0.400  4400 63831702   44.736  294.354  77.132  -46.004  -8.38  -1.56  0000
   34  -0.367  4565 63831703   44.218  295.557  77.361  -46.229  -8.50  -1.68  0000
   35  -0.334  4923 63831704   43.212  296.393  77.730  -46.365  -8.56  -1.74  0000
   36  -0.300  4663 63831705   43.202  296.789  77.754  -46.443  -8.48  -1.66  0000
   37  -0.267  5879 63831706   42.247  297.439  78.097  -46.542  -8.88  -2.06  0000
   38  -0.234  5687 63831707   41.135  297.647  78.469  -46.549  -8.86  -2.04  0000
   39  -0.200  6092 63831708   40.837  298.522  78.613  -46.712  -8.82  -2.00  0000
   40  -0.167  6231 63831709   39.534  298.991  79.062  -46.763  -9.05  -2.23  0000
   41  -0.133  6476 63831710   39.044  299.492  79.249  -46.845  -8.96  -2.14  0000
   42  -0.100  6063 63831711   38.001  300.207  79.629  -46.951  -8.86  -2.04  0000
   43  -0.067  6498 63831712   37.646  300.609  79.768  -47.018  -8.94  -2.12  0000
   44  -0.033  7286 63831713   36.532  302.020  80.213  -47.254  -9.20  -2.38  0000
   45   0.000  8310 63831714   34.401  302.503  80.939  -47.278  -9.49  -2.67  0000
   46   0.033  2038 63831715   36.736  302.172  80.155  -47.290  -6.44   0.38  0000
