#
#   version : 20090611
#    num_fr : 26
#      time : 20130717 06:17:29.330 UTC
#      unix : 1374041849.330702
#       ntp : LOCK -330 393339 590
#       seq : 63614277
#       mul : 0 [A]
#      site : 01
#    latlon : 45.5749 -94.3965 370.0
#      text : Collegeville
#     label : 
#     plate : metal_20100816_20100506-404-gd3
#      geom : 640 480
#    reject : 0
#
#  fr    time   sum     seq       cx       cy      th      phi    lsp    mag  flag
   30  -0.534  1499 63614261  355.252  276.630  13.418  174.783  -5.44   1.38  0000
   32  -0.467  1857 63614263  352.709  279.348  13.230  178.882  -6.25   0.57  0000
   33  -0.434  1847 63614264  351.698  280.446  13.178 -179.443  -6.60   0.22  0000
   34  -0.400  2083 63614265  350.949  282.069  13.276 -177.481  -6.89  -0.07  0000
   35  -0.367  2730 63614266  350.335  283.727  13.424 -175.618  -7.37  -0.55  0000
   36  -0.334  2887 63614267  349.017  285.082  13.393 -173.512  -7.45  -0.63  0000
   37  -0.300  2957 63614268  348.392  286.743  13.568 -171.703  -7.81  -0.99  0000
   38  -0.267  3672 63614269  346.762  288.045  13.505 -169.405  -8.01  -1.19  0000
   39  -0.234  4092 63614270  345.463  289.137  13.480 -167.520  -8.21  -1.39  0000
   40  -0.200  3577 63614271  343.767  290.701  13.498 -164.957  -8.15  -1.33  0000
   41  -0.167  4140 63614272  342.461  292.129  13.578 -162.842  -8.38  -1.56  0000
   42  -0.133  4393 63614273  341.975  293.646  13.819 -161.438  -8.56  -1.74  0000
   43  -0.100  4112 63614274  340.865  294.884  13.917 -159.686  -8.39  -1.57  0000
   44  -0.067  4023 63614275  340.102  296.242  14.103 -158.210  -8.29  -1.47  0000
   45  -0.033  3990 63614276  338.771  297.987  14.308 -156.050  -8.36  -1.54  0000
   46   0.000  4536 63614277  337.976  299.085  14.453 -154.761  -8.48  -1.66  0000
   47   0.033  3961 63614278  336.169  300.685  14.599 -152.329  -8.26  -1.44  0000
   48   0.067  3889 63614279  334.326  302.672  14.860 -149.758  -8.24  -1.42  0000
   49   0.100  3766 63614280  333.680  303.583  15.010 -148.796  -8.20  -1.38  0000
   50   0.133  3515 63614281  332.494  304.849  15.198 -147.222  -8.17  -1.35  0000
   51   0.167  2811 63614282  331.334  306.579  15.513 -145.560  -7.79  -0.97  0000
   52   0.200  3033 63614283  330.539  308.595  15.942 -144.211  -7.75  -0.93  0000
   53   0.234  2612 63614284  329.348  309.753  16.134 -142.809  -7.37  -0.55  0000
   54   0.267  2614 63614285  328.263  310.892  16.339 -141.542  -7.27  -0.45  0000
   55   0.300  2562 63614286  326.984  312.278  16.602 -140.077  -7.31  -0.49  0000
   56   0.334  2275 63614287  324.504  313.991  16.893 -137.540  -6.84  -0.02  0000
