#
#   version : 20090611
#    num_fr : 27
#      time : 20140406 06:21:28.956 UTC
#      unix : 1396765288.956563
#       ntp : LOCK -1326 418588 834
#       seq : 32878789
#       mul : 0 [A]
#      site : 01
#    latlon : 45.5749 -94.3965 370.0
#      text : Collegeville
#     label : 
#     plate : metal_20100816_20100506-404-gd3
#      geom : 640 480
#    reject : 0
#
#  fr    time   sum     seq       cx       cy      th      phi    lsp    mag  flag
   29  -0.601  1754 32878771  451.479  113.209  52.681  100.291  -5.83   0.99  0000
   30  -0.567  2041 32878772  453.698  113.634  53.063  100.838  -6.08   0.74  0000
   31  -0.534  2300 32878773  452.695  111.895  53.190  100.265  -6.38   0.44  0000
   32  -0.500  2523 32878774  455.533  111.473  53.868  100.755  -6.57   0.25  0000
   33  -0.467  2417 32878775  456.056  110.569  54.153  100.671  -6.83  -0.01  0000
   34  -0.434  2834 32878776  457.072  109.391  54.596  100.630  -7.18  -0.36  0000
   35  -0.400  2868 32878777  457.771  108.961  54.827  100.681  -7.36  -0.54  0000
   36  -0.367  2888 32878778  457.706  107.749  55.050  100.420  -7.56  -0.74  0000
   37  -0.334  3064 32878779  458.419  106.776  55.390  100.363  -7.56  -0.74  0000
   38  -0.300  2953 32878780  459.621  106.145  55.767  100.472  -7.50  -0.68  0000
   39  -0.267  2988 32878781  460.546  104.953  56.196  100.414  -7.56  -0.74  0000
   40  -0.234  3299 32878782  461.555  104.008  56.595  100.421  -7.58  -0.76  0000
   41  -0.200  3376 32878783  461.806  103.708  56.707  100.410  -7.50  -0.68  0000
   42  -0.167  3163 32878784  463.886  103.145  57.259  100.698  -7.59  -0.77  0000
   43  -0.133  3231 32878785  464.505  101.913  57.633  100.573  -7.70  -0.88  0000
   44  -0.100  2841 32878786  464.859  100.859  57.916  100.434  -7.46  -0.64  0000
   45  -0.067  3072 32878787  465.228  100.660  58.034  100.465  -7.44  -0.62  0000
   46  -0.033  2813 32878788  466.321   99.099  58.575  100.369  -7.44  -0.62  0000
   47   0.000  3407 32878789  466.534   99.052  58.630  100.400  -7.60  -0.78  0000
   48   0.033  2987 32878790  467.462   98.061  59.024  100.384  -7.39  -0.57  0000
   49   0.067  2616 32878791  468.498   96.805  59.494  100.337  -6.85  -0.03  0000
   50   0.100  2437 32878792  470.766   96.105  60.119  100.622  -6.49   0.33  0000
   51   0.133  2263 32878793  470.935   95.509  60.274  100.540  -6.63   0.19  0000
   52   0.167  1970 32878794  471.369   94.910  60.486  100.507  -6.14   0.68  0000
   53   0.200  2071 32878795  472.504   94.349  60.842  100.607  -6.32   0.50  0000
   54   0.234  2237 32878796  473.149   92.889  61.272  100.452  -6.35   0.47  0000
   55   0.267  2020 32878797  473.626   92.786  61.395  100.519  -5.78   1.04  0000
