#
#   version : 20090611
#    num_fr : 16
#      time : 20141025 06:56:45.300 UTC
#      unix : 1414220205.300925
#       ntp : LOCK 57 155745 451
#       seq : 175029609
#       mul : 0 [A]
#      site : 01
#    latlon : 45.5749 -94.3965 370.0
#      text : Collegeville
#     label : 
#     plate : metal_20100816_20100506-404-gd3
#      geom : 640 480
#    reject : 0
#
#  fr    time   sum     seq       cx       cy      th      phi    lsp    mag  flag
   30  -0.400  1788 175029597  337.115  225.212   9.275  100.424  -6.19   0.63  0000
   31  -0.367  2150 175029598  341.017  226.637   9.820  106.144  -6.95  -0.13  0000
   32  -0.334  2611 175029599  344.719  226.746  10.597  109.519  -7.46  -0.64  0000
   33  -0.300  3042 175029600  348.117  227.439  11.259  112.864  -7.84  -1.02  0000
   34  -0.267  3471 175029601  351.434  228.193  11.929  115.850  -8.15  -1.33  0000
   35  -0.234  4268 175029602  356.930  228.972  13.152  119.624  -8.31  -1.49  0000
   36  -0.200  4652 175029603  360.436  229.898  13.917  122.106  -8.72  -1.90  0000
   37  -0.167  4766 175029604  364.414  230.507  14.852  124.193  -8.66  -1.84  0000
   38  -0.133  5452 175029605  367.714  231.600  15.594  126.266  -9.00  -2.18  0000
   39  -0.100  5683 175029606  372.394  232.406  16.732  128.252  -8.93  -2.11  0000
   40  -0.067  5353 175029607  375.910  233.506  17.567  129.980  -9.08  -2.26  0000
   41  -0.033  5607 175029608  380.709  234.231  18.775  131.492  -8.86  -2.04  0000
   42   0.000  5749 175029609  385.201  235.014  19.912  132.818  -9.10  -2.28  0000
   43   0.033  5321 175029610  388.877  235.989  20.836  134.033  -8.92  -2.10  0000
   44   0.067  5123 175029611  393.230  237.153  21.942  135.347  -8.83  -2.01  0000
   45   0.100  1569 175029612  396.574  238.300  22.792  136.435  -5.87   0.95  0000
