#
#   version : 20090611
#    num_fr : 12
#      time : 20141025 10:42:25.423 UTC
#      unix : 1414233745.423948
#       ntp : LOCK 34 768756 477
#       seq : 175435397
#       mul : 0 [A]
#      site : 01
#    latlon : 45.5749 -94.3965 370.0
#      text : Collegeville
#     label : 
#     plate : metal_20100816_20100506-404-gd3
#      geom : 640 480
#    reject : 0
#
#  fr    time   sum     seq       cx       cy      th      phi    lsp    mag  flag
   29  -0.334  2707 175435387   48.255  173.102  78.164  -21.374  -6.34   0.48  0000
   30  -0.300  3185 175435388   49.019  172.209  78.000  -21.155  -6.79   0.03  0000
   31  -0.267  3173 175435389   49.098  171.579  78.031  -21.029  -6.92  -0.10  0000
   32  -0.234  2780 175435390   48.362  169.086  78.484  -20.599  -7.02  -0.20  0000
   33  -0.200  3169 175435391   48.081  168.816  78.596  -20.566  -7.11  -0.29  0000
   34  -0.167  3540 175435392   47.768  167.172  78.845  -20.275  -7.23  -0.41  0000
   35  -0.133  3730 175435393   47.106  165.488  79.210  -20.000  -7.66  -0.84  0000
   36  -0.100  4183 175435394   46.933  164.861  79.323  -19.894  -7.88  -1.06  0000
   37  -0.067  4268 175435395   46.936  163.795  79.424  -19.694  -7.71  -0.89  0000
   38  -0.033  4560 175435396   45.770  161.706  79.992  -19.383  -7.95  -1.13  0000
   39   0.000  5235 175435397   45.403  161.047  80.172  -19.285  -8.47  -1.65  0000
   40   0.033  2847 175435398   45.851  159.939  80.141  -19.049  -6.52   0.30  0000
