#
#   version : 20090611
#    num_fr : 29
#      time : 20141025 07:33:26.600 UTC
#      unix : 1414222406.600209
#       ntp : LOCK 316 228514 433
#       seq : 175095581
#       mul : 0 [A]
#      site : 01
#    latlon : 45.5749 -94.3965 370.0
#      text : Collegeville
#     label : 
#     plate : metal_20100816_20100506-404-gd3
#      geom : 640 480
#    reject : 0
#
#  fr    time   sum     seq       cx       cy      th      phi    lsp    mag  flag
   29  -0.300  2075 175095572   70.753  169.811  71.524  -19.195  -5.93   0.89  0000
   30  -0.267  2512 175095573   68.443  168.875  72.310  -19.174  -6.06   0.76  0000
   31  -0.234  2993 175095574   68.246  168.623  72.393  -19.137  -7.01  -0.19  0000
   32  -0.200  3378 175095575   67.988  167.303  72.597  -18.889  -7.48  -0.66  0000
   33  -0.167  3455 175095576   67.486  166.794  72.798  -18.823  -8.05  -1.23  0000
   34  -0.133  4667 175095577   66.528  165.939  73.170  -18.722  -8.30  -1.48  0000
   35  -0.100  4677 175095578   65.516  165.205  73.549  -18.651  -8.37  -1.55  0000
   36  -0.067  5421 175095579   64.955  164.138  73.824  -18.480  -8.66  -1.84  0000
   37  -0.033  5214 175095580   64.211  163.260  74.136  -18.362  -8.43  -1.61  0000
   38   0.000  5447 175095581   64.046  162.441  74.268  -18.212  -8.68  -1.86  0000
   39   0.033  5257 175095582   63.608  161.861  74.459  -18.131  -8.53  -1.71  0000
   40   0.067  5435 175095583   62.041  160.990  75.024  -18.079  -8.61  -1.79  0000
   41   0.100  5152 175095584   61.733  160.456  75.172  -17.998  -8.48  -1.66  0000
   42   0.133  4887 175095585   60.957  159.255  75.532  -17.823  -8.47  -1.65  0000
   43   0.167  5053 175095586   60.588  158.639  75.708  -17.732  -8.47  -1.65  0000
   44   0.200  4889 175095587   60.078  157.636  75.968  -17.578  -8.39  -1.57  0000
   45   0.234  5282 175095588   59.043  157.029  76.348  -17.540  -8.47  -1.65  0000
   46   0.267  4581 175095589   58.648  156.240  76.552  -17.420  -8.29  -1.47  0000
   47   0.300  4310 175095590   58.100  155.095  76.841  -17.244  -8.20  -1.38  0000
   48   0.334  4717 175095591   57.667  154.640  77.022  -17.191  -8.22  -1.40  0000
   49   0.367  4582 175095592   57.093  153.154  77.358  -16.954  -8.11  -1.29  0000
   50   0.400  4368 175095593   56.271  152.929  77.634  -16.976  -8.06  -1.24  0000
   51   0.434  4478 175095594   56.387  152.442  77.652  -16.876  -7.96  -1.14  0000
   52   0.467  4452 175095595   55.036  151.206  78.202  -16.750  -8.00  -1.18  0000
   53   0.501  4395 175095596   54.699  150.782  78.352  -16.697  -8.01  -1.19  0000
   54   0.534  4866 175095597   54.010  149.704  78.683  -16.551  -8.28  -1.46  0000
   55   0.567  4404 175095598   53.687  149.504  78.805  -16.539  -7.93  -1.11  0000
   56   0.601  3802 175095599   52.444  148.064  79.349  -16.372  -7.42  -0.60  0000
   57   0.634  3008 175095600   51.675  147.825  79.614  -16.389  -6.81   0.01  0000
