#
#   version : 20090611
#    num_fr : 13
#      time : 20091211 04:24:05.665 UTC
#      unix : 1260505445.665331
#       ntp : LOCK 888 704340 1252
#       seq : 99269623
#       mul : 0 [A]
#      site : 01
#    latlon : 45.5749 -94.3965 370.0
#      text : Collegeville
#     label : 
#     plate : 
#      geom : 640 480
#    reject : 0
#
#  fr    time   sum     seq       cx       cy      th      phi    lsp    mag  flag
   30  -0.234  1864 99269616  259.443   94.909  39.551   36.536  -5.99  -5.99  0000
   32  -0.167  2215 99269618  262.080   94.734  39.344   37.510  -6.65  -6.65  0000
   33  -0.133  2299 99269619  262.423   94.475  39.378   37.668  -6.80  -6.80  0000
   34  -0.100  2558 99269620  263.148   94.333  39.348   37.950  -7.00  -7.00  0000
   35  -0.067  2422 99269621  263.898   93.945  39.380   38.273  -7.08  -7.08  0000
   36  -0.033  2686 99269622  265.722   94.027  39.198   38.929  -7.21  -7.21  0000
   37   0.000  3027 99269623  266.284   93.632  39.251   39.184  -7.50  -7.50  0000
   38   0.033  2809 99269624  267.054   92.913  39.372   39.553  -7.53  -7.53  0000
   39   0.067  2799 99269625  267.550   92.914  39.331   39.735  -7.37  -7.37  0000
   40   0.100  2694 99269626  268.732   92.438  39.357   40.225  -6.99  -6.99  0000
   41   0.133  2358 99269627  269.908   92.861  39.154   40.612  -6.72  -6.72  0000
   42   0.167  2368 99269628  271.053   91.896  39.317   41.143  -6.91  -6.91  0000
   43   0.200  1946 99269629  271.425   91.686  39.343   41.304  -6.24  -6.24  0000
