#
#   version : 20090611
#    num_fr : 17
#      time : 20091211 10:29:45.403 UTC
#      unix : 1260527385.403157
#       ntp : LOCK -873 919600 1128
#       seq : 99927155
#       mul : 0 [A]
#      site : 01
#    latlon : 45.5749 -94.3965 370.0
#      text : Collegeville
#     label : 
#     plate : 
#      geom : 640 480
#    reject : 0
#
#  fr    time   sum     seq       cx       cy      th      phi    lsp    mag  flag
   30  -0.267  1823 99927147  344.462  473.837  63.735 -132.031  -6.40  -6.40  0000
   31  -0.234  2439 99927148  344.815  474.048  63.810 -132.113  -6.99  -6.99  0000
   32  -0.200  2872 99927149  345.672  474.965  64.106 -132.297  -7.77  -7.77  0000
   33  -0.167  3487 99927150  345.935  475.378  64.234 -132.349  -8.08  -8.08  0000
   34  -0.133  4134 99927151  346.086  476.033  64.427 -132.366  -8.43  -8.43  0000
   35  -0.100  5006 99927152  347.083  476.228  64.526 -132.606  -8.72  -8.72  0000
   36  -0.067  4963 99927153  347.741  476.771  64.710 -132.750  -8.71  -8.71  0000
   37  -0.033  5070 99927154  348.011  477.273  64.865 -132.799  -8.96  -8.96  0000
   38   0.000  5643 99927155  348.484  477.145  64.851 -132.920  -9.05  -9.05  0000
   39   0.033  4049 99927156  349.766  477.628  65.049 -133.217  -8.57  -8.57  0000
   40   0.067  3744 99927157  350.226  477.858  65.136 -133.321  -8.54  -8.54  0000
   41   0.100  3980 99927158  350.293  477.848  65.137 -133.338  -8.61  -8.61  0000
   44   0.200  2367 99927161  352.687  477.478  65.153 -133.935  -7.04  -7.04  0000
   47   0.300  3339 99927164  356.018  477.329  65.292 -134.750  -7.69  -7.69  0000
   48   0.334  3451 99927165  356.187  476.919  65.185 -134.808  -7.50  -7.50  0000
   51   0.434  3268 99927168  359.185  477.489  65.521 -135.509  -8.07  -8.07  0000
   52   0.467  2172 99927169  360.236  476.866  65.409 -135.790  -6.47  -6.47  0000
