#
#   version : 20090611
#    num_fr : 13
#      time : 20091211 10:22:56.559 UTC
#      unix : 1260526976.559713
#       ntp : LOCK -895 714600 1128
#       seq : 99914902
#       mul : 0 [A]
#      site : 01
#    latlon : 45.5749 -94.3965 370.0
#      text : Collegeville
#     label : 
#     plate : 
#      geom : 640 480
#    reject : 0
#
#  fr    time   sum     seq       cx       cy      th      phi    lsp    mag  flag
   29  -0.267  1693 99914894  146.059  269.284  45.271  -43.366  -6.23  -6.23  0000
   30  -0.234  2179 99914895  144.614  267.601  45.584  -42.717  -6.87  -6.87  0000
   31  -0.200  2068 99914896  143.212  265.739  45.884  -42.022  -6.92  -6.92  0000
   32  -0.167  2444 99914897  142.320  263.395  46.030  -41.209  -7.27  -7.27  0000
   33  -0.133  2783 99914898  141.275  261.294  46.236  -40.472  -7.53  -7.53  0000
   34  -0.100  2955 99914899  139.715  259.405  46.601  -39.783  -7.72  -7.72  0000
   35  -0.067  2901 99914900  138.511  257.486  46.873  -39.111  -7.77  -7.77  0000
   36  -0.033  3163 99914901  137.194  254.947  47.166  -38.244  -7.96  -7.96  0000
   37   0.000  3473 99914902  135.944  251.894  47.439  -37.227  -7.89  -7.89  0000
   38   0.033  3225 99914903  134.432  249.843  47.820  -36.529  -7.71  -7.71  0000
   39   0.067  3001 99914904  132.945  247.591  48.198  -35.779  -7.65  -7.65  0000
   40   0.100  2742 99914905  131.927  245.435  48.454  -35.081  -7.68  -7.68  0000
   41   0.133  3126 99914906  130.317  243.466  48.885  -34.436  -7.71  -7.71  0000
