#
#   version : 20090611
#    num_fr : 27
#      time : 20140125 09:06:45.236 UTC
#      unix : 1390640805.236311
#       ntp : LOCK 577 159655 2509
#       seq : 391618170
#       mul : 0 [A]
#      site : 01
#    latlon : 45.5749 -94.3965 370.0
#      text : Collegeville
#     label : 
#     plate : metal_20100816_20100506-404-gd3
#      geom : 640 480
#    reject : 0
#
#  fr    time   sum     seq       cx       cy      th      phi    lsp    mag  flag
   30  -0.767  2138 391618147  107.947  407.032  71.998  -73.098  -6.17   0.65  0000
   31  -0.734  2439 391618148  108.226  408.533  72.205  -73.392  -6.44   0.38  0000
   33  -0.667  2082 391618150  110.305  410.846  72.113  -74.063  -6.40   0.42  0000
   34  -0.634  2626 391618151  109.430  412.372  72.623  -74.203  -6.56   0.26  0000
   35  -0.601  2548 391618152  111.574  413.458  72.292  -74.675  -6.66   0.16  0000
   36  -0.567  2796 391618153  111.751  415.204  72.585  -74.990  -7.01  -0.19  0000
   37  -0.534  2594 391618154  111.466  416.612  72.929  -75.184  -7.13  -0.31  0000
   38  -0.501  2414 391618155  111.981  417.848  73.043  -75.458  -6.61   0.21  0000
   39  -0.467  2696 391618156  112.472  418.592  73.067  -75.648  -6.86  -0.04  0000
   40  -0.434  2685 391618157  113.764  420.300  73.086  -76.105  -6.74   0.08  0000
   41  -0.400  2622 391618158  113.207  422.805  73.724  -76.432  -6.93  -0.11  0000
   42  -0.367  2730 391618159  114.144  422.641  73.461  -76.536  -6.81   0.01  0000
   43  -0.334  2487 391618160  115.301  424.928  73.641  -77.064  -6.78   0.04  0000
   44  -0.300  2456 391618161  114.454  426.367  74.141  -77.172  -6.90  -0.08  0000
   45  -0.267  2770 391618162  115.231  427.778  74.242  -77.504  -6.57   0.25  0000
   46  -0.234  2739 391618163  116.624  429.272  74.214  -77.935  -6.90  -0.08  0000
   47  -0.200  2520 391618164  117.391  430.870  74.363  -78.292  -6.60   0.22  0000
   48  -0.167  2792 391618165  117.985  432.474  74.559  -78.624  -6.95  -0.13  0000
   49  -0.133  2595 391618166  117.971  433.205  74.716  -78.734  -6.90  -0.08  0000
   50  -0.100  2723 391618167  117.698  434.535  75.063  -78.897  -7.07  -0.25  0000
   51  -0.067  2912 391618168  118.965  435.901  75.054  -79.286  -7.17  -0.35  0000
   52  -0.033  5319 391618169  119.694  437.297  75.182  -79.602  -8.72  -1.90  0000
   53   0.000  6383 391618170  120.054  438.825  75.428  -79.881  -8.93  -2.11  0000
   54   0.033  4906 391618171  120.371  439.929  75.594  -80.091  -8.56  -1.74  0000
   55   0.067  3818 391618172  121.254  440.877  75.595  -80.360  -7.85  -1.03  0000
   56   0.100  3045 391618173  122.010  442.330  75.739  -80.684  -7.51  -0.69  0000
   57   0.133  2436 391618174  122.011  444.483  76.215  -80.996  -6.08   0.74  0000
