#
#   version : 20090611
#    num_fr : 12
#      time : 20121229 10:49:27.912 UTC
#      unix : 1356778167.912425
#       ntp : LOCK 2828 576027 1023
#       seq : 41087531
#       mul : 0 [A]
#      site : 01
#    latlon : 45.5749 -94.3965 370.0
#      text : Collegeville
#     label : 
#     plate : metal_20100816_20100506-404-gd3
#      geom : 640 480
#    reject : 0
#
#  fr    time   sum     seq       cx       cy      th      phi    lsp    mag  flag
   30  -0.200  3323 41087525  105.872  196.118  58.968  -22.620  -7.30  -0.48  0000
   31  -0.167  5866 41087526  103.409  194.938  59.769  -22.498  -7.98  -1.16  0000
   32  -0.133  6899 41087527  101.755  193.182  60.380  -22.182  -8.34  -1.52  0000
   33  -0.100  5056 41087528  101.100  192.208  60.643  -21.991  -8.73  -1.91  0000
   34  -0.067  5791 41087529  100.011  191.492  61.015  -21.894  -8.79  -1.97  0000
   35  -0.033  4809 41087530   98.808  189.330  61.532  -21.460  -8.81  -1.99  0000
   36   0.000  8530 41087531   96.778  188.723  62.173  -21.463  -9.07  -2.25  0000
   37   0.033  5575 41087532   95.377  186.886  62.728  -21.131  -9.01  -2.19  0000
   38   0.067  7553 41087533   93.123  185.176  63.528  -20.897  -9.23  -2.41  0000
   39   0.100  8217 41087534   91.982  184.638  63.907  -20.857  -9.23  -2.41  0000
   40   0.133  6732 41087535   89.317  181.606  64.943  -20.361  -9.51  -2.69  0000
   41   0.167  6796 41087536   87.930  180.530  65.444  -20.221  -9.24  -2.42  0000
