#
#   version : 20090611
#    num_fr : 16
#      time : 20100729 09:07:47.936 UTC
#      unix : 1280394467.936103
#       ntp : LOCK -1456 434070 672
#       seq : 1737178
#       mul : 0 [A]
#      site : 01
#    latlon : 45.5749 -94.3965 370.0
#      text : Collegeville
#     label : 
#     plate : metal 20090611
#      geom : 640 480
#    reject : 0
#
#  fr    time   sum     seq       cx       cy      th      phi    lsp    mag  flag
   30  -0.334  2712 1737168  241.517  276.061  21.167  -61.967  -6.97  -6.97  0000
   31  -0.300  3767 1737169  241.049  273.176  20.926  -60.023  -7.32  -7.32  0000
   32  -0.267  4604 1737170  241.947  269.705  20.317  -58.090  -8.08  -8.08  0000
   33  -0.234  6759 1737171  241.465  267.522  20.201  -56.491  -8.80  -8.80  0000
   34  -0.200  7898 1737172  241.586  265.924  20.010  -55.450  -8.79  -8.79  0000
   35  -0.167  8001 1737173  241.808  263.729  19.745  -54.003  -8.80  -8.80  0000
   36  -0.133  7113 1737174  242.663  259.706  19.181  -51.366  -8.85  -8.85  0000
   37  -0.100  6417 1737175  244.353  258.086  18.624  -50.595  -8.74  -8.74  0000
   38  -0.067  8609 1737176  243.604  255.496  18.625  -48.453  -8.85  -8.85  0000
   39  -0.033  6747 1737177  244.823  252.253  18.105  -46.190  -9.09  -9.09  0000
   40   0.000  9694 1737178  244.785  249.191  17.951  -43.735  -9.20  -9.20  0000
   41   0.033  5328 1737179  245.555  246.436  17.630  -41.603  -8.87  -8.87  0000
   42   0.067  6548 1737180  246.295  244.108  17.356  -39.751  -8.68  -8.68  0000
   43   0.100  5687 1737181  247.511  241.101  16.961  -37.293  -8.83  -8.83  0000
   44   0.133  7287 1737182  247.170  237.431  17.008  -34.096  -8.31  -8.31  0000
   45   0.167  3300 1737183  248.220  235.914  16.726  -32.785  -7.45  -7.45  0000
