#
#   version : 20090611
#    num_fr : 15
#      time : 20140117 12:40:50.533 UTC
#      unix : 1389962450.533800
#       ntp : LOCK -435 569842 3171
#       seq : 371288386
#       mul : 0 [A]
#      site : 01
#    latlon : 45.5749 -94.3965 370.0
#      text : Collegeville
#     label : 
#     plate : metal_20100816_20100506-404-gd3
#      geom : 640 480
#    reject : 0
#
#  fr    time   sum     seq       cx       cy      th      phi    lsp    mag  flag
   30  -0.234  2239 371288379  238.164  403.279  45.338  -99.620  -7.11  -0.29  0000
   31  -0.200  3639 371288380  236.811  402.148  45.232  -99.040  -6.57   0.25  0000
   32  -0.167  3152 371288381  235.011  401.373  45.278  -98.376  -6.87  -0.05  0000
   33  -0.133  3675 371288382  231.788  400.946  45.611  -97.340  -7.39  -0.57  0000
   34  -0.100  4023 371288383  231.783  400.092  45.404  -97.205  -7.42  -0.60  0000
   35  -0.067  5525 371288384  229.991  399.037  45.399  -96.502  -7.69  -0.87  0000
   36  -0.033  4808 371288385  227.281  398.052  45.551  -95.541  -7.94  -1.12  0000
   37   0.000  6170 371288386  225.265  397.117  45.626  -94.795  -8.23  -1.41  0000
   38   0.033  4752 371288387  223.763  396.162  45.626  -94.197  -8.36  -1.54  0000
   39   0.067  4777 371288388  221.603  395.173  45.725  -93.405  -8.35  -1.53  0000
   40   0.100  5340 371288389  219.295  394.008  45.816  -92.542  -8.28  -1.46  0000
   41   0.133  4741 371288390  217.184  392.343  45.771  -91.646  -8.32  -1.50  0000
   42   0.167  6000 371288391  215.271  391.271  45.840  -90.915  -8.13  -1.31  0000
   43   0.200  4531 371288392  213.714  390.296  45.879  -90.301  -7.73  -0.91  0000
   44   0.234  3025 371288393  211.224  389.738  46.177  -89.517  -7.06  -0.24  0000
