#
#   version : 20090611
#    num_fr : 14
#      time : 20130831 07:49:45.026 UTC
#      unix : 1377935385.026922
#       ntp : LOCK -15 521280 726
#       seq : 10845640
#       mul : 0 [A]
#      site : 01
#    latlon : 45.5749 -94.3965 370.0
#      text : Collegeville
#     label : 
#     plate : metal_20100816_20100506-404-gd3
#      geom : 640 480
#    reject : 0
#
#  fr    time   sum     seq       cx       cy      th      phi    lsp    mag  flag
   29  -0.133  1619 10845636  411.948  437.606  57.233 -154.065  -6.14   0.68  0000
   30  -0.100  2716 10845637  411.728  437.545  57.187 -154.021  -7.39  -0.57  0000
   31  -0.067  3790 10845638  413.667  438.133  57.609 -154.402  -7.96  -1.14  0000
   32  -0.033  3685 10845639  414.700  438.426  57.831 -154.606  -8.33  -1.51  0000
   33   0.000  4122 10845640  415.018  438.630  57.928 -154.653  -8.34  -1.52  0000
   34   0.033  3568 10845641  417.384  438.643  58.275 -155.202  -8.09  -1.27  0000
   35   0.067  3239 10845642  418.371  439.359  58.599 -155.333  -8.02  -1.20  0000
   36   0.100  3202 10845643  418.840  439.133  58.612 -155.471  -7.50  -0.68  0000
   37   0.133  2712 10845644  421.243  439.565  59.078 -155.960  -7.46  -0.64  0000
   38   0.167  2983 10845645  421.604  439.860  59.206 -156.001  -7.69  -0.87  0000
   39   0.200  2994 10845646  423.750  440.131  59.599 -156.446  -7.31  -0.49  0000
   40   0.234  3117 10845647  424.804  440.245  59.789 -156.665  -7.87  -1.05  0000
   41   0.267  2550 10845648  424.961  440.276  59.821 -156.696  -6.96  -0.14  0000
   42   0.300  1591 10845649  427.336  440.757  60.309 -157.153  -5.80   1.02  0000
