#
#   version : 20090611
#    num_fr : 17
#      time : 20091117 06:59:42.178 UTC
#      unix : 1258441182.178484
#       ntp : LOCK 2679 397171 1879
#       seq : 37403686
#       mul : 0 [A]
#      site : 01
#    latlon : 45.5749 -94.3965 370.0
#      text : Collegeville
#     label : 
#     plate : 
#      geom : 640 480
#    reject : 0
#
#  fr    time   sum     seq       cx       cy      th      phi    lsp    mag  flag
   30  -0.567  1482 37403669  475.356  120.559  54.332  111.437  -6.27  -6.27  0000
   33  -0.467  1844 37403672  482.126  126.606  55.033  113.853  -6.68  -6.68  0000
   34  -0.434  1842 37403673  484.023  128.346  55.242  114.530  -6.55  -6.55  0000
   35  -0.400  2026 37403674  486.854  130.524  55.630  115.432  -6.96  -6.96  0000
   36  -0.367  2394 37403675  488.779  132.373  55.851  116.125  -7.35  -7.35  0000
   37  -0.334  2614 37403676  491.741  134.607  56.293  117.035  -7.38  -7.38  0000
   38  -0.300  2899 37403677  493.648  136.910  56.469  117.819  -7.45  -7.45  0000
   39  -0.267  2762 37403678  495.627  138.903  56.717  118.533  -7.52  -7.52  0000
   40  -0.234  2733 37403679  498.554  141.788  57.109  119.561  -7.56  -7.56  0000
   41  -0.200  2964 37403680  499.449  143.762  57.096  120.135  -7.51  -7.51  0000
   42  -0.167  2577 37403681  502.574  145.863  57.668  120.978  -7.54  -7.54  0000
   43  -0.133  2932 37403682  505.470  148.421  58.139  121.892  -7.68  -7.68  0000
   44  -0.100  2913 37403683  506.234  150.491  58.106  122.465  -7.47  -7.47  0000
   45  -0.067  2677 37403684  509.031  152.693  58.617  123.264  -7.54  -7.54  0000
   46  -0.033  2919 37403685  511.746  155.469  59.058  124.180  -7.61  -7.61  0000
   47   0.000  3001 37403686  513.738  157.844  59.358  124.925  -7.58  -7.58  0000
   48   0.033  2673 37403687  515.521  159.954  59.637  125.581  -7.52  -7.52  0000
