#
#   version : 20090611
#    num_fr : 12
#      time : 20091117 08:53:28.996 UTC
#      unix : 1258448008.996425
#       ntp : LOCK 5067 226500 2234
#       seq : 37608286
#       mul : 0 [A]
#      site : 01
#    latlon : 45.5749 -94.3965 370.0
#      text : Collegeville
#     label : 
#     plate : 
#      geom : 640 480
#    reject : 0
#
#  fr    time   sum     seq       cx       cy      th      phi    lsp    mag  flag
   30  -0.300  1981 37608277  105.690  306.311  58.948  -50.455  -6.56  -6.56  0000
   31  -0.267  2040 37608278  105.527  307.146  59.066  -50.644  -6.94  -6.94  0000
   32  -0.234  2638 37608279  104.958  308.581  59.351  -50.942  -7.38  -7.38  0000
   33  -0.200  2515 37608280  105.601  310.847  59.381  -51.552  -7.36  -7.36  0000
   34  -0.167  2601 37608281  105.163  312.286  59.635  -51.858  -7.59  -7.59  0000
   35  -0.133  2795 37608282  104.991  314.363  59.880  -52.340  -7.81  -7.81  0000
   36  -0.100  2705 37608283  105.616  316.432  59.912  -52.895  -7.66  -7.66  0000
   37  -0.067  2837 37608284  105.253  318.041  60.172  -53.240  -7.73  -7.73  0000
   38  -0.033  2739 37608285  104.779  320.594  60.561  -53.793  -7.85  -7.85  0000
   39   0.000  3151 37608286  105.498  322.503  60.566  -54.314  -7.84  -7.84  0000
   40   0.033  2824 37608287  105.223  324.163  60.817  -54.671  -7.80  -7.80  0000
   41   0.067  2862 37608288  104.774  326.537  61.196  -55.171  -7.80  -7.80  0000
