#
#   version : 20090611
#    num_fr : 55
#      time : 20091117 01:00:15.205 UTC
#      unix : 1258419615.205209
#       ntp : LOCK -5351 374637 2985
#       seq : 36757323
#       mul : 0 [A]
#      site : 01
#    latlon : 45.5749 -94.3965 370.0
#      text : Collegeville
#     label : 
#     plate : 
#      geom : 640 480
#    reject : 0
#
#  fr    time   sum     seq       cx       cy      th      phi    lsp    mag  flag
   30  -0.501  1326 36757308  136.620  304.858  50.472  -53.246  -5.93  -5.93  0000
   31  -0.467  1447 36757309  136.093  305.205  50.645  -53.281  -6.04  -6.04  0000
   32  -0.434  2088 36757310  135.960  306.665  50.823  -53.671  -6.60  -6.60  0000
   33  -0.400  2006 36757311  135.613  307.165  50.964  -53.769  -6.77  -6.77  0000
   34  -0.367  2199 36757312  135.205  308.083  51.163  -53.973  -6.76  -6.76  0000
   35  -0.334  2529 36757313  134.537  309.069  51.439  -54.164  -7.04  -7.04  0000
   36  -0.300  2474 36757314  135.525  310.175  51.292  -54.584  -7.10  -7.10  0000
   37  -0.267  2530 36757315  135.588  310.336  51.292  -54.636  -7.22  -7.22  0000
   38  -0.234  2663 36757316  134.906  311.839  51.628  -54.961  -7.16  -7.16  0000
   39  -0.200  2611 36757317  134.983  312.377  51.664  -55.115  -7.37  -7.37  0000
   40  -0.167  2740 36757318  134.911  313.715  51.825  -55.466  -7.35  -7.35  0000
   41  -0.133  2623 36757319  134.393  314.499  52.045  -55.612  -7.43  -7.43  0000
   42  -0.100  2588 36757320  133.508  315.654  52.401  -55.809  -7.36  -7.36  0000
   43  -0.067  2640 36757321  133.572  316.391  52.465  -56.012  -7.49  -7.49  0000
   44  -0.033  2796 36757322  132.768  317.217  52.765  -56.128  -7.29  -7.29  0000
   45   0.000  2979 36757323  132.835  318.688  52.912  -56.522  -7.37  -7.37  0000
   46   0.033  2904 36757324  132.752  319.533  53.029  -56.731  -7.34  -7.34  0000
   47   0.067  2702 36757325  132.450  320.420  53.208  -56.923  -7.30  -7.30  0000
   48   0.100  2812 36757326  132.858  321.556  53.233  -57.269  -7.37  -7.37  0000
   49   0.133  2599 36757327  132.704  322.132  53.339  -57.397  -7.38  -7.38  0000
   50   0.167  2672 36757328  132.393  323.610  53.593  -57.735  -7.44  -7.44  0000
   51   0.200  2348 36757329  132.024  324.700  53.817  -57.964  -7.37  -7.37  0000
   52   0.234  2616 36757330  131.654  325.815  54.045  -58.197  -7.33  -7.33  0000
   53   0.267  2632 36757331  131.834  326.524  54.084  -58.400  -7.32  -7.32  0000
   54   0.300  2637 36757332  130.938  327.727  54.460  -58.582  -7.23  -7.23  0000
   55   0.334  2701 36757333  131.732  328.666  54.372  -58.923  -7.13  -7.13  0000
   56   0.367  2700 36757334  131.084  330.080  54.712  -59.187  -7.16  -7.16  0000
   57   0.400  2408 36757335  131.196  330.678  54.759  -59.349  -7.11  -7.11  0000
   58   0.434  2296 36757336  131.409  332.053  54.878  -59.717  -7.12  -7.12  0000
   59   0.467  2409 36757337  130.726  333.048  55.178  -59.867  -7.26  -7.26  0000
   60   0.500  2321 36757338  130.148  334.241  55.477  -60.077  -7.25  -7.25  0000
   61   0.534  2260 36757339  129.690  334.996  55.691  -60.197  -7.15  -7.15  0000
   62   0.567  2481 36757340  129.309  336.214  55.946  -60.437  -7.12  -7.12  0000
   63   0.601  2377 36757341  129.555  337.040  55.992  -60.668  -6.95  -6.95  0000
   64   0.634  2054 36757342  130.025  338.519  56.069  -61.086  -6.82  -6.82  0000
   65   0.667  2274 36757343  130.244  339.143  56.097  -61.264  -6.99  -6.99  0000
   66   0.701  2412 36757344  129.277  340.481  56.520  -61.444  -7.23  -7.23  0000
   67   0.734  2123 36757345  129.165  341.383  56.670  -61.639  -7.03  -7.03  0000
   68   0.767  2178 36757346  129.064  342.554  56.855  -61.898  -7.21  -7.21  0000
   69   0.801  2474 36757347  128.524  343.920  57.178  -62.138  -7.25  -7.25  0000
   70   0.834  2498 36757348  128.305  344.430  57.304  -62.224  -7.28  -7.28  0000
   71   0.868  2484 36757349  128.011  345.473  57.522  -62.421  -7.11  -7.11  0000
   72   0.901  2548 36757350  128.713  346.505  57.492  -62.758  -7.28  -7.28  0000
   73   0.934  2731 36757351  128.474  347.943  57.755  -63.050  -7.59  -7.59  0000
   74   0.968  2430 36757352  128.199  348.817  57.948  -63.207  -7.44  -7.44  0000
   75   1.001  2561 36757353  128.275  349.708  58.057  -63.419  -7.42  -7.42  0000
   76   1.034  2226 36757354  127.772  351.101  58.383  -63.657  -7.24  -7.24  0000
   77   1.068  2202 36757355  127.482  352.093  58.599  -63.835  -6.95  -6.95  0000
   78   1.101  2124 36757356  127.333  352.763  58.733  -63.962  -6.62  -6.62  0000
   79   1.134  2034 36757357  127.859  353.977  58.783  -64.306  -6.52  -6.52  0000
   80   1.168  2058 36757358  127.944  354.477  58.836  -64.428  -6.72  -6.72  0000
   81   1.201  1843 36757359  127.787  356.050  59.109  -64.749  -6.44  -6.44  0000
   82   1.235  1795 36757360  127.153  357.012  59.409  -64.863  -6.40  -6.40  0000
   83   1.268  1821 36757361  127.164  357.785  59.523  -65.032  -6.47  -6.47  0000
   84   1.301  1396 36757362  126.924  358.218  59.647  -65.089  -5.87  -5.87  0000
