#
#   version : 20090611
#    num_fr : 22
#      time : 20091117 07:07:51.267 UTC
#      unix : 1258441671.267092
#       ntp : LOCK 2457 119817 1761
#       seq : 37418344
#       mul : 0 [A]
#      site : 01
#    latlon : 45.5749 -94.3965 370.0
#      text : Collegeville
#     label : 
#     plate : 
#      geom : 640 480
#    reject : 0
#
#  fr    time   sum     seq       cx       cy      th      phi    lsp    mag  flag
   29  -0.634  1426 37418325  126.065  366.283  61.108  -66.659  -6.02  -6.02  0000
   30  -0.601  1666 37418326  127.352  368.468  61.149  -67.304  -6.36  -6.36  0000
   31  -0.567  1467 37418327  128.588  370.534  61.190  -67.915  -6.29  -6.29  0000
   32  -0.534  1736 37418328  129.209  372.983  61.448  -68.507  -6.55  -6.55  0000
   33  -0.500  2055 37418329  130.761  375.260  61.465  -69.207  -6.84  -6.84  0000
   34  -0.467  2036 37418330  131.991  378.273  61.694  -69.999  -7.00  -7.00  0000
   35  -0.434  2359 37418331  132.414  380.022  61.899  -70.409  -7.20  -7.20  0000
   36  -0.400  2366 37418332  133.584  382.171  62.007  -71.016  -7.31  -7.31  0000
   37  -0.367  2530 37418333  135.204  384.690  62.087  -71.766  -7.72  -7.72  0000
   38  -0.334  2899 37418334  136.025  386.925  62.305  -72.326  -7.81  -7.81  0000
   39  -0.300  2837 37418335  137.481  389.205  62.396  -72.999  -7.54  -7.54  0000
   40  -0.267  2943 37418336  138.656  392.200  62.692  -73.753  -7.73  -7.73  0000
   41  -0.234  3099 37418337  140.087  394.701  62.850  -74.455  -7.96  -7.96  0000
   42  -0.200  3038 37418338  141.876  396.910  62.884  -75.164  -7.99  -7.99  0000
   43  -0.167  3246 37418339  142.684  400.063  63.322  -75.865  -8.05  -8.05  0000
   44  -0.133  3616 37418340  145.025  402.015  63.208  -76.622  -8.16  -8.16  0000
   45  -0.100  3527 37418341  145.722  404.359  63.528  -77.152  -8.24  -8.24  0000
   46  -0.067  3797 37418342  146.979  406.841  63.765  -77.802  -8.21  -8.21  0000
   47  -0.033  3825 37418343  148.595  409.254  63.924  -78.501  -8.37  -8.37  0000
   48   0.000  4900 37418344  149.839  411.255  64.082  -79.061  -8.85  -8.85  0000
   49   0.033  4090 37418345  151.361  414.169  64.382  -79.817  -8.39  -8.39  0000
   50   0.067  2187 37418346  152.263  416.413  64.675  -80.345  -7.29  -7.29  0000
