#
#   version : 20090611
#    num_fr : 12
#      time : 20091117 07:04:07.043 UTC
#      unix : 1258441447.043103
#       ntp : LOCK 2637 527171 1879
#       seq : 37411624
#       mul : 0 [A]
#      site : 01
#    latlon : 45.5749 -94.3965 370.0
#      text : Collegeville
#     label : 
#     plate : 
#      geom : 640 480
#    reject : 0
#
#  fr    time   sum     seq       cx       cy      th      phi    lsp    mag  flag
   30  -0.133  1428 37411620  411.613  270.218  28.042  164.430  -6.24  -6.24  0000
   31  -0.100  1709 37411621  413.953  272.943  28.873  165.350  -6.64  -6.64  0000
   32  -0.067  1803 37411622  416.527  276.317  29.830  166.478  -6.61  -6.61  0000
   33  -0.033  1861 37411623  419.133  278.612  30.706  167.045  -7.08  -7.08  0000
   34   0.000  2132 37411624  422.146  282.177  31.814  168.055  -7.17  -7.17  0000
   35   0.033  2107 37411625  424.850  284.510  32.730  168.541  -7.00  -7.00  0000
   36   0.067  1723 37411626  428.179  287.892  33.916  169.307  -6.69  -6.69  0000
   37   0.100  1698 37411627  429.492  290.735  34.548  170.187  -6.75  -6.75  0000
   38   0.133  1849 37411628  431.940  294.123  35.533  171.027  -6.76  -6.76  0000
   39   0.167  1513 37411629  435.150  296.191  36.565  171.194  -6.51  -6.51  0000
   40   0.200  1553 37411630  438.261  300.114  37.790  172.026  -6.25  -6.25  0000
   41   0.234  1499 37411631  438.689  301.985  38.117  172.601  -6.35  -6.35  0000
