#
#   version : 20090611
#    num_fr : 14
#      time : 20091106 09:38:31.212 UTC
#      unix : 1257500311.212653
#       ntp : LOCK -1919 1026645 8147
#       seq : 9205773
#       mul : 0 [A]
#      site : 01
#    latlon : 45.5749 -94.3965 370.0
#      text : Collegeville
#     label : 
#     plate : 
#      geom : 640 480
#    reject : 0
#
#  fr    time   sum     seq       cx       cy      th      phi    lsp    mag  flag
   29  -0.334  3752 9205763  358.714  248.315  12.822  160.613    nan    nan  0000
   30  -0.300  3926 9205764  361.854  246.745  13.547  158.077  -6.99  -6.99  0000
   31  -0.267  5850 9205765  368.372  245.186  15.185  155.236  -8.21  -8.21  0000
   32  -0.234  6852 9205766  370.118  244.182  15.610  154.027  -8.27  -8.27  0000
   33  -0.200  6928 9205767  373.606  243.786  16.521  153.227  -8.78  -8.78  0000
   34  -0.167  7716 9205768  378.607  242.007  17.805  151.221  -9.15  -9.15  0000
   35  -0.133  7982 9205769  382.058  240.662  18.702  149.902  -9.40  -9.40  0000
   36  -0.100  8301 9205770  385.837  239.895  19.702  149.121  -9.42  -9.42  0000
   37  -0.067  7815 9205771  390.302  238.034  20.884  147.617  -9.37  -9.37  0000
   38  -0.033  7962 9205772  394.264  237.223  21.946  146.981  -9.50  -9.50  0000
   39   0.000  9009 9205773  398.874  234.834  23.191  145.389  -9.46  -9.46  0000
   40   0.033  7708 9205774  402.498  234.214  24.172  145.020  -9.40  -9.40  0000
   41   0.067  5851 9205775  407.072  232.548  25.422  144.077  -8.67  -8.67  0000
   42   0.100  4115 9205776  413.329  231.248  27.131  143.456  -7.32  -7.32  0000
