#
#   version : 20090611
#    num_fr : 14
#      time : 20091028 04:55:11.807 UTC
#      unix : 1256705711.807282
#       ntp : LOCK -1336 616516 514
#       seq : 11238668
#       mul : 0 [A]
#      site : 01
#    latlon : 45.5749 -94.3965 370.0
#      text : Collegeville
#     label : 
#     plate : 
#      geom : 640 480
#    reject : 0
#
#  fr    time   sum     seq       cx       cy      th      phi    lsp    mag  flag
   29  -0.234  2589 11238661  381.995   88.822  43.213   82.742  -6.30  -6.30  0000
   30  -0.200  2753 11238662  384.122   87.040  43.919   83.137  -6.51  -6.51  0000
   31  -0.167  2883 11238663  387.331   86.587  44.442   84.051  -6.69  -6.69  0000
   32  -0.133  2457 11238664  389.194   84.842  45.114   84.342  -6.84  -6.84  0000
   33  -0.100  2947 11238665  391.247   83.970  45.600   84.815  -6.89  -6.89  0000
   34  -0.067  2843 11238666  395.609   83.277  46.367   85.970  -6.77  -6.77  0000
   35  -0.033  4288 11238667  397.248   81.702  46.977   86.186  -7.89  -7.89  0000
   36   0.000  5018 11238668  400.361   81.214  47.539   86.975  -8.26  -8.26  0000
   37   0.033  4583 11238669  401.645   80.360  47.930   87.191  -7.98  -7.98  0000
   38   0.067  4250 11238670  405.521   79.323  48.751   88.069  -7.95  -7.95  0000
   39   0.100  4348 11238671  405.941   78.230  49.074   88.005  -7.71  -7.71  0000
   40   0.133  3768 11238672  408.495   77.649  49.599   88.582  -7.54  -7.54  0000
   41   0.167  3814 11238673  412.033   76.914  50.319   89.372  -7.50  -7.50  0000
   42   0.200  3547 11238674  413.473   75.865  50.792   89.565  -7.16  -7.16  0000
