#
#   version : 20090611
#    num_fr : 13
#      time : 20100323 10:16:20.129 UTC
#      unix : 1269339380.129642
#       ntp : LOCK -2853 528330 1283
#       seq : 9117215
#       mul : 0 [A]
#      site : 01
#    latlon : 45.5749 -94.3965 370.0
#      text : Collegeville
#     label : 
#     plate : metal 20090611
#      geom : 640 480
#    reject : 0
#
#  fr    time   sum     seq       cx       cy      th      phi    lsp    mag  flag
   29  -0.234  1667 9117208  316.620  433.520  51.772 -125.156  -6.29  -6.29  0000
   30  -0.200  2092 9117209  315.881  433.979  51.893 -124.929  -6.78  -6.78  0000
   31  -0.167  1843 9117210  315.375  434.186  51.947 -124.774  -6.75  -6.75  0000
   32  -0.133  1833 9117211  314.872  434.781  52.107 -124.620  -6.74  -6.74  0000
   33  -0.100  1620 9117212  314.224  434.953  52.151 -124.424  -6.50  -6.50  0000
   34  -0.067  2063 9117213  313.356  435.873  52.401 -124.161  -6.78  -6.78  0000
   35  -0.033  1998 9117214  312.714  435.819  52.385 -123.968  -6.66  -6.66  0000
   36   0.000  2122 9117215  312.035  436.138  52.471 -123.764  -6.82  -6.82  0000
   37   0.033  1805 9117216  310.337  436.695  52.625 -123.256  -6.54  -6.54  0000
   38   0.067  1869 9117217  309.749  436.823  52.661 -123.080  -6.53  -6.53  0000
   39   0.100  1920 9117218  309.307  437.361  52.810 -122.951  -6.65  -6.65  0000
   40   0.133  1922 9117219  308.727  438.126  53.023 -122.783  -6.70  -6.70  0000
   42   0.200  1565 9117221  307.620  438.504  53.132 -122.456  -6.17  -6.17  0000
