#
#   version : 20090611
#    num_fr : 14
#      time : 20091122 04:21:59.235 UTC
#      unix : 1258863719.235471
#       ntp : LOCK 760 102565 981
#       seq : 50067130
#       mul : 0 [A]
#      site : 01
#    latlon : 45.5749 -94.3965 370.0
#      text : Collegeville
#     label : 
#     plate : 
#      geom : 640 480
#    reject : 0
#
#  fr    time   sum     seq       cx       cy      th      phi    lsp    mag  flag
   30  -0.334  2057 50067120  349.361  373.303  36.976 -139.514  -6.44  -6.44  0000
   31  -0.300  2886 50067121  349.887  376.444  37.819 -139.393  -7.34  -7.34  0000
   32  -0.267  3364 50067122  351.455  378.749  38.529 -139.767  -7.83  -7.83  0000
   33  -0.234  3667 50067123  352.124  382.438  39.526 -139.645  -7.95  -7.95  0000
   34  -0.200  3806 50067124  352.343  384.736  40.134 -139.499  -8.07  -8.07  0000
   35  -0.167  3889 50067125  352.852  388.223  41.071 -139.350  -8.10  -8.10  0000
   36  -0.133  3674 50067126  354.496  390.470  41.775 -139.731  -7.74  -7.74  0000
   37  -0.100  3332 50067127  355.039  392.961  42.460 -139.689  -7.57  -7.57  0000
   38  -0.067  3107 50067128  355.161  396.564  43.403 -139.401  -7.25  -7.25  0000
   39  -0.033  3229 50067129  355.555  398.951  44.052 -139.324  -7.48  -7.48  0000
   40   0.000  4440 50067130  356.056  403.097  45.169 -139.134  -7.82  -7.82  0000
   41   0.033  3907 50067131  357.678  404.862  45.752 -139.523  -7.71  -7.71  0000
   42   0.067  4077 50067132  358.647  408.986  46.902 -139.489  -7.53  -7.53  0000
   43   0.100  3904 50067133  358.215  410.739  47.329 -139.206  -7.28  -7.28  0000
