#
#   version : 20090611
#    num_fr : 42
#      time : 20141009 02:59:37.418 UTC
#      unix : 1412823577.418322
#       ntp : LOCK -2054 553190 4718
#       seq : 133173625
#       mul : 0 [A]
#      site : 01
#    latlon : 45.5749 -94.3965 370.0
#      text : Collegeville
#     label : 
#     plate : metal_20100816_20100506-404-gd3
#      geom : 640 480
#    reject : 0
#
#  fr    time   sum     seq       cx       cy      th      phi    lsp    mag  flag
   30  -1.268  3166 133173587  521.520  325.655  61.245  164.025  -7.00  -0.18  0000
   32  -1.201  3659 133173589  520.930  319.017  60.464  162.464  -5.35   1.47  0000
   37  -1.034  2716 133173594  515.975  299.103  57.516  157.754  -7.84  -1.02  0000
   39  -0.968  4867 133173596  513.296  291.178  56.268  155.798  -7.18  -0.36  0000
   42  -0.868  4496 133173599  507.541  284.179  54.258  154.154  -7.76  -0.94  0000
   44  -0.801  4634 133173601  503.487  279.462  52.887  152.991  -7.82  -1.00  0000
   45  -0.767  2740 133173602  500.200  279.039  51.932  153.002  -5.52   1.30  0000
   46  -0.734  3920 133173603  498.382  277.084  51.335  152.501  -7.50  -0.68  0000
   47  -0.701  3786 133173604  496.739  276.423  50.841  152.369  -7.44  -0.62  0000
   48  -0.667  4853 133173605  491.927  275.245  49.431  152.201  -7.43  -0.61  0000
   49  -0.634  4299 133173606  490.259  275.355  48.963  152.301  -8.12  -1.30  0000
   50  -0.601  4600 133173607  486.109  273.231  47.712  151.800  -7.20  -0.38  0000
   51  -0.567  5192 133173608  483.156  272.512  46.854  151.685  -8.47  -1.65  0000
   52  -0.534  3712 133173609  478.369  270.845  45.452  151.323  -7.37  -0.55  0000
   53  -0.501  6427 133173610  476.257  267.538  44.757  150.290  -8.47  -1.65  0000
   54  -0.467  4309 133173611  473.880  265.880  44.045  149.800  -8.11  -1.29  0000
   55  -0.434  5547 133173612  468.623  262.977  42.503  148.935  -8.51  -1.69  0000
   56  -0.400  5647 133173613  465.642  261.189  41.634  148.366  -8.66  -1.84  0000
   57  -0.367  4318 133173614  460.403  255.587  40.091  146.384  -8.42  -1.60  0000
   58  -0.334  5181 133173615  456.103  251.827  38.869  144.974  -8.89  -2.07  0000
   59  -0.300  4548 133173616  452.892  249.042  37.975  143.874  -7.61  -0.79  0000
   60  -0.267  5091 133173617  447.082  243.455  36.407  141.529  -8.79  -1.97  0000
   61  -0.234  4255 133173618  445.482  243.098  35.970  141.343  -8.36  -1.54  0000
   62  -0.200  6240 133173619  438.497  235.343  34.220  137.761  -8.60  -1.78  0000
   63  -0.167  6887 133173620  434.709  232.127  33.296  136.114  -8.96  -2.14  0000
   64  -0.133  6099 133173621  428.208  227.491  31.738  133.486  -8.56  -1.74  0000
   65  -0.100  6061 133173622  421.794  221.684  30.356  130.051  -9.04  -2.22  0000
   66  -0.067  4755 133173623  416.670  219.259  29.173  128.177  -8.52  -1.70  0000
   67  -0.033  5085 133173624  410.748  213.493  28.107  124.324  -8.90  -2.08  0000
   68   0.000  7774 133173625  406.752  211.807  27.248  122.686  -8.92  -2.10  0000
   69   0.033  7334 133173626  398.181  205.586  25.791  117.452  -8.88  -2.06  0000
   70   0.067  6518 133173627  391.700  202.829  24.590  114.138  -9.08  -2.26  0000
   71   0.100  6107 133173628  385.132  199.306  23.574  110.067  -8.90  -2.08  0000
   72   0.133  5320 133173629  376.333  193.773  22.559  103.675  -9.23  -2.41  0000
   73   0.167  4447 133173630  373.487  193.358  22.052  102.181  -8.69  -1.87  0000
   74   0.200  5445 133173631  362.415  187.182  21.152   93.552  -9.00  -2.18  0000
   75   0.234  6401 133173632  356.226  185.251  20.543   89.097  -9.03  -2.21  0000
   76   0.267  7114 133173633  348.444  179.935  20.631   82.131  -9.19  -2.37  0000
   77   0.300  6561 133173634  341.069  177.451  20.372   76.367  -9.10  -2.28  0000
   78   0.334  6597 133173635  334.214  175.112  20.327   70.918  -8.81  -1.99  0000
   79   0.367  5373 133173636  325.988  169.536  21.231   64.045  -8.90  -2.08  0000
   80   0.400  3972 133173637  323.469  169.547  21.119   62.243  -8.20  -1.38  0000
