#
#   version : 20090611
#    num_fr : 12
#      time : 20110414 04:42:36.190 UTC
#      unix : 1302756156.190796
#       ntp : LOCK 1210 626689 7329
#       seq : 236485083
#       mul : 0 [A]
#      site : 01
#    latlon : 45.5749 -94.3965 370.0
#      text : Collegeville
#     label : 
#     plate : metal_20100816_20100506-404-gd3
#      geom : 640 480
#    reject : 0
#
#  fr    time   sum     seq       cx       cy      th      phi    lsp    mag  flag
   30  -0.434  2535 236485070  375.146   86.093  46.638   75.291  -6.43  -6.43  0000
   31  -0.400  2681 236485071  375.416   85.822  46.736   75.342  -6.24  -6.24  0000
   33  -0.334  2682 236485073  378.985   84.746  47.393   76.311  -6.27  -6.27  0000
   35  -0.267  2573 236485075  381.980   84.856  47.697   77.235  -6.05  -6.05  0000
   37  -0.200  2828 236485077  385.964   84.763  48.182   78.416  -5.56  -5.56  0000
   38  -0.167  3292 236485078  386.008   84.649  48.216   78.413  -5.91  -5.91  0000
   39  -0.133  3169 236485079  387.815   84.332  48.513   78.903  -6.05  -6.05  0000
   40  -0.100  2706 236485080  388.317   84.076  48.638   79.015  -5.53  -5.53  0000
   42  -0.033  4860 236485082  392.669   83.107  49.421   80.138  -8.35  -8.35  0000
   43   0.000  6912 236485083  393.085   83.404  49.400   80.299  -8.98  -8.98  0000
   44   0.033  3575 236485084  395.250   83.723  49.600   80.958  -7.42  -7.42  0000
   45   0.067  3349 236485085  395.290   84.096  49.512   81.023  -6.17  -6.17  0000
