#
#   version : 20090611
#    num_fr : 13
#      time : 20121222 11:51:20.898 UTC
#      unix : 1356177080.898478
#       ntp : LOCK -47 196335 377
#       seq : 23073162
#       mul : 0 [A]
#      site : 01
#    latlon : 45.5749 -94.3965 370.0
#      text : Collegeville
#     label : 
#     plate : metal_20100816_20100506-404-gd3
#      geom : 640 480
#    reject : 0
#
#  fr    time   sum     seq       cx       cy      th      phi    lsp    mag  flag
   30  -0.334  2322 23073152  230.943  156.140  32.902   11.865  -5.90   0.92  0000
   32  -0.267  3292 23073154  231.320  148.821  34.334   14.101  -7.51  -0.69  0000
   33  -0.234  4622 23073155  231.168  145.495  35.059   14.944  -8.15  -1.33  0000
   34  -0.200  5458 23073156  230.703  143.114  35.645   15.403  -8.52  -1.70  0000
   35  -0.167  5619 23073157  230.958  139.679  36.339   16.357  -8.60  -1.78  0000
   36  -0.133  7342 23073158  231.092  135.515  37.224   17.405  -9.16  -2.34  0000
   37  -0.100  7099 23073159  231.210  133.159  37.724   17.991  -9.06  -2.24  0000
   38  -0.067  8072 23073160  231.655  128.297  38.739   19.220  -9.20  -2.38  0000
   39  -0.033  8538 23073161  231.777  125.742  39.298   19.803  -9.45  -2.63  0000
   40   0.000  9222 23073162  232.309  121.342  40.223   20.877  -9.47  -2.65  0000
   41   0.033  8875 23073163  233.009  117.838  40.930   21.787  -9.24  -2.42  0000
   42   0.067  9121 23073164  233.638  112.502  42.092   22.975  -9.40  -2.58  0000
   43   0.100  6586 23073165  233.256  111.699  42.337   22.995  -9.09  -2.27  0000
