#
#   version : 20090611
#    num_fr : 26
#      time : 20121222 03:19:00.765 UTC
#      unix : 1356146340.765665
#       ntp : LOCK -229 722654 454
#       seq : 22151896
#       mul : 0 [A]
#      site : 01
#    latlon : 45.5749 -94.3965 370.0
#      text : Collegeville
#     label : 
#     plate : metal_20100816_20100506-404-gd3
#      geom : 640 480
#    reject : 0
#
#  fr    time   sum     seq       cx       cy      th      phi    lsp    mag  flag
   30  -0.767  3826 22151873  180.044  158.941  43.255   -2.850  -6.24   0.58  0000
   31  -0.734  3311 22151874  178.835  159.815  43.408   -3.348  -7.04  -0.22  0000
   33  -0.667  3500 22151876  175.491  161.129  44.012   -4.388  -7.15  -0.33  0000
   34  -0.634  3357 22151877  174.007  161.987  44.245   -4.920  -7.07  -0.25  0000
   35  -0.601  4223 22151878  171.699  162.920  44.673   -5.621  -7.41  -0.59  0000
   36  -0.567  3675 22151879  170.900  163.875  44.733   -6.043  -7.41  -0.59  0000
   37  -0.534  3545 22151880  169.858  164.820  44.857   -6.504  -7.74  -0.92  0000
   38  -0.501  4030 22151881  168.920  165.778  44.957   -6.949  -7.77  -0.95  0000
   39  -0.467  4960 22151882  166.270  166.193  45.561   -7.530  -7.64  -0.82  0000
   40  -0.434  6340 22151883  165.111  168.517  45.542   -8.399  -7.97  -1.15  0000
   41  -0.400  5179 22151884  163.850  168.092  45.916   -8.485  -8.08  -1.26  0000
   42  -0.367  6189 22151885  163.437  169.778  45.801   -9.042  -8.22  -1.40  0000
   43  -0.334  5711 22151886  160.261  170.710  46.492   -9.818  -8.25  -1.43  0000
   44  -0.300  5679 22151887  158.923  171.632  46.721  -10.291  -8.26  -1.44  0000
   45  -0.267  5540 22151888  157.720  172.587  46.913  -10.749  -8.38  -1.56  0000
   46  -0.234  7957 22151889  155.494  173.154  47.422  -11.242  -8.81  -1.99  0000
   47  -0.200  5091 22151890  154.201  174.369  47.615  -11.777  -8.64  -1.82  0000
   48  -0.167  7925 22151891  151.861  175.250  48.126  -12.358  -8.82  -2.00  0000
   49  -0.133  7747 22151892  150.167  176.832  48.392  -13.041  -8.93  -2.11  0000
   50  -0.100  7738 22151893  148.841  178.188  48.593  -13.604  -9.04  -2.22  0000
   51  -0.067  7409 22151894  147.950  178.995  48.742  -13.951  -9.23  -2.41  0000
   52  -0.033  9022 22151895  145.506  179.444  49.347  -14.388  -9.67  -2.85  0000
   53   0.000  9273 22151896  144.287  180.587  49.554  -14.862  -9.73  -2.91  0000
   54   0.033  8082 22151897  143.106  181.903  49.736  -15.377  -9.05  -2.23  0000
   55   0.067  6003 22151898  141.842  183.333  49.934  -15.930  -8.75  -1.93  0000
   56   0.100  3974 22151899  139.691  184.011  50.452  -16.366  -7.47  -0.65  0000
