#
#   version : 20090611
#    num_fr : 13
#      time : 20141017 01:50:43.293 UTC
#      unix : 1413510643.293819
#       ntp : LOCK 135 861646 900
#       seq : 153764529
#       mul : 0 [A]
#      site : 01
#    latlon : 45.5749 -94.3965 370.0
#      text : Collegeville
#     label : 
#     plate : metal_20100816_20100506-404-gd3
#      geom : 640 480
#    reject : 0
#
#  fr    time   sum     seq       cx       cy      th      phi    lsp    mag  flag
   30  -0.334  1821 153764519  230.719  188.238  27.119    0.012  -6.14   0.68  0000
   31  -0.300  1740 153764520  229.206  190.311  27.133   -1.418  -5.92   0.90  0000
   32  -0.267  2085 153764521  229.955  194.412  26.349   -3.061  -6.51   0.31  0000
   33  -0.234  2039 153764522  229.045  196.381  26.275   -4.289  -6.49   0.33  0000
   34  -0.200  1839 153764523  227.213  200.531  26.140   -6.872  -6.31   0.51  0000
   35  -0.167  1895 153764524  226.798  202.859  25.939   -8.156  -6.18   0.64  0000
   36  -0.133  2188 153764525  226.453  206.845  25.539  -10.303  -6.71   0.11  0000
   37  -0.100  2162 153764526  225.478  210.181  25.404  -12.323  -6.53   0.29  0000
   38  -0.067  2195 153764527  224.423  212.415  25.433  -13.781  -6.72   0.10  0000
   39  -0.033  2561 153764528  224.149  216.476  25.107  -16.070  -7.16  -0.34  0000
   40   0.000  3056 153764529  222.485  220.551  25.184  -18.690  -7.52  -0.70  0000
   41   0.033  2575 153764530  223.869  222.554  24.664  -19.575  -7.03  -0.21  0000
   42   0.067  1996 153764531  222.039  226.301  24.878  -22.057  -6.45   0.37  0000
