#
#   version : 20090611
#    num_fr : 12
#      time : 20141017 01:14:34.963 UTC
#      unix : 1413508474.963636
#       ntp : LOCK 304 310211 961
#       seq : 153699546
#       mul : 0 [A]
#      site : 01
#    latlon : 45.5749 -94.3965 370.0
#      text : Collegeville
#     label : 
#     plate : metal_20100816_20100506-404-gd3
#      geom : 640 480
#    reject : 0
#
#  fr    time   sum     seq       cx       cy      th      phi    lsp    mag  flag
   30  -0.267  2271 153699538  406.642  446.865  58.884 -151.637  -6.23   0.59  0000
   31  -0.234  1812 153699539  404.991  449.404  59.332 -150.946  -5.91   0.91  0000
   32  -0.200  2091 153699540  403.806  450.156  59.379 -150.579  -6.47   0.35  0000
   34  -0.133  2194 153699542  400.314  452.988  59.696 -149.431  -6.77   0.05  0000
   35  -0.100  2297 153699543  398.777  455.123  60.081 -148.835  -6.78   0.04  0000
   36  -0.067  2599 153699544  398.454  456.649  60.451 -148.597  -6.83  -0.01  0000
   37  -0.033  2362 153699545  397.290  457.760  60.614 -148.205  -6.81   0.01  0000
   38   0.000  2842 153699546  396.167  459.270  60.892 -147.785  -7.22  -0.40  0000
   39   0.033  2762 153699547  395.300  460.828  61.216 -147.424  -7.52  -0.70  0000
   40   0.067  2539 153699548  393.797  462.185  61.418 -146.936  -7.06  -0.24  0000
   41   0.100  2078 153699549  392.287  463.684  61.664 -146.436  -6.24   0.58  0000
   42   0.133  2238 153699550  391.045  464.409  61.730 -146.074  -6.43   0.39  0000
