#
#   version : 20090611
#    num_fr : 12
#      time : 20130204 08:03:26.341 UTC
#      unix : 1359965006.341608
#       ntp : LOCK 558 185203 265
#       seq : 24288496
#       mul : 0 [A]
#      site : 01
#    latlon : 45.5749 -94.3965 370.0
#      text : Collegeville
#     label : 
#     plate : metal_20100816_20100506-404-gd3
#      geom : 640 480
#    reject : 0
#
#  fr    time   sum     seq       cx       cy      th      phi    lsp    mag  flag
   30  -0.400  1722 24288484  324.143  446.147  52.390 -129.237  -5.93   0.89  0000
   31  -0.367  2060 24288485  324.934  448.807  53.157 -129.409  -6.16   0.66  0000
   32  -0.334  1889 24288486  325.067  450.690  53.694 -129.404  -5.63   1.19  0000
   33  -0.300  2156 24288487  326.718  452.367  54.202 -129.839  -6.68   0.14  0000
   34  -0.267  2415 24288488  327.266  452.797  54.336 -129.985  -6.91  -0.09  0000
   35  -0.234  2313 24288489  328.356  455.192  55.042 -130.232  -6.97  -0.15  0000
   37  -0.167  2372 24288491  330.748  458.868  56.150 -130.798  -7.05  -0.23  0000
   38  -0.133  2087 24288492  331.216  460.637  56.668 -130.876  -6.21   0.61  0000
   40  -0.067  2187 24288494  333.004  464.231  57.748 -131.254  -6.15   0.67  0000
   41  -0.033  2135 24288495  333.858  464.441  57.833 -131.477  -6.07   0.75  0000
   42   0.000  2983 24288496  335.101  467.257  58.681 -131.718  -7.29  -0.47  0000
   43   0.033  1895 24288497  334.581  468.278  58.959 -131.548  -6.02   0.80  0000
