#
#   version : 20090611
#    num_fr : 15
#      time : 20130820 05:56:38.652 UTC
#      unix : 1376978198.652232
#       ntp : LOCK 739 497217 490
#       seq : 86971978
#       mul : 0 [A]
#      site : 01
#    latlon : 45.5749 -94.3965 370.0
#      text : Collegeville
#     label : 
#     plate : metal_20100816_20100506-404-gd3
#      geom : 640 480
#    reject : 0
#
#  fr    time   sum     seq       cx       cy      th      phi    lsp    mag  flag
   29  -0.400  3470 86971966  504.543  342.281  58.403  169.651  -7.72  -0.90  0000
   30  -0.367  5429 86971967  506.058  345.043  59.147  170.144  -7.56  -0.74  0000
   31  -0.334  4196 86971968  505.786  346.418  59.247  170.500  -7.67  -0.85  0000
   32  -0.300  4384 86971969  507.137  348.549  59.876  170.848  -7.97  -1.15  0000
   33  -0.267  5258 86971970  507.819  352.500  60.570  171.685  -8.11  -1.29  0000
   34  -0.234  3769 86971971  508.005  354.458  60.880  172.110  -8.30  -1.48  0000
   35  -0.200  4245 86971972  507.705  355.676  60.964  172.421  -8.29  -1.47  0000
   36  -0.167  4392 86971973  508.804  357.979  61.568  172.812  -8.11  -1.29  0000
   37  -0.133  4905 86971974  508.334  360.703  61.823  173.473  -8.21  -1.39  0000
   38  -0.100  5933 86971975  509.344  362.723  62.373  173.798  -8.32  -1.50  0000
   39  -0.067  8564 86971976  509.432  364.047  62.585  174.077  -8.84  -2.02  0000
   40  -0.033  4835 86971977  510.385  366.034  63.120  174.394  -8.44  -1.62  0000
   41   0.000  9033 86971978  509.542  368.758  63.301  175.080  -8.73  -1.91  0000
   42   0.033  5962 86971979  511.624  370.064  64.035  175.105  -8.27  -1.45  0000
   43   0.067  3776 86971980  511.066  372.680  64.284  175.723  -7.11  -0.29  0000
