#
#   version : 20090611
#    num_fr : 19
#      time : 20140804 06:08:39.145 UTC
#      unix : 1407132519.145699
#       ntp : LOCK 72 109700 301
#       seq : 6285847
#       mul : 0 [A]
#      site : 01
#    latlon : 45.5749 -94.3965 370.0
#      text : Collegeville
#     label : 
#     plate : metal_20100816_20100506-404-gd3
#      geom : 640 480
#    reject : 0
#
#  fr    time   sum     seq       cx       cy      th      phi    lsp    mag  flag
   29  -0.567  2059 6285830  316.705   45.084  54.732   54.725  -6.34   0.48  0000
   30  -0.534  2402 6285831  317.213   44.648  54.859   54.868  -6.76   0.06  0000
   31  -0.500  1919 6285832  317.496   44.470  54.912   54.948  -6.33   0.49  0000
   32  -0.467  2367 6285833  319.630   44.992  54.782   55.572  -6.87  -0.05  0000
   33  -0.434  2797 6285834  319.925   44.681  54.873   55.653  -7.07  -0.25  0000
   34  -0.400  2932 6285835  320.366   44.690  54.875   55.781  -7.64  -0.82  0000
   35  -0.367  3556 6285836  320.650   44.617  54.899   55.862  -8.01  -1.19  0000
   36  -0.334  4011 6285837  321.886   44.204  55.032   56.212  -8.25  -1.43  0000
   37  -0.300  4267 6285838  323.116   44.666  54.918   56.576  -8.31  -1.49  0000
   38  -0.267  4303 6285839  323.667   44.458  54.986   56.731  -8.35  -1.53  0000
   39  -0.234  4465 6285840  324.234   44.395  55.013   56.893  -8.48  -1.66  0000
   40  -0.200  4716 6285841  325.103   44.150  55.098   57.138  -8.54  -1.72  0000
   41  -0.167  5277 6285842  327.106   43.979  55.185   57.710  -8.63  -1.81  0000
   42  -0.133  4517 6285843  327.571   44.024  55.182   57.845  -8.57  -1.75  0000
   43  -0.100  4702 6285844  328.306   44.014  55.202   58.055  -8.60  -1.78  0000
   44  -0.067  5427 6285845  329.385   43.658  55.328   58.355  -8.98  -2.16  0000
   45  -0.033  4515 6285846  330.888   43.839  55.314   58.790  -8.61  -1.79  0000
   46   0.000  7979 6285847  331.566   43.808  55.341   58.983  -9.50  -2.68  0000
   47   0.033  5551 6285848  332.428   43.421  55.475   59.217  -8.80  -1.98  0000
