#
#   version : 20090611
#    num_fr : 15
#      time : 20131122 08:08:41.610 UTC
#      unix : 1385107721.610955
#       ntp : LOCK 1566 438170 3706
#       seq : 225795641
#       mul : 0 [A]
#      site : 01
#    latlon : 45.5749 -94.3965 370.0
#      text : Collegeville
#     label : 
#     plate : metal_20100816_20100506-404-gd3
#      geom : 640 480
#    reject : 0
#
#  fr    time   sum     seq       cx       cy      th      phi    lsp    mag  flag
   29  -0.234  2763 225795634  298.257  406.637  41.475 -120.661  -6.58   0.24  0000
   30  -0.200  3865 225795635  298.031  408.978  42.121 -120.645  -6.86  -0.04  0000
   31  -0.167  3725 225795636  297.395  410.255  42.488 -120.451  -7.26  -0.44  0000
   32  -0.133  3848 225795637  297.928  412.864  43.189 -120.716  -8.00  -1.18  0000
   33  -0.100  4418 225795638  297.394  414.601  43.680 -120.575  -8.36  -1.54  0000
   34  -0.067  5619 225795639  296.550  417.235  44.429 -120.354  -8.36  -1.54  0000
   35  -0.033  5368 225795640  295.717  418.675  44.849 -120.108  -8.37  -1.55  0000
   36   0.000  6120 225795641  295.686  421.116  45.523 -120.169  -8.52  -1.70  0000
   37   0.033  5264 225795642  294.800  422.705  45.989 -119.917  -8.35  -1.53  0000
   38   0.067  4815 225795643  295.135  425.475  46.746 -120.109  -8.49  -1.67  0000
   39   0.100  4634 225795644  294.344  427.033  47.201 -119.894  -8.40  -1.58  0000
   40   0.133  5111 225795645  294.037  428.919  47.734 -119.849  -8.14  -1.32  0000
   41   0.167  4506 225795646  293.833  431.952  48.584 -119.870  -7.76  -0.94  0000
   42   0.200  3504 225795647  293.684  432.453  48.728 -119.836  -7.24  -0.42  0000
   43   0.234  2503 225795648  292.327  435.977  49.755 -119.512  -6.51   0.31  0000
