#
#   version : 20090611
#    num_fr : 39
#      time : 20131122 08:51:50.148 UTC
#      unix : 1385110310.148230
#       ntp : LOCK -559 213467 3572
#       seq : 225873218
#       mul : 0 [A]
#      site : 01
#    latlon : 45.5749 -94.3965 370.0
#      text : Collegeville
#     label : 
#     plate : metal_20100816_20100506-404-gd3
#      geom : 640 480
#    reject : 0
#
#  fr    time   sum     seq       cx       cy      th      phi    lsp    mag  flag
   29  -0.968  3107 225873189  188.472  191.256  36.830  -11.786  -6.65   0.17  0000
   30  -0.934  3077 225873190  188.174  191.128  36.920  -11.793  -6.56   0.26  0000
   31  -0.901  3752 225873191  186.164  188.956  37.680  -11.363  -7.14  -0.32  0000
   32  -0.868  3894 225873192  185.373  187.310  38.074  -10.917  -6.94  -0.12  0000
   33  -0.834  3455 225873193  184.233  187.624  38.326  -11.232  -7.30  -0.48  0000
   34  -0.801  4549 225873194  183.972  185.885  38.598  -10.667  -7.32  -0.50  0000
   35  -0.767  4320 225873195  181.703  184.884  39.291  -10.724  -7.48  -0.66  0000
   36  -0.734  4511 225873196  181.740  183.763  39.417  -10.334  -7.57  -0.75  0000
   37  -0.701  4821 225873197  180.632  182.030  39.908   -9.945  -7.70  -0.88  0000
   38  -0.667  5057 225873198  178.456  180.946  40.591   -9.969  -7.65  -0.83  0000
   39  -0.634  4932 225873199  177.268  179.702  41.044   -9.769  -7.90  -1.08  0000
   40  -0.601  4593 225873200  176.252  177.910  41.524   -9.366  -7.88  -1.06  0000
   41  -0.567  4907 225873201  175.769  177.530  41.694   -9.329  -8.06  -1.24  0000
   42  -0.534  4344 225873202  174.057  175.718  42.355   -9.053  -8.13  -1.31  0000
   43  -0.501  4513 225873203  173.428  174.164  42.712   -8.677  -8.14  -1.32  0000
   44  -0.467  4906 225873204  171.350  173.105  43.371   -8.711  -8.16  -1.34  0000
   45  -0.434  5291 225873205  170.376  171.278  43.854   -8.324  -8.13  -1.31  0000
   46  -0.400  5418 225873206  169.781  170.632  44.088   -8.232  -8.40  -1.58  0000
   47  -0.367  4190 225873207  167.476  169.498  44.817   -8.289  -8.32  -1.50  0000
   48  -0.334  5490 225873208  166.910  167.727  45.194   -7.865  -8.26  -1.44  0000
   49  -0.300  6075 225873209  165.187  166.636  45.773   -7.841  -8.43  -1.61  0000
   50  -0.267  5832 225873210  163.684  164.825  46.394   -7.576  -8.39  -1.57  0000
   51  -0.234  4609 225873211  163.658  163.821  46.537   -7.297  -8.16  -1.34  0000
   52  -0.200  4887 225873212  161.708  162.563  47.198   -7.272  -8.29  -1.47  0000
   53  -0.167  5602 225873213  160.901  161.509  47.545   -7.115  -8.25  -1.43  0000
   54  -0.133  6408 225873214  159.297  159.663  48.203   -6.877  -8.53  -1.71  0000
   55  -0.100  7295 225873215  157.750  158.099  48.809   -6.711  -9.02  -2.20  0000
   56  -0.067  7518 225873216  157.020  156.397  49.232   -6.379  -9.01  -2.19  0000
   57  -0.033  7394 225873217  154.954  155.053  49.939   -6.365  -8.89  -2.07  0000
   58   0.000  7753 225873218  153.974  153.703  50.377   -6.174  -9.15  -2.33  0000
   59   0.033  7136 225873219  153.011  153.207  50.690   -6.203  -9.06  -2.24  0000
   60   0.067  7227 225873220  151.588  151.184  51.338   -5.918  -8.77  -1.95  0000
   61   0.100  6400 225873221  150.638  150.125  51.729   -5.804  -8.70  -1.88  0000
   62   0.133  5330 225873222  150.202  149.319  51.956   -5.673  -8.49  -1.67  0000
   63   0.167  5330 225873223  149.019  147.850  52.468   -5.498  -8.14  -1.32  0000
   64   0.200  4392 225873224  147.421  146.195  53.112   -5.348  -7.79  -0.97  0000
   65   0.234  3452 225873225  146.730  145.719  53.355   -5.343  -7.03  -0.21  0000
   66   0.267  3810 225873226  145.320  143.348  54.062   -4.997  -6.74   0.08  0000
   67   0.300  3406 225873227  144.979  143.058  54.191   -4.981  -6.38   0.44  0000
