#
#   version : 20090611
#    num_fr : 13
#      time : 20120820 09:01:21.627 UTC
#      unix : 1345453281.627082
#       ntp : LOCK -900 906365 855
#       seq : 23917257
#       mul : 0 [A]
#      site : 01
#    latlon : 45.5749 -94.3965 370.0
#      text : Collegeville
#     label : 
#     plate : metal_20100816_20100506-404-gd3
#      geom : 640 480
#    reject : 0
#
#  fr    time   sum     seq       cx       cy      th      phi    lsp    mag  flag
   30  -0.234  1721 23917250  372.239  105.801  41.319   76.989  -6.23   0.59  0000
   31  -0.200  1570 23917251  370.982  103.942  41.650   76.283  -6.02   0.80  0000
   32  -0.167  1722 23917252  371.440  101.223  42.386   76.058  -6.04   0.78  0000
   33  -0.133  1484 23917253  372.790   99.288  43.020   76.248  -5.69   1.13  0000
   34  -0.100  1765 23917254  373.546   98.171  43.385   76.346  -6.31   0.51  0000
   35  -0.067  2009 23917255  373.768   95.872  43.992   76.107  -6.41   0.41  0000
   36  -0.033  1877 23917256  372.560   94.646  44.177   75.547  -6.13   0.69  0000
   37   0.000  2306 23917257  373.172   92.973  44.668   75.529  -6.73   0.09  0000
   38   0.033  1841 23917258  374.115   91.188  45.223   75.604  -6.40   0.42  0000
   39   0.067  1735 23917259  374.205   89.406  45.689   75.406  -6.44   0.38  0000
   40   0.100  1638 23917260  373.469   87.032  46.223   74.878  -5.77   1.05  0000
   41   0.133  1642 23917261  374.805   85.599  46.730   75.123  -5.77   1.05  0000
   42   0.167  1634 23917262  374.350   83.683  47.178   74.750  -6.04   0.78  0000
