#
#   version : 20090611
#    num_fr : 16
#      time : 20120820 03:42:50.443 UTC
#      unix : 1345434170.443102
#       ntp : LOCK 342 578828 391
#       seq : 23344499
#       mul : 0 [A]
#      site : 01
#    latlon : 45.5749 -94.3965 370.0
#      text : Collegeville
#     label : 
#     plate : metal_20100816_20100506-404-gd3
#      geom : 640 480
#    reject : 0
#
#  fr    time   sum     seq       cx       cy      th      phi    lsp    mag  flag
   30  -0.267  1443 23344491  440.300  164.701  41.310  111.166  -5.76   1.06  0000
   31  -0.234  1967 23344492  441.282  167.858  41.082  112.349  -6.19   0.63  0000
   32  -0.200  2022 23344493  441.537  168.556  41.043  112.620  -6.54   0.28  0000
   33  -0.167  2399 23344494  442.928  170.983  41.037  113.662  -6.99  -0.17  0000
   35  -0.100  2278 23344496  443.743  175.130  40.675  115.155  -7.06  -0.24  0000
   36  -0.067  2053 23344497  444.599  178.782  40.414  116.514  -6.93  -0.11  0000
   37  -0.033  2393 23344498  444.500  180.601  40.163  117.105  -7.04  -0.22  0000
   38   0.000  2584 23344499  445.921  183.671  40.147  118.389  -7.16  -0.34  0000
   39   0.033  2188 23344500  446.855  185.968  40.116  119.328  -6.77   0.05  0000
   40   0.067  2337 23344501  447.270  188.484  39.940  120.263  -7.07  -0.25  0000
   41   0.100  1655 23344502  447.867  192.337  39.681  121.703  -6.45   0.37  0000
   42   0.133  1980 23344503  447.544  194.322  39.395  122.358  -6.49   0.33  0000
   43   0.167  2157 23344504  448.449  198.187  39.253  123.876  -6.80   0.02  0000
   44   0.200  1684 23344505  450.170  200.341  39.506  124.887  -6.34   0.48  0000
   45   0.234  1692 23344506  450.925  204.176  39.374  126.377  -6.08   0.74  0000
   46   0.267  1563 23344507  450.853  206.319  39.181  127.155  -6.23   0.59  0000
