#
#   version : 20090611
#    num_fr : 14
#      time : 20140814 03:38:16.721 UTC
#      unix : 1407987496.721096
#       ntp : LOCK -763 127167 442
#       seq : 31908906
#       mul : 0 [A]
#      site : 01
#    latlon : 45.5749 -94.3965 370.0
#      text : Collegeville
#     label : 
#     plate : metal_20100816_20100506-404-gd3
#      geom : 640 480
#    reject : 0
#
#  fr    time   sum     seq       cx       cy      th      phi    lsp    mag  flag
   29  -0.367  1917 31908895  252.569  256.393  15.886  -42.312  -5.85   0.97  0000
   30  -0.334  2397 31908896  251.271  261.928  16.445  -47.159  -6.58   0.24  0000
   31  -0.300  2721 31908897  251.406  264.531  16.550  -49.474  -6.91  -0.09  0000
   32  -0.267  2772 31908898  251.917  268.696  16.700  -53.184  -7.41  -0.59  0000
   33  -0.234  2997 31908899  250.930  272.517  17.268  -56.072  -7.32  -0.50  0000
   34  -0.200  3002 31908900  250.649  276.570  17.726  -59.183  -7.37  -0.55  0000
   35  -0.167  2843 31908901  249.439  280.482  18.445  -61.692  -7.12  -0.30  0000
   36  -0.133  3444 31908902  248.795  285.831  19.242  -65.199  -7.74  -0.92  0000
   37  -0.100  3708 31908903  248.590  289.081  19.717  -67.261  -7.77  -0.95  0000
   38  -0.067  3274 31908904  248.670  292.542  20.182  -69.473  -7.81  -0.99  0000
   39  -0.033  3322 31908905  247.951  297.980  21.158  -72.378  -7.88  -1.06  0000
   40   0.000  3876 31908906  247.438  300.727  21.704  -73.681  -8.19  -1.37  0000
   41   0.033  3795 31908907  247.567  305.801  22.516  -76.388  -7.88  -1.06  0000
   42   0.067  3104 31908908  247.081  308.804  23.135  -77.652  -7.60  -0.78  0000
