#
#   version : 20090611
#    num_fr : 12
#      time : 20140814 05:27:27.073 UTC
#      unix : 1407994047.073088
#       ntp : LOCK -386 828393 394
#       seq : 32105215
#       mul : 0 [A]
#      site : 01
#    latlon : 45.5749 -94.3965 370.0
#      text : Collegeville
#     label : 
#     plate : metal_20100816_20100506-404-gd3
#      geom : 640 480
#    reject : 0
#
#  fr    time   sum     seq       cx       cy      th      phi    lsp    mag  flag
   30  -0.234  3169 32105208  212.830  224.838  27.422  -22.599  -6.67   0.15  0000
   31  -0.200  3936 32105209  212.005  226.419  27.544  -23.543  -7.02  -0.20  0000
   32  -0.167  4506 32105210  211.265  228.373  27.632  -24.666  -7.16  -0.34  0000
   33  -0.133  4816 32105211  211.201  232.856  27.429  -27.061  -7.37  -0.55  0000
   34  -0.100  4573 32105212  210.192  236.568  27.559  -29.139  -7.78  -0.96  0000
   35  -0.067  4850 32105213  210.870  240.370  27.263  -31.153  -7.73  -0.91  0000
   36  -0.033  5053 32105214  210.228  242.839  27.386  -32.527  -8.42  -1.60  0000
   37   0.000  6941 32105215  209.049  246.870  27.657  -34.746  -8.77  -1.95  0000
   38   0.033  6147 32105216  208.566  250.530  27.778  -36.720  -8.51  -1.69  0000
   39   0.067  5852 32105217  209.578  254.089  27.520  -38.650  -8.34  -1.52  0000
   40   0.100  4534 32105218  208.635  256.455  27.811  -39.902  -8.07  -1.25  0000
   41   0.133  3905 32105219  207.661  260.113  28.153  -41.807  -7.48  -0.66  0000
