#
#   version : 20090611
#    num_fr : 22
#      time : 20140814 03:18:39.276 UTC
#      unix : 1407986319.276045
#       ntp : LOCK -249 566658 439
#       seq : 31873619
#       mul : 0 [A]
#      site : 01
#    latlon : 45.5749 -94.3965 370.0
#      text : Collegeville
#     label : 
#     plate : metal_20100816_20100506-404-gd3
#      geom : 640 480
#    reject : 0
#
#  fr    time   sum     seq       cx       cy      th      phi    lsp    mag  flag
   30  -0.467  2071 31873605  496.653  321.109  53.932  165.099  -6.20   0.62  0000
   31  -0.434  2363 31873606  497.321  324.159  54.422  165.843  -6.60   0.22  0000
   32  -0.400  2310 31873607  497.401  326.314  54.668  166.402  -6.96  -0.14  0000
   33  -0.367  2230 31873608  497.900  330.222  55.225  167.365  -6.56   0.26  0000
   34  -0.334  2554 31873609  496.388  332.377  55.060  168.083  -6.93  -0.11  0000
   35  -0.300  2411 31873610  497.711  334.710  55.681  168.534  -6.92  -0.10  0000
   36  -0.267  2934 31873611  497.321  336.692  55.809  169.078  -7.39  -0.57  0000
   37  -0.234  2982 31873612  497.091  338.813  56.001  169.637  -7.31  -0.49  0000
   38  -0.200  2881 31873613  497.246  342.086  56.443  170.433  -7.39  -0.57  0000
   39  -0.167  3031 31873614  496.585  344.584  56.585  171.126  -7.62  -0.80  0000
   40  -0.133  3242 31873615  496.534  346.709  56.845  171.650  -7.46  -0.64  0000
   41  -0.100  2930 31873616  496.978  348.578  57.206  172.047  -7.55  -0.73  0000
   42  -0.067  2971 31873617  496.382  352.143  57.530  172.974  -7.53  -0.71  0000
   43  -0.033  3116 31873618  496.776  354.198  57.913  173.409  -7.50  -0.68  0000
   44   0.000  3479 31873619  496.169  357.344  58.199  174.222  -7.69  -0.87  0000
   45   0.033  2866 31873620  496.117  359.079  58.433  174.630  -7.49  -0.67  0000
   46   0.067  3212 31873621  496.173  362.119  58.890  175.318  -7.52  -0.70  0000
   47   0.100  2824 31873622  495.581  364.823  59.142  176.009  -7.45  -0.63  0000
   48   0.133  2931 31873623  495.183  366.810  59.343  176.508  -7.36  -0.54  0000
   49   0.167  2442 31873624  494.452  368.593  59.433  177.005  -6.92  -0.10  0000
   50   0.200  2674 31873625  495.242  371.228  60.041  177.475  -6.87  -0.05  0000
   51   0.234  2446 31873626  494.214  373.865  60.204  178.192  -6.74   0.08  0000
