#
#   version : 20090611
#    num_fr : 12
#      time : 20140814 04:08:40.512 UTC
#      unix : 1407989320.512361
#       ntp : LOCK -735 513952 416
#       seq : 31963564
#       mul : 0 [A]
#      site : 01
#    latlon : 45.5749 -94.3965 370.0
#      text : Collegeville
#     label : 
#     plate : metal_20100816_20100506-404-gd3
#      geom : 640 480
#    reject : 0
#
#  fr    time   sum     seq       cx       cy      th      phi    lsp    mag  flag
   29  -0.300  3210 31963555  184.795  370.969  47.374  -78.958  -6.77   0.05  0000
   30  -0.267  3250 31963556  184.107  372.123  47.739  -79.074  -6.64   0.18  0000
   31  -0.234  3306 31963557  184.833  376.738  48.477  -80.282  -6.92  -0.10  0000
   32  -0.200  3683 31963558  184.024  378.188  48.929  -80.423  -7.42  -0.60  0000
   33  -0.167  3840 31963559  184.453  382.482  49.691  -81.449  -7.55  -0.73  0000
   34  -0.133  3880 31963560  184.247  384.318  50.102  -81.792  -7.73  -0.91  0000
   35  -0.100  4219 31963561  183.797  386.776  50.692  -82.204  -7.83  -1.01  0000
   36  -0.067  4406 31963562  183.956  390.103  51.341  -82.917  -7.99  -1.17  0000
   37  -0.033  4169 31963563  183.981  392.358  51.804  -83.371  -8.02  -1.20  0000
   38   0.000  4610 31963564  184.738  396.330  52.489  -84.311  -7.99  -1.17  0000
   39   0.033  3536 31963565  183.622  398.986  53.272  -84.569  -8.09  -1.27  0000
   40   0.067  3655 31963566  184.802  401.012  53.477  -85.205  -7.51  -0.69  0000
