#
#   version : 20090611
#    num_fr : 22
#      time : 20130812 06:34:32.833 UTC
#      unix : 1376289272.833117
#       ntp : LOCK -706 1091276 1075
#       seq : 66325342
#       mul : 0 [A]
#      site : 01
#    latlon : 45.5749 -94.3965 370.0
#      text : Collegeville
#     label : 
#     plate : metal_20100816_20100506-404-gd3
#      geom : 640 480
#    reject : 0
#
#  fr    time   sum     seq       cx       cy      th      phi    lsp    mag  flag
   30  -0.434  1707 66325329  180.199  386.944  51.461  -81.455  -5.97   0.85  0000
   31  -0.400  2003 66325330  179.471  388.892  52.004  -81.697  -6.02   0.80  0000
   32  -0.367  2480 66325331  180.235  392.634  52.613  -82.611  -7.18  -0.36  0000
   33  -0.334  2450 66325332  179.974  394.712  53.096  -82.962  -7.13  -0.31  0000
   34  -0.300  2520 66325333  180.285  398.115  53.746  -83.681  -7.44  -0.62  0000
   35  -0.267  2558 66325334  179.948  400.635  54.346  -84.083  -7.43  -0.61  0000
   36  -0.234  3387 66325335  180.925  403.069  54.674  -84.740  -7.96  -1.14  0000
   37  -0.200  3496 66325336  180.376  406.030  55.420  -85.157  -8.17  -1.35  0000
   38  -0.167  3726 66325337  180.851  408.644  55.898  -85.720  -8.25  -1.43  0000
   39  -0.133  4162 66325338  180.684  411.455  56.549  -86.172  -8.50  -1.68  0000
   40  -0.100  4212 66325339  180.897  413.941  57.061  -86.639  -8.39  -1.57  0000
   41  -0.067  4243 66325340  180.789  416.684  57.696  -87.073  -8.43  -1.61  0000
   42  -0.033  4536 66325341  181.386  419.456  58.211  -87.651  -8.73  -1.91  0000
   43   0.000  4803 66325342  181.026  422.494  58.972  -88.060  -8.69  -1.87  0000
   44   0.033  4129 66325343  181.376  425.014  59.488  -88.527  -8.45  -1.63  0000
   45   0.067  4284 66325344  181.549  427.328  59.994  -88.918  -8.61  -1.79  0000
   46   0.100  4347 66325345  182.082  430.201  60.570  -89.462  -8.51  -1.69  0000
   47   0.133  4041 66325346  182.203  432.721  61.143  -89.858  -8.35  -1.53  0000
   48   0.167  4081 66325347  183.154  435.110  61.542  -90.401  -8.35  -1.53  0000
   49   0.200  4206 66325348  182.861  437.194  62.093  -90.637  -8.15  -1.33  0000
   50   0.234  3558 66325349  183.556  440.451  62.758  -91.234  -8.04  -1.22  0000
   51   0.267  1843 66325350  183.102  442.084  63.234  -91.364  -6.98  -0.16  0000
