#
#   version : 20090611
#    num_fr : 15
#      time : 20130812 09:50:11.481 UTC
#      unix : 1376301011.481584
#       ntp : LOCK -302 804085 1190
#       seq : 66677143
#       mul : 0 [A]
#      site : 01
#    latlon : 45.5749 -94.3965 370.0
#      text : Collegeville
#     label : 
#     plate : metal_20100816_20100506-404-gd3
#      geom : 640 480
#    reject : 0
#
#  fr    time   sum     seq       cx       cy      th      phi    lsp    mag  flag
   29  -0.467  3128 66677129  127.678   71.021  71.376    6.141  -6.95  -0.13  0000
   30  -0.434  4029 66677130  126.399   70.004  71.884    6.096  -7.43  -0.61  0000
   31  -0.400  4630 66677131  125.918   69.919  72.012    6.032  -7.89  -1.07  0000
   32  -0.367  4561 66677132  125.465   69.792  72.144    5.981  -7.97  -1.15  0000
   33  -0.334  4768 66677133  123.578   68.992  72.749    5.807  -8.02  -1.20  0000
   34  -0.300  5669 66677134  122.654   68.845  72.995    5.686  -8.38  -1.56  0000
   35  -0.267  5707 66677135  120.615   68.548  73.535    5.416  -8.48  -1.66  0000
   36  -0.234  5615 66677136  119.104   67.487  74.112    5.346  -8.44  -1.62  0000
   37  -0.200  5487 66677137  118.595   67.206  74.291    5.311  -8.49  -1.67  0000
   38  -0.167  5130 66677138  117.347   67.229  74.581    5.118  -8.53  -1.71  0000
   39  -0.133  6526 66677139  115.895   66.618  75.054    4.992  -8.69  -1.87  0000
   40  -0.100  5162 66677140  114.843   66.063  75.421    4.918  -8.58  -1.76  0000
   41  -0.067  6529 66677141  113.959   65.617  75.725    4.854  -8.67  -1.85  0000
   42  -0.033  6298 66677142  111.948   64.910  76.356    4.662  -8.53  -1.71  0000
   43   0.000  8228 66677143  110.195   63.993  76.971    4.542  -9.21  -2.39  0000
