#
#   version : 20090611
#    num_fr : 30
#      time : 20130812 04:33:43.879 UTC
#      unix : 1376282023.879669
#       ntp : LOCK -2929 550037 1185
#       seq : 66108094
#       mul : 0 [A]
#      site : 01
#    latlon : 45.5749 -94.3965 370.0
#      text : Collegeville
#     label : 
#     plate : metal_20100816_20100506-404-gd3
#      geom : 640 480
#    reject : 0
#
#  fr    time   sum     seq       cx       cy      th      phi    lsp    mag  flag
   29  -0.901  1754 66108067  324.957  330.023  21.045 -135.532  -6.62   0.20  0000
   30  -0.868  2278 66108068  324.350  332.800  21.740 -134.785  -6.95  -0.13  0000
   31  -0.834  2286 66108069  324.592  336.599  22.739 -134.548  -7.15  -0.33  0000
   32  -0.801  2593 66108070  324.990  340.481  23.768 -134.421  -7.45  -0.63  0000
   33  -0.767  3214 66108071  324.841  344.271  24.753 -133.979  -7.78  -0.96  0000
   34  -0.734  3321 66108072  325.270  348.199  25.799 -133.896  -8.08  -1.26  0000
   35  -0.701  3436 66108073  325.250  351.868  26.762 -133.586  -8.26  -1.44  0000
   36  -0.667  4194 66108074  325.089  355.111  27.610 -133.251  -8.42  -1.60  0000
   37  -0.634  3997 66108075  325.440  359.062  28.665 -133.157  -8.51  -1.69  0000
   38  -0.601  4592 66108076  325.322  362.521  29.576 -132.862  -8.59  -1.77  0000
   39  -0.567  4930 66108077  325.487  366.089  30.528 -132.717  -8.74  -1.92  0000
   40  -0.534  5118 66108078  325.756  369.739  31.506 -132.626  -8.85  -2.03  0000
   41  -0.501  5909 66108079  325.623  373.014  32.374 -132.372  -9.02  -2.20  0000
   42  -0.467  5218 66108080  325.914  376.888  33.417 -132.292  -8.76  -1.94  0000
   43  -0.434  5821 66108081  325.789  380.372  34.346 -132.052  -9.01  -2.19  0000
   44  -0.400  5866 66108082  325.795  384.250  35.386 -131.861  -9.08  -2.26  0000
   45  -0.367  5888 66108083  325.889  387.699  36.317 -131.737  -9.11  -2.29  0000
   46  -0.334  6014 66108084  325.887  391.073  37.226 -131.582  -9.07  -2.25  0000
   47  -0.300  5841 66108085  326.266  394.484  38.159 -131.585  -8.97  -2.15  0000
   48  -0.267  6253 66108086  326.349  398.168  39.159 -131.460  -9.06  -2.24  0000
   49  -0.234  6147 66108087  326.123  401.477  40.052 -131.237  -9.08  -2.26  0000
   50  -0.200  6132 66108088  326.237  405.462  41.140 -131.125  -9.14  -2.32  0000
   51  -0.167  6256 66108089  326.156  407.920  41.809 -131.003  -9.15  -2.33  0000
   52  -0.133  5757 66108090  326.024  412.024  42.929 -130.807  -9.07  -2.25  0000
   53  -0.100  5657 66108091  326.133  414.765  43.685 -130.750  -9.04  -2.22  0000
   54  -0.067  5671 66108092  326.450  418.183  44.633 -130.745  -9.01  -2.19  0000
   55  -0.033  7041 66108093  326.189  421.327  45.494 -130.552  -9.35  -2.53  0000
   56   0.000  7257 66108094  326.483  424.247  46.309 -130.558  -9.35  -2.53  0000
   57   0.033  4342 66108095  326.169  426.904  47.038 -130.371  -8.52  -1.70  0000
   58   0.067  2329 66108096  326.269  429.757  47.834 -130.318  -7.16  -0.34  0000
