#
#   version : 20090611
#    num_fr : 16
#      time : 20130812 06:11:32.718 UTC
#      unix : 1376287892.718455
#       ntp : LOCK -989 401276 1075
#       seq : 66283982
#       mul : 0 [A]
#      site : 01
#    latlon : 45.5749 -94.3965 370.0
#      text : Collegeville
#     label : 
#     plate : metal_20100816_20100506-404-gd3
#      geom : 640 480
#    reject : 0
#
#  fr    time   sum     seq       cx       cy      th      phi    lsp    mag  flag
   29  -0.367  1726 66283971  303.330  446.850  52.560 -123.056  -6.14   0.68  0000
   30  -0.334  1822 66283972  304.317  448.922  53.134 -123.364  -6.52   0.30  0000
   31  -0.300  1821 66283973  304.023  450.232  53.510 -123.288  -6.78   0.04  0000
   32  -0.267  2097 66283974  304.212  452.301  54.096 -123.359  -7.03  -0.21  0000
   33  -0.234  2557 66283975  304.822  455.087  54.884 -123.552  -7.38  -0.56  0000
   34  -0.200  2617 66283976  304.905  456.917  55.407 -123.587  -7.58  -0.76  0000
   35  -0.167  3058 66283977  304.793  458.827  55.955 -123.566  -7.62  -0.80  0000
   36  -0.133  3136 66283978  305.156  461.214  56.637 -123.680  -7.93  -1.11  0000
   37  -0.100  3469 66283979  305.247  463.129  57.187 -123.714  -7.98  -1.16  0000
   38  -0.067  4110 66283980  306.105  465.269  57.796 -123.957  -8.37  -1.55  0000
   39  -0.033  4746 66283981  305.883  467.160  58.345 -123.903  -8.61  -1.79  0000
   40   0.000  5485 66283982  306.503  469.511  59.021 -124.076  -8.94  -2.12  0000
   41   0.033  5268 66283983  306.740  471.916  59.718 -124.145  -8.90  -2.08  0000
   42   0.067  4287 66283984  306.927  473.266  60.109 -124.196  -8.54  -1.72  0000
   43   0.100  3105 66283985  307.115  474.717  60.531 -124.248  -7.80  -0.98  0000
   44   0.133  1463 66283986  307.250  476.361  61.011 -124.285  -6.26   0.56  0000
