#
#   version : 20090611
#    num_fr : 14
#      time : 20130812 06:39:25.025 UTC
#      unix : 1376289565.025551
#       ntp : LOCK -2156 229718 1077
#       seq : 66334099
#       mul : 0 [A]
#      site : 01
#    latlon : 45.5749 -94.3965 370.0
#      text : Collegeville
#     label : 
#     plate : metal_20100816_20100506-404-gd3
#      geom : 640 480
#    reject : 0
#
#  fr    time   sum     seq       cx       cy      th      phi    lsp    mag  flag
   29  -0.300  1771 66334090  451.839  441.782  64.698 -162.048  -6.04   0.78  0000
   30  -0.267  2048 66334091  451.986  443.002  65.014 -161.897  -6.73   0.09  0000
   31  -0.234  2443 66334092  452.147  444.778  65.466 -161.670  -7.15  -0.33  0000
   32  -0.200  2648 66334093  452.956  446.417  66.004 -161.588  -7.16  -0.34  0000
   33  -0.167  2836 66334094  452.853  447.219  66.178 -161.453  -7.44  -0.62  0000
   34  -0.133  3294 66334095  452.861  448.839  66.570 -161.225  -7.62  -0.80  0000
   35  -0.100  3237 66334096  453.878  450.321  67.110 -161.208  -7.67  -0.85  0000
   36  -0.067  3255 66334097  453.757  451.665  67.414 -160.997  -7.75  -0.93  0000
   37  -0.033  3104 66334098  453.713  453.329  67.812 -160.759  -7.64  -0.82  0000
   38   0.000  3320 66334099  453.296  454.224  67.957 -160.558  -7.68  -0.86  0000
   39   0.033  3196 66334100  454.676  455.443  68.500 -160.649  -7.80  -0.98  0000
   40   0.067  3018 66334101  454.391  456.499  68.709 -160.452  -7.76  -0.94  0000
   41   0.100  2494 66334102  454.396  458.109  69.107 -160.237  -7.36  -0.54  0000
   42   0.133  2065 66334103  454.324  458.956  69.304 -160.110  -6.40   0.42  0000
