#
#   version : 20090611
#    num_fr : 12
#      time : 20130812 09:42:48.738 UTC
#      unix : 1376300568.738466
#       ntp : LOCK -336 584085 1190
#       seq : 66663875
#       mul : 0 [A]
#      site : 01
#    latlon : 45.5749 -94.3965 370.0
#      text : Collegeville
#     label : 
#     plate : metal_20100816_20100506-404-gd3
#      geom : 640 480
#    reject : 0
#
#  fr    time   sum     seq       cx       cy      th      phi    lsp    mag  flag
   29  -0.234  1980 66663868  525.235  107.405  71.039  111.072  -6.45   0.37  0000
   30  -0.200  2479 66663869  525.491  107.240  71.132  111.073  -6.56   0.26  0000
   31  -0.167  2453 66663870  527.660  106.998  71.736  111.299  -7.14  -0.32  0000
   32  -0.133  3361 66663871  528.612  107.157  71.959  111.446  -7.91  -1.09  0000
   33  -0.100  4174 66663872  528.859  107.582  71.954  111.555  -8.39  -1.57  0000
   34  -0.067  3990 66663873  530.959  107.672  72.490  111.828  -8.47  -1.65  0000
   35  -0.033  4437 66663874  531.579  107.888  72.619  111.943  -8.56  -1.74  0000
   36   0.000  5839 66663875  532.863  108.131  72.918  112.142  -9.09  -2.27  0000
   37   0.033  5748 66663876  534.443  107.807  73.390  112.270  -8.95  -2.13  0000
   38   0.067  5735 66663877  535.252  108.086  73.560  112.417  -8.94  -2.12  0000
   39   0.100  4670 66663878  536.881  108.278  73.964  112.643  -8.44  -1.62  0000
   40   0.133  1841 66663879  537.451  108.390  74.098  112.730  -6.24   0.58  0000
