#
#   version : 20090611
#    num_fr : 14
#      time : 20130812 07:14:43.845 UTC
#      unix : 1376291683.845797
#       ntp : LOCK -1262 250094 1055
#       seq : 66397599
#       mul : 0 [A]
#      site : 01
#    latlon : 45.5749 -94.3965 370.0
#      text : Collegeville
#     label : 
#     plate : metal_20100816_20100506-404-gd3
#      geom : 640 480
#    reject : 0
#
#  fr    time   sum     seq       cx       cy      th      phi    lsp    mag  flag
   30  -0.167  1777 66397594  488.746  312.069  50.923  163.370  -6.26   0.56  0000
   31  -0.133  2358 66397595  490.602  314.207  51.624  163.797  -7.40  -0.58  0000
   32  -0.100  2708 66397596  491.286  316.109  51.988  164.262  -7.58  -0.76  0000
   33  -0.067  2797 66397597  492.199  318.521  52.469  164.838  -7.56  -0.74  0000
   34  -0.033  2840 66397598  493.701  320.713  53.092  165.286  -7.88  -1.06  0000
   35   0.000  3451 66397599  494.793  322.775  53.596  165.731  -7.99  -1.17  0000
   36   0.033  3367 66397600  495.581  324.928  54.031  166.224  -8.04  -1.22  0000
   37   0.067  3007 66397601  496.839  326.863  54.575  166.604  -7.96  -1.14  0000
   38   0.100  2900 66397602  498.236  329.137  55.196  167.049  -7.75  -0.93  0000
   39   0.133  3053 66397603  499.363  331.934  55.807  167.648  -7.82  -1.00  0000
   40   0.167  2898 66397604  499.894  333.794  56.160  168.063  -7.69  -0.87  0000
   41   0.200  3182 66397605  501.036  335.829  56.699  168.451  -7.97  -1.15  0000
   42   0.234  2467 66397606  502.014  338.173  57.235  168.927  -7.24  -0.42  0000
   43   0.267  2132 66397607  502.278  340.229  57.550  169.403  -6.79   0.03  0000
