#
#   version : 20090611
#    num_fr : 14
#      time : 20130812 07:00:10.938 UTC
#      unix : 1376290810.938916
#       ntp : LOCK -1593 849718 1077
#       seq : 66371439
#       mul : 0 [A]
#      site : 01
#    latlon : 45.5749 -94.3965 370.0
#      text : Collegeville
#     label : 
#     plate : metal_20100816_20100506-404-gd3
#      geom : 640 480
#    reject : 0
#
#  fr    time   sum     seq       cx       cy      th      phi    lsp    mag  flag
   29  -0.334  2055 66371429  381.982  186.777  24.919  102.721  -6.64   0.18  0000
   30  -0.300  2669 66371430  383.948  188.656  25.002  104.364  -7.23  -0.41  0000
   31  -0.267  2393 66371431  385.743  190.964  24.999  106.132  -7.22  -0.40  0000
   32  -0.234  2553 66371432  387.825  193.150  25.102  107.944  -7.61  -0.79  0000
   33  -0.200  2851 66371433  389.377  195.097  25.148  109.439  -7.52  -0.70  0000
   34  -0.167  3063 66371434  391.182  197.731  25.170  111.354  -7.95  -1.13  0000
   35  -0.133  3131 66371435  392.808  199.895  25.242  112.967  -7.89  -1.07  0000
   36  -0.100  3636 66371436  394.579  202.072  25.366  114.621  -8.18  -1.36  0000
   37  -0.067  4125 66371437  396.928  204.509  25.619  116.553  -8.30  -1.48  0000
   38  -0.033  4009 66371438  398.054  206.735  25.626  118.018  -8.42  -1.60  0000
   39   0.000  4562 66371439  400.304  208.869  25.938  119.709  -8.70  -1.88  0000
   40   0.033  3815 66371440  401.660  211.830  25.963  121.594  -8.40  -1.58  0000
   41   0.067  3813 66371441  403.873  214.258  26.285  123.367  -8.31  -1.49  0000
   42   0.100  3060 66371442  405.107  216.394  26.406  124.753  -7.49  -0.67  0000
