#
#   version : 20090611
#    num_fr : 13
#      time : 20130812 09:54:19.363 UTC
#      unix : 1376301259.363010
#       ntp : LOCK -284 929085 1190
#       seq : 66684572
#       mul : 0 [A]
#      site : 01
#    latlon : 45.5749 -94.3965 370.0
#      text : Collegeville
#     label : 
#     plate : metal_20100816_20100506-404-gd3
#      geom : 640 480
#    reject : 0
#
#  fr    time   sum     seq       cx       cy      th      phi    lsp    mag  flag
   29  -0.234  3768 66684565   37.859  235.119  78.346  -34.025  -6.68   0.14  0000
   30  -0.200  4286 66684566   37.176  236.748  78.545  -34.360  -7.25  -0.43  0000
   31  -0.167  4555 66684567   36.969  236.899  78.611  -34.393  -7.76  -0.94  0000
   32  -0.133  5148 66684568   36.071  236.996  78.905  -34.425  -8.18  -1.36  0000
   33  -0.100  6429 66684569   33.888  237.169  79.622  -34.490  -8.63  -1.81  0000
   34  -0.067  6355 66684570   33.014  238.351  79.896  -34.734  -8.68  -1.86  0000
   35  -0.033  6802 66684571   31.801  239.038  80.289  -34.884  -8.78  -1.96  0000
   36   0.000  6949 66684572   30.918  239.877  80.573  -35.058  -8.91  -2.09  0000
   37   0.033  6041 66684573   30.386  240.259  80.746  -35.139  -8.54  -1.72  0000
   38   0.067  5114 66684574   30.551  240.562  80.688  -35.196  -8.58  -1.76  0000
   39   0.100  5447 66684575   28.443  241.281  81.383  -35.359  -8.03  -1.21  0000
   40   0.133  4542 66684576   27.540  242.107  81.678  -35.528  -8.33  -1.51  0000
   41   0.167  4092 66684577   27.179  242.493  81.796  -35.606  -7.40  -0.58  0000
