#
#   version : 20090611
#    num_fr : 12
#      time : 20130812 08:17:35.854 UTC
#      unix : 1376295455.854040
#       ntp : LOCK 869 596043 1271
#       seq : 66510644
#       mul : 0 [A]
#      site : 01
#    latlon : 45.5749 -94.3965 370.0
#      text : Collegeville
#     label : 
#     plate : metal_20100816_20100506-404-gd3
#      geom : 640 480
#    reject : 0
#
#  fr    time   sum     seq       cx       cy      th      phi    lsp    mag  flag
   29  -0.334  1539 66510634  522.463  231.682  58.010  139.587  -6.06   0.76  0000
   30  -0.300  1808 66510635  523.028  232.780  58.150  139.892  -6.40   0.42  0000
   31  -0.267  2042 66510636  524.785  234.335  58.632  140.344  -7.07  -0.25  0000
   32  -0.234  2541 66510637  526.240  235.941  59.029  140.796  -7.10  -0.28  0000
   33  -0.200  2664 66510638  527.461  236.742  59.374  141.030  -7.36  -0.54  0000
   34  -0.167  2969 66510639  529.383  238.327  59.916  141.475  -7.75  -0.93  0000
   35  -0.133  3056 66510640  530.885  240.058  60.337  141.945  -8.08  -1.26  0000
   36  -0.100  3114 66510641  532.532  241.759  60.805  142.403  -7.87  -1.05  0000
   37  -0.067  3605 66510642  533.828  243.138  61.177  142.770  -8.23  -1.41  0000
   38  -0.033  4248 66510643  535.463  244.286  61.655  143.077  -8.35  -1.53  0000
   39   0.000  5015 66510644  537.024  245.998  62.110  143.521  -8.71  -1.89  0000
   40   0.033  4068 66510645  538.017  247.086  62.402  143.800  -8.41  -1.59  0000
