#
#   version : 20090611
#    num_fr : 12
#      time : 20130812 07:10:13.408 UTC
#      unix : 1376291413.408507
#       ntp : LOCK -1372 1154718 1077
#       seq : 66389494
#       mul : 0 [A]
#      site : 01
#    latlon : 45.5749 -94.3965 370.0
#      text : Collegeville
#     label : 
#     plate : metal_20100816_20100506-404-gd3
#      geom : 640 480
#    reject : 0
#
#  fr    time   sum     seq       cx       cy      th      phi    lsp    mag  flag
   30  -0.267  1870 66389486  105.280  166.759  61.756  -15.587  -5.50   1.32  0000
   31  -0.234  2470 66389487  105.095  169.152  61.557  -16.159  -6.41   0.41  0000
   32  -0.200  2157 66389488  103.975  169.858  61.801  -16.430  -6.30   0.52  0000
   33  -0.167  2527 66389489  102.927  170.729  62.011  -16.730  -6.82  -0.00  0000
   34  -0.133  2707 66389490  102.059  171.826  62.148  -17.064  -7.00  -0.18  0000
   35  -0.100  3047 66389491   99.093  173.034  62.879  -17.609  -7.10  -0.28  0000
   36  -0.067  2914 66389492   98.331  174.648  62.943  -18.046  -7.32  -0.50  0000
   37  -0.033  3052 66389493   97.267  176.060  63.117  -18.462  -7.58  -0.76  0000
   38   0.000  4534 66389494   96.406  177.045  63.275  -18.761  -8.31  -1.49  0000
   39   0.033  4233 66389495   94.844  178.697  63.578  -19.269  -8.25  -1.43  0000
   40   0.067  4332 66389496   92.250  180.532  64.174  -19.894  -8.24  -1.42  0000
   41   0.100  2761 66389497   91.573  181.583  64.282  -20.186  -6.62   0.20  0000
