#
#   version : 20090611
#    num_fr : 23
#      time : 20130812 06:37:59.740 UTC
#      unix : 1376289479.740210
#       ntp : LOCK -673 1191276 1075
#       seq : 66331543
#       mul : 0 [A]
#      site : 01
#    latlon : 45.5749 -94.3965 370.0
#      text : Collegeville
#     label : 
#     plate : metal_20100816_20100506-404-gd3
#      geom : 640 480
#    reject : 0
#
#  fr    time   sum     seq       cx       cy      th      phi    lsp    mag  flag
   29  -0.501  2034 66331528  493.288  110.600  62.537  107.241  -6.64   0.18  0000
   30  -0.467  2340 66331529  494.575  110.425  62.876  107.403  -6.93  -0.11  0000
   31  -0.434  3186 66331530  496.495  112.093  63.050  108.028  -7.81  -0.99  0000
   32  -0.400  3265 66331531  497.924  112.828  63.271  108.389  -8.03  -1.21  0000
   33  -0.367  4038 66331532  498.408  113.938  63.200  108.684  -8.37  -1.55  0000
   34  -0.334  4138 66331533  500.828  114.616  63.679  109.175  -8.50  -1.68  0000
   35  -0.300  4452 66331534  501.720  115.602  63.734  109.502  -8.56  -1.74  0000
   36  -0.267  4986 66331535  503.394  117.245  63.878  110.074  -8.78  -1.96  0000
   37  -0.234  5663 66331536  505.278  118.020  64.222  110.495  -8.90  -2.08  0000
   38  -0.200  6760 66331537  506.818  118.783  64.485  110.863  -9.25  -2.43  0000
   39  -0.167  5586 66331538  508.356  119.693  64.727  111.258  -8.99  -2.17  0000
   40  -0.133  7169 66331539  509.064  121.225  64.664  111.666  -9.49  -2.67  0000
   41  -0.100  6737 66331540  511.169  122.042  65.072  112.113  -9.39  -2.57  0000
   42  -0.067  7678 66331541  512.428  122.646  65.301  112.402  -9.78  -2.96  0000
   43  -0.033  8682 66331542  514.200  123.941  65.558  112.895  -9.88  -3.06  0000
   44   0.000  9042 66331543  516.055  125.075  65.866  113.363  -9.83  -3.01  0000
   45   0.033  7391 66331544  518.125  126.245  66.231  113.861  -9.24  -2.42  0000
   46   0.067  6117 66331545  518.963  127.472  66.268  114.216  -9.22  -2.40  0000
   47   0.100  6203 66331546  520.780  129.196  66.495  114.790  -9.16  -2.34  0000
   48   0.133  5965 66331547  522.834  130.262  66.885  115.253  -9.08  -2.26  0000
   49   0.167  6922 66331548  524.106  130.914  67.131  115.536  -9.33  -2.51  0000
   50   0.200  4999 66331549  525.320  132.715  67.202  116.047  -8.75  -1.93  0000
   51   0.234  2326 66331550  526.983  133.655  67.518  116.429  -7.05  -0.23  0000
