#
#   version : 20090611
#    num_fr : 12
#      time : 20130812 08:36:18.978 UTC
#      unix : 1376296578.978261
#       ntp : LOCK -356 628625 1303
#       seq : 66544303
#       mul : 0 [A]
#      site : 01
#    latlon : 45.5749 -94.3965 370.0
#      text : Collegeville
#     label : 
#     plate : metal_20100816_20100506-404-gd3
#      geom : 640 480
#    reject : 0
#
#  fr    time   sum     seq       cx       cy      th      phi    lsp    mag  flag
   29  -0.267  1525 66544295  145.797  234.199  45.574  -31.364  -5.86   0.96  0000
   30  -0.234  1853 66544296  143.862  235.971  46.085  -32.009  -6.54   0.28  0000
   31  -0.200  2766 66544297  143.364  237.106  46.204  -32.394  -7.63  -0.81  0000
   32  -0.167  3503 66544298  141.751  238.821  46.634  -32.994  -8.16  -1.34  0000
   33  -0.133  4046 66544299  140.642  240.425  46.926  -33.537  -8.42  -1.60  0000
   34  -0.100  5073 66544300  139.376  242.502  47.263  -34.227  -8.64  -1.82  0000
   35  -0.067  4718 66544301  138.089  244.258  47.616  -34.806  -8.61  -1.79  0000
   36  -0.033  5224 66544302  136.180  246.081  48.154  -35.405  -8.67  -1.85  0000
   37   0.000  5316 66544303  134.540  248.278  48.619  -36.106  -8.82  -2.00  0000
   38   0.033  5106 66544304  132.773  250.350  49.129  -36.755  -8.78  -1.96  0000
   39   0.067  4607 66544305  131.902  252.086  49.385  -37.290  -8.62  -1.80  0000
   40   0.100  2324 66544306  130.736  254.057  49.733  -37.891  -7.51  -0.69  0000
