#
#   version : 20090611
#    num_fr : 15
#      time : 20130812 02:58:02.330 UTC
#      unix : 1376276282.330318
#       ntp : LOCK 2013 253051 595
#       seq : 65936023
#       mul : 0 [A]
#      site : 01
#    latlon : 45.5749 -94.3965 370.0
#      text : Collegeville
#     label : 
#     plate : metal_20100816_20100506-404-gd3
#      geom : 640 480
#    reject : 0
#
#  fr    time   sum     seq       cx       cy      th      phi    lsp    mag  flag
   29  -0.334  2375 65936013  138.584  360.751  56.431  -68.182  -6.24   0.58  0000
   30  -0.300  2119 65936014  139.815  362.484  56.387  -68.759  -6.08   0.74  0000
   31  -0.267  1966 65936015  139.125  364.116  56.814  -69.026  -6.27   0.55  0000
   33  -0.200  1877 65936017  139.274  370.282  57.759  -70.416  -5.81   1.01  0000
   34  -0.167  2054 65936018  138.332  372.605  58.372  -70.777  -5.89   0.93  0000
   35  -0.133  2248 65936019  139.564  374.275  58.345  -71.323  -6.04   0.78  0000
   36  -0.100  2417 65936020  139.109  376.391  58.812  -71.702  -6.92  -0.10  0000
   37  -0.067  2437 65936021  138.072  378.780  59.470  -72.044  -6.46   0.36  0000
   38  -0.033  2838 65936022  139.613  381.228  59.517  -72.789  -6.84  -0.02  0000
   39   0.000  3133 65936023  138.306  384.411  60.390  -73.234  -7.42  -0.60  0000
   40   0.033  3116 65936024  139.340  386.442  60.501  -73.804  -7.26  -0.44  0000
   41   0.067  2547 65936025  139.078  388.251  60.888  -74.122  -7.20  -0.38  0000
   42   0.100  2583 65936026  138.354  390.611  61.488  -74.471  -7.04  -0.22  0000
   43   0.133  2354 65936027  139.443  393.032  61.673  -75.113  -6.14   0.68  0000
   44   0.167  2220 65936028  138.856  393.861  61.966  -75.179  -6.25   0.57  0000
