#
#   version : 20090611
#    num_fr : 16
#      time : 20130812 06:46:35.022 UTC
#      unix : 1376289995.022456
#       ntp : LOCK -1941 444718 1077
#       seq : 66346986
#       mul : 0 [A]
#      site : 01
#    latlon : 45.5749 -94.3965 370.0
#      text : Collegeville
#     label : 
#     plate : metal_20100816_20100506-404-gd3
#      geom : 640 480
#    reject : 0
#
#  fr    time   sum     seq       cx       cy      th      phi    lsp    mag  flag
   30  -0.300  1288 66346977  445.092  148.543  44.939  107.469  -6.19   0.63  0000
   31  -0.267  1974 66346978  447.869  150.398  45.273  108.545  -6.63   0.19  0000
   32  -0.234  1875 66346979  447.948  152.000  45.036  109.003  -6.65   0.17  0000
   33  -0.200  2238 66346980  450.649  153.185  45.478  109.864  -6.98  -0.16  0000
   34  -0.167  2583 66346981  452.345  154.256  45.711  110.488  -7.45  -0.63  0000
   35  -0.133  2830 66346982  455.111  156.298  46.060  111.574  -7.81  -0.99  0000
   36  -0.100  3140 66346983  456.459  157.909  46.146  112.271  -7.81  -0.99  0000
   37  -0.067  3577 66346984  459.240  159.361  46.610  113.171  -8.15  -1.33  0000
   38  -0.033  3656 66346985  460.933  161.077  46.782  113.945  -8.23  -1.41  0000
   39   0.000  3940 66346986  462.326  162.511  46.927  114.583  -8.30  -1.48  0000
   40   0.033  3694 66346987  464.923  164.458  47.310  115.557  -8.28  -1.46  0000
   41   0.067  3332 66346988  466.763  166.462  47.509  116.416  -8.16  -1.34  0000
   42   0.100  3824 66346989  468.367  168.078  47.708  117.122  -8.39  -1.57  0000
   43   0.133  3920 66346990  471.040  170.046  48.144  118.077  -8.42  -1.60  0000
   44   0.167  3578 66346991  473.058  172.056  48.420  118.938  -8.24  -1.42  0000
   45   0.200  1561 66346992  473.712  173.860  48.378  119.545  -6.30   0.52  0000
