#
#   version : 20090611
#    num_fr : 17
#      time : 20130904 03:34:35.844 UTC
#      unix : 1378265675.844602
#       ntp : LOCK 987 205514 490
#       seq : 20744207
#       mul : 0 [A]
#      site : 01
#    latlon : 45.5749 -94.3965 370.0
#      text : Collegeville
#     label : 
#     plate : metal_20100816_20100506-404-gd3
#      geom : 640 480
#    reject : 0
#
#  fr    time   sum     seq       cx       cy      th      phi    lsp    mag  flag
   29  -0.467  1622 20744193  500.003   93.131  67.293  104.939  -5.85   0.97  0000
   30  -0.434  2030 20744194  500.052   93.584  67.220  105.029  -6.31   0.51  0000
   31  -0.400  1704 20744195  500.536   93.181  67.410  105.029  -6.07   0.75  0000
   32  -0.367  2168 20744196  502.200   92.422  67.946  105.142  -6.58   0.24  0000
   33  -0.334  2653 20744197  502.871   92.591  68.074  105.273  -7.31  -0.49  0000
   34  -0.300  3085 20744198  502.880   92.226  68.144  105.209  -7.59  -0.77  0000
   35  -0.267  3031 20744199  503.761   91.382  68.512  105.188  -7.67  -0.85  0000
   36  -0.234  2883 20744200  504.461   91.335  68.687  105.284  -7.34  -0.52  0000
   37  -0.200  2516 20744201  505.060   90.931  68.906  105.300  -7.39  -0.57  0000
   38  -0.167  2573 20744202  504.402   90.200  68.886  105.072  -7.25  -0.43  0000
   39  -0.133  2159 20744203  504.496   89.853  68.974  105.024  -6.92  -0.10  0000
   40  -0.100  2087 20744204  504.651   89.690  69.041  105.018  -6.51   0.31  0000
   41  -0.067  2343 20744205  506.778   89.864  69.517  105.362  -6.85  -0.03  0000
   42  -0.033  2100 20744206  506.906   89.290  69.656  105.279  -6.60   0.22  0000
   43   0.000  4814 20744207  508.093   88.465  70.096  105.306  -8.55  -1.73  0000
   44   0.033  2723 20744208  508.623   88.209  70.271  105.338  -7.34  -0.52  0000
   45   0.067  1697 20744209  508.675   87.480  70.421  105.218  -5.62   1.20  0000
