#
#   version : 20090611
#    num_fr : 13
#      time : 20130904 08:09:27.922 UTC
#      unix : 1378282167.922031
#       ntp : LOCK -382 761985 353
#       seq : 21238463
#       mul : 0 [A]
#      site : 01
#    latlon : 45.5749 -94.3965 370.0
#      text : Collegeville
#     label : 
#     plate : metal_20100816_20100506-404-gd3
#      geom : 640 480
#    reject : 0
#
#  fr    time   sum     seq       cx       cy      th      phi    lsp    mag  flag
   30  -0.367  2059 21238452  286.624   39.448  56.817   46.194  -6.39   0.43  0000
   31  -0.334  2380 21238453  287.214   38.693  57.010   46.380  -7.16  -0.34  0000
   32  -0.300  3054 21238454  288.915   37.240  57.364   46.891  -7.48  -0.66  0000
   33  -0.267  3095 21238455  291.735   35.712  57.710   47.706  -7.97  -1.15  0000
   34  -0.234  3544 21238456  293.800   34.073  58.121   48.306  -8.01  -1.19  0000
   35  -0.200  3971 21238457  296.845   32.639  58.457   49.163  -8.21  -1.39  0000
   36  -0.167  3854 21238458  298.314   30.929  58.918   49.586  -8.28  -1.46  0000
   37  -0.133  4055 21238459  301.296   29.801  59.188   50.404  -8.32  -1.50  0000
   38  -0.100  4740 21238460  303.322   28.255  59.605   50.961  -8.55  -1.73  0000
   39  -0.067  4224 21238461  306.119   26.938  59.954   51.716  -8.46  -1.64  0000
   40  -0.033  5472 21238462  308.081   25.545  60.342   52.241  -8.81  -1.99  0000
   41   0.000  6539 21238463  309.765   24.121  60.746   52.685  -9.20  -2.38  0000
   42   0.033  3414 21238464  311.700   23.102  61.036   53.192  -8.04  -1.22  0000
