#
#   version : 20090611
#    num_fr : 12
#      time : 20130904 03:20:53.521 UTC
#      unix : 1378264853.521339
#       ntp : LOCK 541 825388 514
#       seq : 20719563
#       mul : 0 [A]
#      site : 01
#    latlon : 45.5749 -94.3965 370.0
#      text : Collegeville
#     label : 
#     plate : metal_20100816_20100506-404-gd3
#      geom : 640 480
#    reject : 0
#
#  fr    time   sum     seq       cx       cy      th      phi    lsp    mag  flag
   29  -0.300  1944 20719554  434.174   71.734  58.352   88.941  -6.23   0.59  0000
   30  -0.267  1803 20719555  434.374   72.079  58.305   89.039  -6.20   0.62  0000
   31  -0.234  2207 20719556  434.855   72.433  58.303   89.201  -6.57   0.25  0000
   32  -0.200  2662 20719557  435.199   72.400  58.370   89.273  -7.27  -0.45  0000
   33  -0.167  2897 20719558  435.661   73.039  58.299   89.475  -7.18  -0.36  0000
   34  -0.133  2862 20719559  437.004   74.126  58.278   89.944  -7.41  -0.59  0000
   35  -0.100  2770 20719560  437.091   73.895  58.346   89.926  -7.53  -0.71  0000
   36  -0.067  3465 20719561  436.851   74.532  58.157   89.974  -7.90  -1.08  0000
   37  -0.033  3825 20719562  437.260   75.050  58.109   90.147  -8.09  -1.27  0000
   38   0.000  4603 20719563  438.282   75.975  58.074   90.520  -8.54  -1.72  0000
   39   0.033  3375 20719564  438.611   76.297  58.058   90.645  -8.06  -1.24  0000
   40   0.067  2513 20719565  438.716   75.988  58.147   90.618  -7.22  -0.40  0000
