#
#   version : 20090611
#    num_fr : 14
#      time : 20140921 05:47:26.784 UTC
#      unix : 1411278446.784404
#       ntp : LOCK -284 380704 1191
#       seq : 86867086
#       mul : 0 [A]
#      site : 01
#    latlon : 45.5749 -94.3965 370.0
#      text : Collegeville
#     label : 
#     plate : metal_20100816_20100506-404-gd3
#      geom : 640 480
#    reject : 0
#
#  fr    time   sum     seq       cx       cy      th      phi    lsp    mag  flag
   30  -0.234  2280 86867079   53.194  363.217  80.608  -59.647  -6.42   0.40  0000
   31  -0.200  2303 86867080   54.532  364.933  80.418  -60.057  -6.30   0.52  0000
   32  -0.167  2165 86867081   53.955  366.106  80.746  -60.222  -6.52   0.30  0000
   33  -0.133  2189 86867082   53.592  368.640  81.189  -60.643  -6.66   0.16  0000
   34  -0.100  2526 86867083   53.629  369.027  81.229  -60.715  -6.63   0.19  0000
   35  -0.067  2398 86867084   54.574  371.304  81.246  -61.191  -6.80   0.02  0000
   36  -0.033  3035 86867085   54.671  373.137  81.466  -61.521  -7.85  -1.03  0000
   37   0.000  3207 86867086   54.447  374.086  81.665  -61.668  -7.67  -0.85  0000
   38   0.033  2662 86867087   55.840  375.435  81.430  -62.018  -7.08  -0.26  0000
   41   0.133  2447 86867090   56.698  380.872  81.946  -63.032  -6.88  -0.06  0000
   44   0.234  2232 86867093   57.361  384.291  82.250  -63.674  -6.49   0.33  0000
   45   0.267  2667 86867094   56.941  386.763  82.747  -64.056  -7.42  -0.60  0000
   46   0.300  2837 86867095   56.583  387.676  82.993  -64.178  -7.15  -0.33  0000
   47   0.334  1818 86867096   58.562  388.470  82.523  -64.488  -6.14   0.68  0000
