#
#   version : 20090611
#    num_fr : 14
#      time : 20140921 04:08:33.995 UTC
#      unix : 1411272513.995496
#       ntp : LOCK -574 1003141 1370
#       seq : 86689283
#       mul : 0 [A]
#      site : 01
#    latlon : 45.5749 -94.3965 370.0
#      text : Collegeville
#     label : 
#     plate : metal_20100816_20100506-404-gd3
#      geom : 640 480
#    reject : 0
#
#  fr    time   sum     seq       cx       cy      th      phi    lsp    mag  flag
   30  -0.334  1576 86689273  404.514  130.775  40.092   92.477  -5.99   0.83  0000
   31  -0.300  1544 86689274  405.969  129.145  40.692   92.531  -6.09   0.73  0000
   32  -0.267  1977 86689275  406.925  129.564  40.770   92.915  -6.49   0.33  0000
   33  -0.234  1753 86689276  409.922  128.930  41.435   93.644  -6.52   0.30  0000
   34  -0.200  1932 86689277  410.973  128.002  41.818   93.729  -6.59   0.23  0000
   35  -0.167  1724 86689278  411.537  127.903  41.940   93.867  -6.15   0.67  0000
   36  -0.133  1935 86689279  414.571  126.663  42.748   94.432  -6.70   0.12  0000
   37  -0.100  1942 86689280  415.420  126.629  42.909   94.660  -6.40   0.42  0000
   38  -0.067  1851 86689281  417.304  125.939  43.399   95.015  -6.74   0.08  0000
   39  -0.033  2000 86689282  418.715  125.128  43.827   95.208  -6.30   0.52  0000
   40   0.000  2111 86689283  421.128  124.815  44.342   95.777  -6.81   0.01  0000
   41   0.033  2006 86689284  422.435  124.246  44.705   95.988  -6.55   0.27  0000
   42   0.067  1876 86689285  423.160  124.061  44.880   96.134  -6.17   0.65  0000
   43   0.100  1661 86689286  426.194  123.618  45.548   96.807  -6.65   0.17  0000
