#
#   version : 20090611
#    num_fr : 12
#      time : 20091212 08:24:51.336 UTC
#      unix : 1260606291.336923
#       ntp : LOCK 548 415090 660
#       seq : 102291960
#       mul : 0 [A]
#      site : 01
#    latlon : 45.5749 -94.3965 370.0
#      text : Collegeville
#     label : 
#     plate : 
#      geom : 640 480
#    reject : 0
#
#  fr    time   sum     seq       cx       cy      th      phi    lsp    mag  flag
   29  -0.267  1799 102291952  288.703  320.023  22.397 -107.580  -6.36  -6.36  0000
   30  -0.234  1973 102291953  291.507  319.331  22.032 -109.322  -6.37  -6.37  0000
   31  -0.200  1854 102291954  292.645  319.010  21.880 -110.039  -6.63  -6.63  0000
   32  -0.167  2381 102291955  295.798  318.750  21.638 -112.160  -6.94  -6.94  0000
   33  -0.133  2389 102291956  298.121  317.762  21.275 -113.659  -6.84  -6.84  0000
   34  -0.100  2431 102291957  299.131  317.548  21.177 -114.350  -7.33  -7.33  0000
   35  -0.067  2666 102291958  301.985  316.974  20.925 -116.339  -7.33  -7.33  0000
   36  -0.033  2820 102291959  304.089  316.226  20.672 -117.812  -7.46  -7.46  0000
   37   0.000  2873 102291960  307.242  315.387  20.392 -120.096  -7.63  -7.63  0000
   38   0.033  2856 102291961  310.037  314.938  20.248 -122.176  -7.37  -7.37  0000
   39   0.067  1949 102291962  311.902  313.772  19.942 -123.579  -6.73  -6.73  0000
   40   0.100  1161 102291963  314.564  313.860  19.981 -125.609  -5.45  -5.45  0000
