#
#   version : 20090611
#    num_fr : 18
#      time : 20091212 06:27:55.726 UTC
#      unix : 1260599275.726419
#       ntp : LOCK -511 493940 482
#       seq : 102081703
#       mul : 0 [A]
#      site : 01
#    latlon : 45.5749 -94.3965 370.0
#      text : Collegeville
#     label : 
#     plate : 
#      geom : 640 480
#    reject : 0
#
#  fr    time   sum     seq       cx       cy      th      phi    lsp    mag  flag
   29  -0.400  1509 102081691  462.031  415.262  62.959 -165.398  -6.16  -6.16  0000
   30  -0.367  1300 102081692  461.752  416.088  63.083 -165.216  -6.01  -6.01  0000
   31  -0.334  1731 102081693  463.724  417.112  63.687 -165.443  -6.48  -6.48  0000
   32  -0.300  2174 102081694  464.576  417.377  63.911 -165.567  -6.95  -6.95  0000
   33  -0.267  2588 102081695  465.540  418.559  64.354 -165.573  -7.39  -7.39  0000
   34  -0.234  2135 102081696  466.645  418.569  64.573 -165.783  -6.98  -6.98  0000
   35  -0.200  2065 102081697  468.809  419.176  65.131 -166.101  -6.84  -6.84  0000
   36  -0.167  2168 102081698  468.947  420.466  65.437 -165.932  -7.37  -7.37  0000
   37  -0.133  2710 102081699  469.438  420.880  65.624 -165.962  -7.38  -7.38  0000
   38  -0.100  2291 102081700  471.231  421.524  66.119 -166.200  -7.12  -7.12  0000
   39  -0.067  2455 102081701  471.864  422.238  66.399 -166.211  -7.42  -7.42  0000
   40  -0.033  2504 102081702  473.429  423.023  66.882 -166.383  -7.35  -7.35  0000
   41   0.000  2892 102081703  473.879  423.790  67.138 -166.352  -7.70  -7.70  0000
   42   0.033  2734 102081704  475.479  424.237  67.556 -166.578  -7.52  -7.52  0000
   43   0.067  2478 102081705  476.139  424.964  67.846 -166.590  -7.38  -7.38  0000
   44   0.100  2424 102081706  477.807  425.625  68.327 -166.794  -7.05  -7.05  0000
   45   0.133  1908 102081707  478.414  426.280  68.592 -166.807  -6.73  -6.73  0000
   46   0.167  1608 102081708  478.984  426.151  68.680 -166.928  -6.41  -6.41  0000
