#
#   version : 20090611
#    num_fr : 17
#      time : 20141012 05:50:33.328 UTC
#      unix : 1413093033.328076
#       ntp : LOCK -842 960074 1655
#       seq : 141249033
#       mul : 0 [A]
#      site : 01
#    latlon : 45.5749 -94.3965 370.0
#      text : Collegeville
#     label : 
#     plate : metal_20100816_20100506-404-gd3
#      geom : 640 480
#    reject : 0
#
#  fr    time   sum     seq       cx       cy      th      phi    lsp    mag  flag
   30  -0.534  3307 141249017  309.140   45.821  54.521   52.528  -6.28   0.54  0000
   32  -0.467  3309 141249019  308.060   43.968  55.054   52.216  -6.63   0.19  0000
   34  -0.400  3239 141249021  305.040   43.006  55.355   51.350  -6.34   0.48  0000
   37  -0.300  4159 141249024  303.107   40.390  56.125   50.816  -7.00  -0.18  0000
   38  -0.267  3652 141249025  302.761   39.979  56.247   50.721  -6.77   0.05  0000
   39  -0.234  3456 141249026  300.767   39.229  56.493   50.165  -6.79   0.03  0000
   40  -0.200  3887 141249027  300.246   38.734  56.643   50.024  -6.87  -0.05  0000
   41  -0.167  4312 141249028  300.788   37.949  56.858   50.185  -7.17  -0.35  0000
   42  -0.133  4037 141249029  299.186   36.857  57.199   49.750  -7.00  -0.18  0000
   43  -0.100  4173 141249030  298.473   36.600  57.287   49.555  -7.68  -0.86  0000
   44  -0.067  4325 141249031  297.847   35.924  57.494   49.391  -7.43  -0.61  0000
   45  -0.033  4252 141249032  295.410   35.037  57.803   48.731  -7.31  -0.49  0000
   46   0.000  4761 141249033  295.130   34.735  57.897   48.659  -7.59  -0.77  0000
   47   0.033  4752 141249034  294.183   33.146  58.376   48.428  -7.65  -0.83  0000
   48   0.067  4154 141249035  293.168   33.629  58.265   48.142  -7.62  -0.80  0000
   49   0.100  3854 141249036  291.464   32.221  58.718   47.707  -6.52   0.30  0000
   50   0.133  3536 141249037  290.935   31.932  58.817   47.570  -6.30   0.52  0000
