#
#   version : 20090611
#    num_fr : 15
#      time : 20140813 05:30:38.040 UTC
#      unix : 1407907838.040527
#       ntp : LOCK -496 262098 326
#       seq : 29521591
#       mul : 0 [A]
#      site : 01
#    latlon : 45.5749 -94.3965 370.0
#      text : Collegeville
#     label : 
#     plate : metal_20100816_20100506-404-gd3
#      geom : 640 480
#    reject : 0
#
#  fr    time   sum     seq       cx       cy      th      phi    lsp    mag  flag
   29  -0.334  2797 29521581  374.271  308.365  22.490 -173.591  -6.31   0.51  0000
   30  -0.300  3479 29521582  375.218  312.738  23.462 -171.940  -6.83  -0.01  0000
   31  -0.267  4050 29521583  376.708  314.821  24.133 -171.658  -7.42  -0.60  0000
   32  -0.234  4352 29521584  377.327  318.552  24.946 -170.313  -8.17  -1.35  0000
   33  -0.200  4584 29521585  378.077  322.527  25.845 -169.011  -8.43  -1.61  0000
   34  -0.167  5171 29521586  378.873  326.270  26.720 -167.901  -8.54  -1.72  0000
   35  -0.133  6154 29521587  379.192  330.130  27.544 -166.620  -8.83  -2.01  0000
   36  -0.100  5612 29521588  380.103  333.022  28.289 -165.984  -8.70  -1.88  0000
   37  -0.067  5989 29521589  380.953  336.166  29.079 -165.272  -8.67  -1.85  0000
   38  -0.033  6658 29521590  381.277  339.056  29.732 -164.468  -8.95  -2.13  0000
   39   0.000  7169 29521591  382.506  342.950  30.755 -163.748  -9.20  -2.38  0000
   40   0.033  6937 29521592  383.422  346.573  31.674 -163.031  -9.01  -2.19  0000
   41   0.067  6749 29521593  384.012  350.659  32.647 -162.102  -9.02  -2.20  0000
   42   0.100  6016 29521594  384.866  353.737  33.452 -161.588  -8.79  -1.97  0000
   43   0.133  4570 29521595  384.668  356.268  33.975 -160.854  -7.71  -0.89  0000
