#
#   version : 20090611
#    num_fr : 12
#      time : 20140813 07:37:23.478 UTC
#      unix : 1407915443.478369
#       ntp : LOCK -493 464173 307
#       seq : 29749519
#       mul : 0 [A]
#      site : 01
#    latlon : 45.5749 -94.3965 370.0
#      text : Collegeville
#     label : 
#     plate : metal_20100816_20100506-404-gd3
#      geom : 640 480
#    reject : 0
#
#  fr    time   sum     seq       cx       cy      th      phi    lsp    mag  flag
   29  -0.267  2853 29749511  412.102   43.017  62.158   80.057  -6.43   0.39  0000
   30  -0.234  2952 29749512  414.067   42.026  62.678   80.395  -7.05  -0.23  0000
   31  -0.200  4756 29749513  414.251   42.027  62.702   80.437  -7.76  -0.94  0000
   32  -0.167  4577 29749514  417.482   41.909  63.173   81.155  -7.88  -1.06  0000
   33  -0.133  5259 29749515  417.684   41.691  63.257   81.176  -8.27  -1.45  0000
   34  -0.100  5991 29749516  417.814   41.541  63.314   81.187  -8.40  -1.58  0000
   35  -0.067  5470 29749517  420.965   41.624  63.733   81.900  -8.27  -1.45  0000
   36  -0.033  4902 29749518  421.385   40.869  63.987   81.904  -8.25  -1.43  0000
   37   0.000  7308 29749519  422.620   40.609  64.230   82.146  -9.17  -2.35  0000
   38   0.033  5744 29749520  424.514   40.920  64.423   82.597  -8.81  -1.99  0000
   39   0.067  5261 29749521  426.078   40.082  64.866   82.837  -7.63  -0.81  0000
   40   0.100  3443 29749522  426.618   40.104  64.940   82.956  -7.11  -0.29  0000
