#
#   version : 20090611
#    num_fr : 28
#      time : 20140813 04:43:51.632 UTC
#      unix : 1407905031.632276
#       ntp : LOCK 76 903839 322
#       seq : 29437484
#       mul : 0 [A]
#      site : 01
#    latlon : 45.5749 -94.3965 370.0
#      text : Collegeville
#     label : 
#     plate : metal_20100816_20100506-404-gd3
#      geom : 640 480
#    reject : 0
#
#  fr    time   sum     seq       cx       cy      th      phi    lsp    mag  flag
   29  -0.567  2697 29437467  183.291  411.054  55.965  -86.661  -6.20   0.62  0000
   31  -0.501  4777 29437469  183.071  416.760  57.286  -87.570  -7.08  -0.26  0000
   32  -0.467  3204 29437470  184.556  418.735  57.460  -88.210  -6.90  -0.08  0000
   33  -0.434  3531 29437471  184.851  420.664  57.848  -88.583  -7.47  -0.65  0000
   34  -0.400  4428 29437472  184.117  422.247  58.347  -88.675  -7.63  -0.81  0000
   35  -0.367  3011 29437473  184.932  425.234  58.893  -89.313  -7.74  -0.92  0000
   36  -0.334  4526 29437474  184.216  426.342  59.280  -89.330  -7.97  -1.15  0000
   37  -0.300  4000 29437475  185.785  429.211  59.674  -90.095  -8.00  -1.18  0000
   38  -0.267  5807 29437476  185.742  430.523  59.992  -90.280  -8.00  -1.18  0000
   39  -0.234  4229 29437477  186.638  434.310  60.739  -91.019  -8.00  -1.18  0000
   40  -0.200  5783 29437478  186.235  435.911  61.194  -91.161  -8.21  -1.39  0000
   41  -0.167  5094 29437479  187.088  438.142  61.586  -91.652  -8.18  -1.36  0000
   42  -0.133  5153 29437480  186.569  440.545  62.260  -91.873  -8.31  -1.49  0000
   43  -0.100  5801 29437481  187.880  442.773  62.584  -92.448  -8.24  -1.42  0000
   44  -0.067  4693 29437482  187.476  444.272  63.021  -92.563  -8.17  -1.35  0000
   45  -0.033  5346 29437483  187.667  446.311  63.494  -92.870  -8.23  -1.41  0000
   46   0.000  5988 29437484  188.235  448.946  64.056  -93.327  -8.18  -1.36  0000
   47   0.033  5358 29437485  188.704  450.858  64.458  -93.665  -8.25  -1.43  0000
   48   0.067  3963 29437486  189.631  452.434  64.704  -94.053  -8.28  -1.46  0000
   49   0.100  5966 29437487  189.351  454.282  65.218  -94.222  -8.17  -1.35  0000
   50   0.133  4804 29437488  190.745  456.231  65.490  -94.745  -8.06  -1.24  0000
   51   0.167  4541 29437489  190.316  458.248  66.076  -94.896  -8.03  -1.21  0000
   52   0.200  5228 29437490  191.209  460.879  66.612  -95.386  -8.31  -1.49  0000
   53   0.234  4979 29437491  190.696  462.333  67.070  -95.448  -8.37  -1.55  0000
   54   0.267  5239 29437492  191.426  463.520  67.263  -95.731  -8.23  -1.41  0000
   55   0.300  4095 29437493  192.677  465.263  67.524  -96.181  -8.04  -1.22  0000
   56   0.334  3402 29437494  192.461  466.927  67.994  -96.321  -7.42  -0.60  0000
   57   0.367  2905 29437495  193.767  468.199  68.129  -96.725  -6.56   0.26  0000
