#
#   version : 20090611
#    num_fr : 13
#      time : 20140813 03:31:46.236 UTC
#      unix : 1407900706.236944
#       ntp : LOCK 758 267201 292
#       seq : 29307855
#       mul : 0 [A]
#      site : 01
#    latlon : 45.5749 -94.3965 370.0
#      text : Collegeville
#     label : 
#     plate : metal_20100816_20100506-404-gd3
#      geom : 640 480
#    reject : 0
#
#  fr    time   sum     seq       cx       cy      th      phi    lsp    mag  flag
   30  -0.367  3504 29307844  519.855  218.998  57.662  136.131  -6.51   0.31  0000
   31  -0.334  3585 29307845  519.381  220.539  57.463  136.521  -6.84  -0.02  0000
   32  -0.300  3943 29307846  520.063  224.582  57.514  137.624  -7.43  -0.61  0000
   33  -0.267  4207 29307847  521.053  226.497  57.741  138.168  -7.37  -0.55  0000
   34  -0.234  4194 29307848  521.234  228.680  57.729  138.754  -7.55  -0.73  0000
   35  -0.200  4294 29307849  522.927  230.689  58.170  139.336  -7.59  -0.77  0000
   36  -0.167  4265 29307850  522.406  232.373  57.977  139.769  -7.55  -0.73  0000
   37  -0.133  4327 29307851  524.150  234.160  58.449  140.283  -7.44  -0.62  0000
   38  -0.100  4080 29307852  524.136  236.449  58.401  140.888  -7.52  -0.70  0000
   39  -0.067  3379 29307853  525.844  238.717  58.867  141.516  -7.46  -0.64  0000
   40  -0.033  4288 29307854  526.084  242.721  58.889  142.571  -7.23  -0.41  0000
   41   0.000  4369 29307855  526.207  244.024  58.914  142.914  -7.29  -0.47  0000
   42   0.033  3690 29307856  527.294  246.068  59.222  143.460  -6.71   0.11  0000
