#
#   version : 20090611
#    num_fr : 15
#      time : 20140813 10:08:45.107 UTC
#      unix : 1407924525.107951
#       ntp : LOCK -675 390812 445
#       seq : 30021689
#       mul : 0 [A]
#      site : 01
#    latlon : 45.5749 -94.3965 370.0
#      text : Collegeville
#     label : 
#     plate : metal_20100816_20100506-404-gd3
#      geom : 640 480
#    reject : 0
#
#  fr    time   sum     seq       cx       cy      th      phi    lsp    mag  flag
   29  -0.367  3668 30021678  526.706  303.354  60.884  158.216  -7.46  -0.64  0000
   30  -0.334  4842 30021679  528.508  304.815  61.505  158.473  -7.99  -1.17  0000
   31  -0.300  5996 30021680  529.837  305.828  61.961  158.645  -8.40  -1.58  0000
   32  -0.267  4734 30021681  530.591  306.559  62.232  158.779  -8.42  -1.60  0000
   33  -0.234  5677 30021682  532.856  308.530  63.031  159.122  -8.60  -1.78  0000
   34  -0.200  5461 30021683  533.341  309.037  63.209  159.214  -8.65  -1.83  0000
   35  -0.167  4983 30021684  534.750  310.712  63.743  159.529  -8.63  -1.81  0000
   36  -0.133  6573 30021685  535.711  310.660  64.019  159.460  -8.74  -1.92  0000
   37  -0.100  4787 30021686  537.495  312.678  64.692  159.827  -8.56  -1.74  0000
   38  -0.067  5364 30021687  538.215  313.842  64.992  160.054  -8.94  -2.12  0000
   39  -0.033  7877 30021688  540.099  314.986  65.632  160.205  -9.47  -2.65  0000
   40   0.000  8156 30021689  539.593  315.956  65.562  160.458  -9.70  -2.88  0000
   41   0.033  6604 30021690  541.502  317.841  66.272  160.771  -9.26  -2.44  0000
   42   0.067  5423 30021691  543.282  318.311  66.831  160.768  -8.79  -1.97  0000
   43   0.100  2115 30021692  544.267  319.826  67.245  161.048  -6.99  -0.17  0000
