#
#   version : 20090611
#    num_fr : 13
#      time : 20140813 05:52:58.982 UTC
#      unix : 1407909178.982244
#       ntp : LOCK -357 932098 326
#       seq : 29561778
#       mul : 0 [A]
#      site : 01
#    latlon : 45.5749 -94.3965 370.0
#      text : Collegeville
#     label : 
#     plate : metal_20100816_20100506-404-gd3
#      geom : 640 480
#    reject : 0
#
#  fr    time   sum     seq       cx       cy      th      phi    lsp    mag  flag
   30  -0.300  2706 29561769   65.786  172.239  72.807  -20.050  -7.29  -0.47  0000
   32  -0.234  2099 29561771   64.157  174.432  73.110  -20.607  -7.07  -0.25  0000
   33  -0.200  2835 29561772   62.871  177.045  73.280  -21.224  -7.33  -0.51  0000
   34  -0.167  3366 29561773   62.097  178.154  73.426  -21.500  -7.50  -0.68  0000
   35  -0.133  2667 29561774   61.667  178.925  73.495  -21.684  -7.65  -0.83  0000
   36  -0.100  3735 29561775   60.754  179.888  73.698  -21.937  -7.88  -1.06  0000
   37  -0.067  3493 29561776   58.168  181.568  74.367  -22.436  -7.91  -1.09  0000
   38  -0.033  3892 29561777   56.596  183.022  74.744  -22.822  -7.74  -0.92  0000
   39   0.000  4887 29561778   55.999  184.183  74.842  -23.091  -8.13  -1.31  0000
   40   0.033  4228 29561779   55.319  186.716  74.869  -23.640  -8.19  -1.37  0000
   41   0.067  3635 29561780   55.109  187.307  74.892  -23.771  -7.70  -0.88  0000
   42   0.100  2315 29561781   53.190  188.641  75.401  -24.143  -7.61  -0.79  0000
   43   0.133  2843 29561782   51.433  190.638  75.819  -24.636  -8.06  -1.24  0000
