#
#   version : 20090611
#    num_fr : 12
#      time : 20140813 05:31:44.240 UTC
#      unix : 1407907904.240098
#       ntp : LOCK -489 292098 326
#       seq : 29523574
#       mul : 0 [A]
#      site : 01
#    latlon : 45.5749 -94.3965 370.0
#      text : Collegeville
#     label : 
#     plate : metal_20100816_20100506-404-gd3
#      geom : 640 480
#    reject : 0
#
#  fr    time   sum     seq       cx       cy      th      phi    lsp    mag  flag
   30  -0.300  2066 29523565  271.346  139.249  30.962   32.901  -6.06   0.76  0000
   31  -0.267  3942 29523566  271.139  140.113  30.767   32.658  -6.44   0.38  0000
   32  -0.234  3670 29523567  271.793  142.885  30.010   32.491  -6.38   0.44  0000
   33  -0.200  4238 29523568  271.181  143.905  29.817   32.012  -6.99  -0.17  0000
   34  -0.167  4161 29523569  271.028  145.750  29.375   31.598  -6.93  -0.11  0000
   35  -0.133  4254 29523570  271.923  147.693  28.802   31.674  -7.34  -0.52  0000
   36  -0.100  4315 29523571  270.982  150.383  28.238   30.672  -7.61  -0.79  0000
   37  -0.067  4585 29523572  271.186  151.761  27.879   30.494  -7.79  -0.97  0000
   38  -0.033  4750 29523573  271.439  154.647  27.146   30.013  -8.02  -1.20  0000
   39   0.000  4808 29523574  271.158  156.337  26.766   29.492  -7.97  -1.15  0000
   40   0.033  3949 29523575  270.763  158.122  26.379   28.873  -8.20  -1.38  0000
   41   0.067  3976 29523576  271.854  159.910  25.823   29.041  -6.62   0.20  0000
