#
#   version : 20090611
#    num_fr : 17
#      time : 20140813 07:16:24.855 UTC
#      unix : 1407914184.855384
#       ntp : LOCK -506 374280 328
#       seq : 29711799
#       mul : 0 [A]
#      site : 01
#    latlon : 45.5749 -94.3965 370.0
#      text : Collegeville
#     label : 
#     plate : metal_20100816_20100506-404-gd3
#      geom : 640 480
#    reject : 0
#
#  fr    time   sum     seq       cx       cy      th      phi    lsp    mag  flag
   30  -0.400  2593 29711787  179.759  434.952  62.112  -89.679  -7.32  -0.50  0000
   31  -0.367  3662 29711788  179.206  436.250  62.521  -89.753  -7.24  -0.42  0000
   32  -0.334  5332 29711789  180.783  438.520  62.781  -90.396  -7.72  -0.90  0000
   33  -0.300  4690 29711790  180.120  441.216  63.549  -90.637  -8.25  -1.43  0000
   34  -0.267  7433 29711791  179.467  442.454  63.964  -90.675  -8.57  -1.75  0000
   35  -0.234  5230 29711792  180.114  444.595  64.371  -91.096  -8.77  -1.95  0000
   36  -0.200  9915 29711793  179.473  447.140  65.106  -91.307  -8.74  -1.92  0000
   37  -0.167  6800 29711794  180.406  449.819  65.604  -91.845  -8.96  -2.14  0000
   38  -0.133  6414 29711795  180.451  450.785  65.835  -91.979  -8.81  -1.99  0000
   39  -0.100  8779 29711796  180.599  452.632  66.270  -92.244  -8.91  -2.09  0000
   40  -0.067  9359 29711797  180.479  456.009  67.137  -92.645  -8.82  -2.00  0000
   41  -0.033  6727 29711798  181.020  457.915  67.525  -92.986  -8.87  -2.05  0000
   42   0.000  9981 29711799  181.454  460.751  68.173  -93.414  -8.93  -2.11  0000
   43   0.033  8903 29711800  181.964  461.684  68.326  -93.625  -9.43  -2.61  0000
   44   0.067  8754 29711801  182.124  463.477  68.759  -93.868  -9.56  -2.74  0000
   45   0.100  3490 29711802  183.630  464.683  68.820  -94.303  -8.32  -1.50  0000
   46   0.133  5637 29711803  183.940  467.901  69.605  -94.731  -7.69  -0.87  0000
