#
#   version : 20090611
#    num_fr : 14
#      time : 20140813 09:59:43.096 UTC
#      unix : 1407923983.096354
#       ntp : LOCK -770 120812 445
#       seq : 30005446
#       mul : 0 [A]
#      site : 01
#    latlon : 45.5749 -94.3965 370.0
#      text : Collegeville
#     label : 
#     plate : metal_20100816_20100506-404-gd3
#      geom : 640 480
#    reject : 0
#
#  fr    time   sum     seq       cx       cy      th      phi    lsp    mag  flag
   29  -0.133  2526 30005442  514.996  282.968  56.345  153.505  -5.99   0.83  0000
   30  -0.100  3171 30005443  515.258  283.504  56.445  153.640  -7.51  -0.69  0000
   31  -0.067  3616 30005444  516.289  284.754  56.800  153.934  -7.70  -0.88  0000
   32  -0.033  4434 30005445  518.131  286.509  57.416  154.324  -8.06  -1.24  0000
   33   0.000  7343 30005446  519.367  286.373  57.768  154.236  -8.48  -1.66  0000
   34   0.033  6264 30005447  520.538  288.242  58.199  154.676  -8.33  -1.51  0000
   35   0.067  5308 30005448  522.912  290.193  58.988  155.078  -8.70  -1.88  0000
   36   0.100  6342 30005449  523.784  290.924  59.280  155.227  -8.70  -1.88  0000
   37   0.133  6495 30005450  525.227  292.640  59.792  155.599  -8.76  -1.94  0000
   38   0.167  6569 30005451  527.351  293.773  60.473  155.787  -8.77  -1.95  0000
   39   0.200  6720 30005452  528.565  294.798  60.885  155.987  -9.34  -2.52  0000
   40   0.234  6504 30005453  530.362  296.655  61.517  156.363  -9.11  -2.29  0000
   41   0.267  4798 30005454  532.328  297.699  62.154  156.525  -8.44  -1.62  0000
   42   0.300  3387 30005455  532.851  298.147  62.334  156.609  -7.58  -0.76  0000
