#
#   version : 20090611
#    num_fr : 12
#      time : 20140813 10:15:49.868 UTC
#      unix : 1407924949.868307
#       ntp : LOCK -607 605812 445
#       seq : 30034419
#       mul : 0 [A]
#      site : 01
#    latlon : 45.5749 -94.3965 370.0
#      text : Collegeville
#     label : 
#     plate : metal_20100816_20100506-404-gd3
#      geom : 640 480
#    reject : 0
#
#  fr    time   sum     seq       cx       cy      th      phi    lsp    mag  flag
   29  -0.300  3166 30034410  490.967  277.970  49.268  153.077  -7.51  -0.69  0000
   30  -0.267  3211 30034411  491.433  276.137  49.325  152.494  -7.60  -0.78  0000
   31  -0.234  3577 30034412  491.320  275.056  49.252  152.167  -7.90  -1.08  0000
   32  -0.200  3328 30034413  493.156  273.068  49.701  151.489  -7.72  -0.90  0000
   33  -0.167  2969 30034414  493.831  272.214  49.864  151.205  -7.55  -0.73  0000
   34  -0.133  2586 30034415  494.922  269.526  50.091  150.354  -7.35  -0.53  0000
   36  -0.067  3744 30034417  495.939  267.670  50.330  149.763  -7.85  -1.03  0000
   37  -0.033  4646 30034418  495.324  265.005  50.090  148.969  -7.61  -0.79  0000
   38   0.000  6637 30034419  496.928  263.862  50.524  148.589  -7.77  -0.95  0000
   39   0.033  4235 30034420  496.465  261.047  50.340  147.745  -7.72  -0.90  0000
   40   0.067  4030 30034421  498.057  259.354  50.771  147.212  -7.59  -0.77  0000
   41   0.100  3317 30034422  497.541  258.257  50.609  146.887  -7.21  -0.39  0000
