#
#   version : 20090611
#    num_fr : 12
#      time : 20140813 06:29:26.937 UTC
#      unix : 1407911366.937686
#       ntp : LOCK -709 477698 334
#       seq : 29627350
#       mul : 0 [A]
#      site : 01
#    latlon : 45.5749 -94.3965 370.0
#      text : Collegeville
#     label : 
#     plate : metal_20100816_20100506-404-gd3
#      geom : 640 480
#    reject : 0
#
#  fr    time   sum     seq       cx       cy      th      phi    lsp    mag  flag
   30  -0.334  3174 29627340  325.098  114.769  35.642   59.351  -6.14   0.68  0000
   31  -0.300  3738 29627341  325.831  116.731  35.136   59.764  -6.66   0.16  0000
   32  -0.267  3496 29627342  326.190  116.880  35.107   59.929  -6.88  -0.06  0000
   33  -0.234  3341 29627343  327.969  118.641  34.692   60.811  -6.97  -0.15  0000
   34  -0.200  3142 29627344  328.359  118.990  34.612   61.005  -7.59  -0.77  0000
   35  -0.167  3965 29627345  330.520  119.822  34.471   62.020  -7.67  -0.85  0000
   36  -0.133  3610 29627346  331.036  120.578  34.290   62.302  -7.82  -1.00  0000
   37  -0.100  4022 29627347  331.332  121.653  34.017   62.511  -7.88  -1.06  0000
   38  -0.067  4869 29627348  333.119  122.712  33.814   63.397  -8.10  -1.28  0000
   39  -0.033  4892 29627349  334.572  124.313  33.460   64.188  -8.21  -1.39  0000
   40   0.000  4909 29627350  334.639  124.772  33.342   64.258  -8.21  -1.39  0000
   41   0.033  3310 29627351  336.962  125.966  33.150   65.430  -6.64   0.18  0000
