#
#   version : 20090611
#    num_fr : 17
#      time : 20140813 07:46:49.312 UTC
#      unix : 1407916009.312379
#       ntp : LOCK -429 749173 307
#       seq : 29766477
#       mul : 0 [A]
#      site : 01
#    latlon : 45.5749 -94.3965 370.0
#      text : Collegeville
#     label : 
#     plate : metal_20100816_20100506-404-gd3
#      geom : 640 480
#    reject : 0
#
#  fr    time   sum     seq       cx       cy      th      phi    lsp    mag  flag
   29  -0.501  3772 29766462  395.989  116.703  41.817   86.769  -7.03  -0.21  0000
   30  -0.467  5506 29766463  396.450  117.121  41.792   86.996  -7.85  -1.03  0000
   31  -0.434  5271 29766464  399.395  117.638  42.131   88.013  -8.32  -1.50  0000
   32  -0.400  6988 29766465  400.096  117.841  42.195   88.269  -8.88  -2.06  0000
   33  -0.367  6690 29766466  402.696  118.086  42.556   89.107  -8.88  -2.06  0000
   34  -0.334  7011 29766467  403.944  119.028  42.550   89.677  -8.89  -2.07  0000
   35  -0.300  7641 29766468  406.174  118.768  42.975   90.280  -9.14  -2.32  0000
   36  -0.267  6138 29766469  408.384  119.711  43.140   91.123  -9.10  -2.28  0000
   37  -0.234  6822 29766470  410.542  120.102  43.425   91.826  -9.04  -2.22  0000
   38  -0.200  9177 29766471  411.526  120.517  43.506   92.194  -9.45  -2.63  0000
   39  -0.167  7024 29766472  414.979  121.009  44.010   93.264  -9.13  -2.31  0000
   40  -0.133  7904 29766473  417.055  122.365  44.097   94.133  -9.35  -2.53  0000
   41  -0.100  8119 29766474  418.702  122.449  44.380   94.595  -9.23  -2.41  0000
   42  -0.067  7542 29766475  420.675  123.745  44.477   95.412  -9.30  -2.48  0000
   43  -0.033  9148 29766476  423.559  123.942  44.979   96.209  -9.46  -2.64  0000
   44   0.000  9766 29766477  424.476  125.600  44.818   96.828  -9.45  -2.63  0000
   45   0.033  6086 29766478  428.188  125.559  45.546   97.755  -9.34  -2.52  0000
