#
#   version : 20090611
#    num_fr : 22
#      time : 20140813 06:25:41.779 UTC
#      unix : 1407911141.779111
#       ntp : LOCK -750 362698 334
#       seq : 29620602
#       mul : 0 [A]
#      site : 01
#    latlon : 45.5749 -94.3965 370.0
#      text : Collegeville
#     label : 
#     plate : metal_20100816_20100506-404-gd3
#      geom : 640 480
#    reject : 0
#
#  fr    time   sum     seq       cx       cy      th      phi    lsp    mag  flag
   30  -0.567  2255 29620585  149.920  116.767  57.347    1.684  -7.44  -0.62  0000
   31  -0.534  3106 29620586  148.189  117.778  57.570    1.172  -7.35  -0.53  0000
   32  -0.500  4611 29620587  147.694  118.593  57.542    0.916  -7.65  -0.83  0000
   33  -0.467  5286 29620588  144.814  118.863  58.176    0.368  -8.18  -1.36  0000
   34  -0.434  6872 29620589  144.336  119.839  58.119    0.084  -8.67  -1.85  0000
   35  -0.400  5537 29620590  143.937  120.225  58.147   -0.063  -8.56  -1.74  0000
   36  -0.367  7712 29620591  141.735  121.209  58.506   -0.635  -8.83  -2.01  0000
   37  -0.334  5555 29620592  140.332  122.695  58.593   -1.175  -8.71  -1.89  0000
   38  -0.300  9445 29620593  139.583  123.171  58.695   -1.397  -9.16  -2.34  0000
   39  -0.267  5504 29620594  138.486  123.816  58.854   -1.709  -8.85  -2.03  0000
   40  -0.234  7419 29620595  137.430  125.366  58.856   -2.204  -9.23  -2.41  0000
   41  -0.200  7463 29620596  135.430  126.539  59.158   -2.765  -9.29  -2.47  0000
   42  -0.167  7586 29620597  134.363  127.816  59.216   -3.202  -9.49  -2.67  0000
   43  -0.133  7750 29620598  133.421  128.445  59.351   -3.479  -9.29  -2.47  0000
   44  -0.100  8923 29620599  130.361  128.993  60.033   -4.055  -9.48  -2.66  0000
   45  -0.067  8169 29620600  129.595  130.585  59.977   -4.507  -9.59  -2.77  0000
   46  -0.033  7925 29620601  128.986  131.082  60.055   -4.703  -9.48  -2.66  0000
   47   0.000  9739 29620602  127.074  133.785  60.129   -5.559  -9.67  -2.85  0000
   48   0.033  8973 29620603  125.243  133.343  60.667   -5.722  -9.45  -2.63  0000
   49   0.067  7995 29620604  122.625  133.676  61.295   -6.156  -9.92  -3.10  0000
   50   0.100  7333 29620605  120.939  135.498  61.463   -6.775  -9.85  -3.03  0000
   51   0.133  7340 29620606  121.222  137.657  61.074   -7.203  -9.39  -2.57  0000
