#
#   version : 20090611
#    num_fr : 30
#      time : 20140813 05:15:46.815 UTC
#      unix : 1407906946.815407
#       ntp : LOCK -97 840775 314
#       seq : 29494881
#       mul : 0 [A]
#      site : 01
#    latlon : 45.5749 -94.3965 370.0
#      text : Collegeville
#     label : 
#     plate : metal_20100816_20100506-404-gd3
#      geom : 640 480
#    reject : 0
#
#  fr    time   sum     seq       cx       cy      th      phi    lsp    mag  flag
   30  -0.667  4741 29494861  524.357  228.412  58.650  138.777  -7.42  -0.60  0000
   31  -0.634  4119 29494862  524.540  230.265  58.654  139.268  -7.61  -0.79  0000
   32  -0.601  5891 29494863  525.414  232.118  58.865  139.777  -7.88  -1.06  0000
   33  -0.567  5829 29494864  527.825  235.018  59.513  140.589  -7.84  -1.02  0000
   34  -0.534  7365 29494865  527.385  236.045  59.364  140.847  -8.05  -1.23  0000
   35  -0.501  5069 29494866  529.082  238.294  59.828  141.462  -7.99  -1.17  0000
   36  -0.467  3890 29494867  530.040  240.268  60.084  141.987  -8.36  -1.54  0000
   37  -0.434  6647 29494868  529.802  242.737  59.987  142.620  -8.57  -1.75  0000
   38  -0.400  6041 29494869  531.588  244.359  60.503  143.057  -8.63  -1.81  0000
   39  -0.367  6787 29494870  531.146  245.944  60.362  143.459  -8.96  -2.14  0000
   40  -0.334  5499 29494871  533.481  248.335  61.046  144.086  -8.89  -2.07  0000
   41  -0.300  7051 29494872  533.079  249.797  60.926  144.456  -9.01  -2.19  0000
   42  -0.267  8768 29494873  533.897  251.824  61.171  144.974  -9.05  -2.23  0000
   43  -0.234  7099 29494874  535.131  253.832  61.546  145.482  -9.23  -2.41  0000
   44  -0.200  6345 29494875  536.465  255.789  61.956  145.972  -9.20  -2.38  0000
   45  -0.167  7521 29494876  537.923  257.587  62.406  146.416  -9.16  -2.34  0000
   46  -0.133  6909 29494877  538.481  258.908  62.587  146.742  -9.31  -2.49  0000
   47  -0.100  7851 29494878  539.259  261.961  62.860  147.492  -9.36  -2.54  0000
   48  -0.067  8435 29494879  539.643  264.275  63.012  148.060  -9.59  -2.77  0000
   49  -0.033  9400 29494880  540.650  266.519  63.357  148.599  -9.60  -2.78  0000
   50   0.000  9952 29494881  541.463  267.063  63.612  148.721  -9.76  -2.94  0000
   51   0.033  9925 29494882  541.773  270.107  63.775  149.458  -9.77  -2.95  0000
   52   0.067  8533 29494883  542.066  272.091  63.915  149.936  -9.82  -3.00  0000
   53   0.100  8430 29494884  543.803  274.081  64.493  150.382  -9.60  -2.78  0000
   54   0.133  9715 29494885  545.096  275.855  64.935  150.780  -9.57  -2.75  0000
   55   0.167  8473 29494886  545.177  277.475  65.013  151.165  -9.60  -2.78  0000
   56   0.200  7691 29494887  545.662  280.622  65.270  151.902  -9.31  -2.49  0000
   57   0.234  8470 29494888  545.835  282.712  65.403  152.393  -9.51  -2.69  0000
   58   0.267  4509 29494889  547.323  284.197  65.910  152.700  -7.70  -0.88  0000
   59   0.300  2587 29494890  548.195  286.567  66.274  153.228  -6.49   0.33  0000
