#
#   version : 20090611
#    num_fr : 15
#      time : 20140813 03:26:20.477 UTC
#      unix : 1407900380.477559
#       ntp : LOCK 821 102201 292
#       seq : 29298092
#       mul : 0 [A]
#      site : 01
#    latlon : 45.5749 -94.3965 370.0
#      text : Collegeville
#     label : 
#     plate : metal_20100816_20100506-404-gd3
#      geom : 640 480
#    reject : 0
#
#  fr    time   sum     seq       cx       cy      th      phi    lsp    mag  flag
   29  -0.400  2631 29298080  198.142  162.834  38.457    0.029  -6.20   0.62  0000
   30  -0.367  2774 29298081  196.948  164.609  38.442   -0.818  -6.99  -0.17  0000
   31  -0.334  3601 29298082  195.779  166.404  38.427   -1.665  -6.86  -0.04  0000
   32  -0.300  3878 29298083  193.854  169.995  38.325   -3.270  -7.21  -0.39  0000
   33  -0.267  3916 29298084  191.955  172.223  38.445   -4.424  -7.28  -0.46  0000
   34  -0.234  3869 29298085  190.425  176.551  38.200   -6.197  -7.26  -0.44  0000
   35  -0.200  3399 29298086  189.599  178.203  38.175   -6.930  -7.07  -0.25  0000
   36  -0.167  3560 29298087  189.657  182.408  37.607   -8.373  -7.29  -0.47  0000
   37  -0.133  3112 29298088  188.745  184.358  37.586   -9.240  -7.52  -0.70  0000
   38  -0.100  4136 29298089  186.869  188.436  37.562  -11.048  -7.53  -0.71  0000
   39  -0.067  4064 29298090  186.021  190.610  37.527  -11.986  -7.56  -0.74  0000
   40  -0.033  4084 29298091  183.415  194.553  37.766  -13.865  -7.62  -0.80  0000
   41   0.000  4256 29298092  182.288  196.563  37.852  -14.782  -7.80  -0.98  0000
   42   0.033  3756 29298093  181.182  200.189  37.787  -16.292  -7.53  -0.71  0000
   43   0.067  4027 29298094  180.688  203.859  37.583  -17.738  -7.14  -0.32  0000
