#
#   version : 20090611
#    num_fr : 20
#      time : 20120219 03:26:50.342 UTC
#      unix : 1329622010.342295
#       ntp : LOCK 582 880584 900
#       seq : 68752493
#       mul : 0 [A]
#      site : 01
#    latlon : 45.5749 -94.3965 370.0
#      text : Collegeville
#     label : 
#     plate : metal_20100816_20100506-404-gd3
#      geom : 640 480
#    reject : 0
#
#  fr    time   sum     seq       cx       cy      th      phi    lsp    mag  flag
   29  -0.434  1491 68752480  178.223  252.830  36.201  -37.688  -5.86   0.96  0000
   30  -0.400  1943 68752481  177.037  254.928  36.549  -38.543  -6.28   0.54  0000
   31  -0.367  1619 68752482  175.259  258.978  37.102  -40.158  -6.11   0.71  0000
   33  -0.300  1890 68752484  174.809  264.085  37.342  -42.197  -6.60   0.22  0000
   34  -0.267  2179 68752485  174.033  266.125  37.617  -42.977  -7.22  -0.40  0000
   35  -0.234  2478 68752486  173.855  269.896  37.797  -44.458  -6.97  -0.15  0000
   36  -0.200  2523 68752487  173.032  272.826  38.144  -45.556  -7.19  -0.37  0000
   37  -0.167  2593 68752488  172.030  276.191  38.577  -46.789  -7.33  -0.51  0000
   38  -0.133  2556 68752489  170.723  278.484  39.055  -47.567  -7.38  -0.56  0000
   39  -0.100  2881 68752490  170.804  281.931  39.225  -48.869  -7.25  -0.43  0000
   40  -0.067  3055 68752491  169.974  284.602  39.616  -49.790  -7.63  -0.81  0000
   41  -0.033  2772 68752492  168.993  287.081  40.047  -50.610  -7.55  -0.73  0000
   42   0.000  3143 68752493  167.544  290.320  40.669  -51.640  -7.52  -0.70  0000
   43   0.033  2993 68752494  168.703  292.612  40.523  -52.574  -7.57  -0.75  0000
   44   0.067  2852 68752495  167.050  296.598  41.287  -53.800  -7.59  -0.77  0000
   45   0.100  2687 68752496  166.584  299.087  41.622  -54.608  -7.10  -0.28  0000
   46   0.133  2896 68752497  166.757  302.565  41.884  -55.815  -7.41  -0.59  0000
   47   0.167  2316 68752498  165.786  305.027  42.373  -56.524  -7.18  -0.36  0000
   48   0.200  2194 68752499  164.565  308.150  43.002  -57.402  -6.58   0.24  0000
   49   0.234  1955 68752500  165.694  310.254  42.914  -58.235  -6.26   0.56  0000
