#
#   version : 20090611
#    num_fr : 13
#      time : 20120414 10:04:32.691 UTC
#      unix : 1334397872.691950
#       ntp : LOCK 321 972069 684
#       seq : 211885064
#       mul : 0 [A]
#      site : 01
#    latlon : 45.5749 -94.3965 370.0
#      text : Collegeville
#     label : 
#     plate : metal_20100816_20100506-404-gd3
#      geom : 640 480
#    reject : 0
#
#  fr    time   sum     seq       cx       cy      th      phi    lsp    mag  flag
   30  -0.267  1450 211885056  215.059  185.527  31.081   -3.626  -5.76   1.06  0000
   33  -0.167  1877 211885059  217.781  179.118  31.436   -0.334  -6.37   0.45  0000
   34  -0.133  1935 211885060  219.609  176.992  31.373    1.020  -6.41   0.41  0000
   35  -0.100  2066 211885061  218.718  174.496  31.980    1.678  -6.19   0.63  0000
   36  -0.067  2257 211885062  220.135  171.748  32.138    3.106  -6.84  -0.02  0000
   37  -0.033  2236 211885063  221.207  169.761  32.256    4.145  -6.91  -0.09  0000
   38   0.000  2368 211885064  221.336  167.770  32.580    4.876  -6.90  -0.08  0000
   39   0.033  1901 211885065  222.322  165.350  32.812    6.012  -6.71   0.11  0000
   40   0.067  2069 211885066  224.351  163.286  32.783    7.358  -6.39   0.43  0000
   41   0.100  2025 211885067  224.355  160.977  33.216    8.105  -6.39   0.43  0000
   42   0.133  1952 211885068  224.758  157.715  33.761    9.261  -6.37   0.45  0000
   44   0.200  1746 211885070  226.313  153.989  34.194   10.903  -5.81   1.01  0000
   45   0.234  2004 211885071  227.158  151.666  34.502   11.864  -6.25   0.57  0000
