#
#   version : 20090611
#    num_fr : 13
#      time : 20130731 04:27:27.321 UTC
#      unix : 1375244847.321233
#       ntp : LOCK -1027 610559 1765
#       seq : 35024864
#       mul : 0 [A]
#      site : 01
#    latlon : 45.5749 -94.3965 370.0
#      text : Collegeville
#     label : 
#     plate : metal_20100816_20100506-404-gd3
#      geom : 640 480
#    reject : 0
#
#  fr    time   sum     seq       cx       cy      th      phi    lsp    mag  flag
   29  -0.200  2321 35024858  103.800  144.068  64.873  -10.725  -5.90   0.92  0000
   31  -0.133  2715 35024860  101.973  147.822  64.894  -11.727    nan    nan  0000
   32  -0.100  2917 35024861  100.419  150.046  65.048  -12.371  -6.60   0.22  0000
   33  -0.067  3178 35024862   98.463  151.359  65.435  -12.859  -6.57   0.25  0000
   34  -0.033  3276 35024863   97.201  153.282  65.559  -13.401  -7.09  -0.27  0000
   35   0.000  3674 35024864   96.357  154.661  65.634  -13.782  -7.36  -0.54  0000
   36   0.033  3342 35024865   95.099  156.948  65.726  -14.399  -7.08  -0.26  0000
   37   0.067  2998 35024866   93.685  158.393  65.965  -14.848  -7.26  -0.44  0000
   38   0.100  3609 35024867   92.429  160.156  66.129  -15.348  -7.18  -0.36  0000
   39   0.133  3409 35024868   91.082  162.084  66.307  -15.889  -7.09  -0.27  0000
   40   0.167  3646 35024869   90.772  164.121  66.180  -16.358  -7.33  -0.51  0000
   41   0.200  3239 35024870   89.236  166.159  66.413  -16.937  -6.83  -0.01  0000
   42   0.234  3494 35024871   88.180  168.825  66.452  -17.608  -7.24  -0.42  0000
