#
#   version : 20090611
#    num_fr : 13
#      time : 20130731 05:33:07.432 UTC
#      unix : 1375248787.432334
#       ntp : LOCK -18 510737 1473
#       seq : 35142948
#       mul : 0 [A]
#      site : 01
#    latlon : 45.5749 -94.3965 370.0
#      text : Collegeville
#     label : 
#     plate : metal_20100816_20100506-404-gd3
#      geom : 640 480
#    reject : 0
#
#  fr    time   sum     seq       cx       cy      th      phi    lsp    mag  flag
   26  -0.300  1864 35142939  222.158  234.876  24.379  -27.119  -6.45   0.37  0000
   27  -0.267  2242 35142940  221.359  238.442  24.460  -29.347  -6.96  -0.14  0000
   28  -0.234  2416 35142941  221.182  240.209  24.455  -30.429  -6.88  -0.06  0000
   29  -0.200  2476 35142942  221.282  244.610  24.333  -33.103  -7.13  -0.31  0000
   30  -0.167  2704 35142943  220.315  247.698  24.563  -35.010  -7.46  -0.64  0000
   31  -0.133  2760 35142944  219.518  250.263  24.774  -36.567  -7.23  -0.41  0000
   32  -0.100  2768 35142945  220.305  254.484  24.587  -39.124  -7.58  -0.76  0000
   33  -0.067  3066 35142946  219.106  258.219  24.980  -41.317  -7.63  -0.81  0000
   34  -0.033  3259 35142947  219.139  261.965  25.075  -43.537  -7.71  -0.89  0000
   35   0.000  4157 35142948  219.230  265.121  25.169  -45.398  -8.23  -1.41  0000
   36   0.033  3473 35142949  219.117  268.663  25.363  -47.442  -8.11  -1.29  0000
   37   0.067  3866 35142950  219.410  272.958  25.528  -49.936  -8.04  -1.22  0000
   38   0.100  3162 35142951  218.411  276.260  26.012  -51.638  -7.67  -0.85  0000
