#
#   version : 20090611
#    num_fr : 13
#      time : 20100814 09:00:29.816 UTC
#      unix : 1281776429.816130
#       ntp : LOCK 3633 62194 191
#       seq : 975749
#       mul : 0 [A]
#      site : 01
#    latlon : 45.5749 -94.3965 370.0
#      text : Collegeville
#     label : 
#     plate : metal 20090611
#      geom : 640 480
#    reject : 0
#
#  fr    time   sum     seq       cx       cy      th      phi    lsp    mag  flag
   30  -0.300  1701  975740  372.280  438.526  55.792 -141.154  -6.80  -6.80  0000
   31  -0.267  2081  975741  373.359  440.718  56.468 -141.278  -7.17  -7.17  0000
   32  -0.234  2560  975742  373.594  442.895  57.069 -141.176  -7.69  -7.69  0000
   33  -0.200  2973  975743  374.774  444.772  57.672 -141.349  -7.79  -7.79  0000
   34  -0.167  3608  975744  374.766  447.574  58.422 -141.139  -8.16  -8.16  0000
   35  -0.133  3846  975745  375.446  449.940  59.115 -141.143  -8.38  -8.38  0000
   36  -0.100  4100  975746  375.776  452.270  59.771 -141.061  -8.42  -8.42  0000
   37  -0.067  3554  975747  376.543  454.832  60.528 -141.076  -8.32  -8.32  0000
   38  -0.033  4461  975748  376.993  457.175  61.201 -141.026  -8.63  -8.63  0000
   39   0.000  5051  975749  377.752  459.613  61.928 -141.048  -8.83  -8.83  0000
   40   0.033  4951  975750  378.132  461.531  62.482 -141.011  -8.81  -8.81  0000
   41   0.067  4032  975751  378.742  464.192  63.260 -140.982  -8.41  -8.41  0000
   42   0.100  2155  975752  379.626  466.196  63.884 -141.064  -7.02  -7.02  0000
