#
#   version : 20090611
#    num_fr : 13
#      time : 20110207 10:03:35.430 UTC
#      unix : 1297073015.430716
#       ntp : DRIFT 0 16000000 516
#       seq : 66161363
#       mul : 0 [A]
#      site : 01
#    latlon : 45.5749 -94.3965 370.0
#      text : Collegeville
#     label : 
#     plate : metal_20100816_20100506-404-gd3
#      geom : 640 480
#    reject : 0
#
#  fr    time   sum     seq       cx       cy      th      phi    lsp    mag  flag
   30  -0.334  1522 66161353  362.200  438.908  52.141 -140.793  -6.33  -6.33  0000
   31  -0.300  1948 66161354  363.884  440.450  52.691 -141.148  -6.48  -6.48  0000
   32  -0.267  1838 66161355  365.708  440.739  52.913 -141.639  -6.76  -6.76  0000
   33  -0.234  2248 66161356  367.508  442.267  53.475 -142.014  -7.17  -7.17  0000
   34  -0.200  2448 66161357  370.183  442.933  53.880 -142.697  -7.26  -7.26  0000
   35  -0.167  2429 66161358  372.161  444.692  54.529 -143.083  -7.64  -7.64  0000
   36  -0.133  2732 66161359  375.091  445.500  55.010 -143.801  -7.42  -7.42  0000
   37  -0.100  2444 66161360  376.873  446.937  55.564 -144.144  -7.51  -7.51  0000
   38  -0.067  2618 66161361  378.887  448.057  56.057 -144.570  -7.33  -7.33  0000
   39  -0.033  2313 66161362  381.768  449.165  56.636 -145.216  -7.36  -7.36  0000
   40   0.000  3051 66161363  382.658  450.294  57.030 -145.337  -7.70  -7.70  0000
   41   0.033  2156 66161364  385.895  450.947  57.535 -146.099  -7.19  -7.19  0000
   42   0.067  1568 66161365  388.114  452.107  58.079 -146.542  -6.16  -6.16  0000
