#
#   version : 20090611
#    num_fr : 12
#      time : 20131126 10:58:15.362 UTC
#      unix : 1385463495.362238
#       ntp : LOCK 436 1081507 2035
#       seq : 236457935
#       mul : 0 [A]
#      site : 01
#    latlon : 45.5749 -94.3965 370.0
#      text : Collegeville
#     label : 
#     plate : metal_20100816_20100506-404-gd3
#      geom : 640 480
#    reject : 0
#
#  fr    time   sum     seq       cx       cy      th      phi    lsp    mag  flag
   29  -0.267  1792 236457927  306.696   38.894  56.511   51.839  -6.10   0.72  0000
   30  -0.234  2393 236457928  305.316   36.894  57.097   51.459  -6.76   0.06  0000
   31  -0.200  2612 236457929  305.395   35.168  57.591   51.489  -7.12  -0.30  0000
   32  -0.167  2621 236457930  305.948   33.359  58.105   51.649  -6.96  -0.14  0000
   33  -0.133  2283 236457931  305.233   31.252  58.718   51.462  -6.97  -0.15  0000
   34  -0.100  2527 236457932  305.242   29.380  59.258   51.472  -7.14  -0.32  0000
   35  -0.067  2711 236457933  305.534   27.886  59.686   51.556  -7.25  -0.43  0000
   36  -0.033  3094 236457934  304.835   26.014  60.235   51.377  -7.65  -0.83  0000
   37   0.000  3201 236457935  305.095   24.047  60.802   51.454  -7.60  -0.78  0000
   38   0.033  2711 236457936  304.870   23.317  61.017   51.398  -7.11  -0.29  0000
   39   0.067  2112 236457937  303.331   21.172  61.659   51.006  -6.31   0.51  0000
   40   0.100  1993 236457938  304.848   20.036  61.972   51.405  -5.90   0.92  0000
