#
#   version : 20090611
#    num_fr : 46
#      time : 20100409 03:16:52.313 UTC
#      unix : 1270783012.313752
#       ntp : LOCK 1705 416637 629
#       seq : 52382951
#       mul : 0 [A]
#      site : 01
#    latlon : 45.5749 -94.3965 370.0
#      text : Collegeville
#     label : 
#     plate : metal 20090611
#      geom : 640 480
#    reject : 0
#
#  fr    time   sum     seq       cx       cy      th      phi    lsp    mag  flag
   29  -0.467  2155 52382937  508.875  115.058  63.525  114.834  -6.20  -6.20  0000
   30  -0.434  3035 52382938  509.389  114.917  63.679  114.867  -6.44  -6.44  0000
   32  -0.367  3322 52382940  511.366  115.739  64.067  115.271  -7.06  -7.06  0000
   33  -0.334  4052 52382941  511.674  116.127  64.089  115.387  -7.61  -7.61  0000
   34  -0.300  3973 52382942  513.830  116.273  64.629  115.667  -7.83  -7.83  0000
   35  -0.267  5249 52382943  514.384  116.386  64.757  115.753  -8.48  -8.48  0000
   36  -0.234  5797 52382944  515.166  116.337  64.969  115.832  -8.67  -8.67  0000
   37  -0.200  6051 52382945  516.333  116.394  65.267  115.976  -8.92  -8.92  0000
   38  -0.167  6618 52382946  517.020  117.283  65.318  116.235  -8.86  -8.86  0000
   39  -0.133  6628 52382947  517.482  117.322  65.434  116.294  -8.94  -8.94  0000
   40  -0.100  6610 52382948  519.697  116.998  66.066  116.472  -8.98  -8.98  0000
   41  -0.067  6709 52382949  519.963  117.711  66.033  116.645  -8.85  -8.85  0000
   42  -0.033  6271 52382950  520.481  117.866  66.149  116.733  -8.87  -8.87  0000
   43   0.000  6968 52382951  522.273  118.334  66.559  117.020  -8.96  -8.96  0000
   44   0.033  6145 52382952  522.681  118.380  66.661  117.073  -8.71  -8.71  0000
   45   0.067  6478 52382953  523.345  118.748  66.787  117.217  -8.87  -8.87  0000
   46   0.100  6553 52382954  525.193  118.643  67.297  117.389  -8.88  -8.88  0000
   47   0.133  5719 52382955  525.880  118.829  67.456  117.497  -8.66  -8.66  0000
   48   0.167  6371 52382956  526.166  119.175  67.484  117.596  -8.83  -8.83  0000
   49   0.200  6585 52382957  527.811  119.630  67.864  117.855  -8.90  -8.90  0000
   50   0.234  5339 52382958  528.613  119.627  68.082  117.935  -8.74  -8.74  0000
   51   0.267  5724 52382959  529.032  119.821  68.168  118.016  -8.68  -8.68  0000
   52   0.300  6665 52382960  530.099  120.379  68.381  118.233  -8.86  -8.86  0000
   53   0.334  6547 52382961  531.239  120.241  68.711  118.318  -8.85  -8.85  0000
   54   0.367  6029 52382962  531.947  120.298  68.896  118.398  -8.73  -8.73  0000
   55   0.400  5896 52382963  532.285  121.203  68.864  118.611  -8.74  -8.74  0000
   56   0.434  6730 52382964  534.052  121.701  69.281  118.879  -9.00  -9.00  0000
   57   0.467  6256 52382965  534.569  121.662  69.429  118.920  -8.80  -8.80  0000
   58   0.500  6030 52382966  535.164  122.004  69.546  119.044  -8.78  -8.78  0000
   59   0.534  5924 52382967  536.258  122.052  69.842  119.156  -8.74  -8.74  0000
   60   0.567  5565 52382968  537.379  122.571  70.082  119.362  -8.63  -8.63  0000
   61   0.601  5255 52382969  537.929  122.774  70.207  119.453  -8.59  -8.59  0000
   62   0.634  5783 52382970  538.325  123.064  70.279  119.546  -8.72  -8.72  0000
   63   0.667  5133 52382971  540.090  123.176  70.755  119.727  -8.46  -8.46  0000
   64   0.701  4884 52382972  540.427  123.723  70.777  119.865  -8.40  -8.40  0000
   65   0.734  4943 52382973  541.171  123.897  70.962  119.965  -8.38  -8.38  0000
   66   0.767  4302 52382974  542.341  124.564  71.202  120.199  -8.15  -8.15  0000
   67   0.801  3982 52382975  542.960  124.631  71.367  120.266  -8.09  -8.09  0000
   68   0.834  4298 52382976  543.114  125.110  71.348  120.373  -8.04  -8.04  0000
   69   0.868  3870 52382977  545.007  125.341  71.852  120.580  -7.84  -7.84  0000
   70   0.901  3188 52382978  545.370  125.638  71.916  120.669  -7.45  -7.45  0000
   71   0.934  3100 52382979  545.649  125.820  71.972  120.728  -7.31  -7.31  0000
   72   0.968  3081 52382980  546.750  126.312  72.221  120.916  -7.16  -7.16  0000
   73   1.001  3001 52382981  547.966  126.292  72.568  121.013  -7.16  -7.16  0000
   74   1.034  2748 52382982  548.572  126.182  72.755  121.042  -6.98  -6.98  0000
   75   1.068  2487 52382983  549.248  126.701  72.882  121.197  -6.64  -6.64  0000
