#
#   version : 20090611
#    num_fr : 15
#      time : 20100409 07:47:30.052 UTC
#      unix : 1270799250.052106
#       ntp : LOCK -3757 851092 1056
#       seq : 52869596
#       mul : 0 [A]
#      site : 01
#    latlon : 45.5749 -94.3965 370.0
#      text : Collegeville
#     label : 
#     plate : metal 20090611
#      geom : 640 480
#    reject : 0
#
#  fr    time   sum     seq       cx       cy      th      phi    lsp    mag  flag
   29  -0.400  2763 52869584  323.043  351.742  29.998 -129.314  -6.00  -6.00  0000
   30  -0.367  3246 52869585  324.135  351.063  29.853 -129.907  -6.75  -6.75  0000
   31  -0.334  3026 52869586  323.827  351.044  29.839 -129.750  -6.81  -6.81  0000
   32  -0.300  3547 52869587  324.552  350.883  29.819 -130.129  -7.09  -7.09  0000
   33  -0.267  3629 52869588  326.673  350.796  29.869 -131.219  -7.36  -7.36  0000
   34  -0.234  3820 52869589  328.006  349.960  29.703 -131.957  -7.44  -7.44  0000
   35  -0.200  4045 52869590  328.400  349.696  29.650 -132.177  -7.71  -7.71  0000
   36  -0.167  4593 52869591  329.297  349.079  29.528 -132.684  -7.95  -7.95  0000
   37  -0.133  4735 52869592  331.033  348.364  29.422 -133.635  -7.98  -7.98  0000
   38  -0.100  4635 52869593  331.694  348.184  29.408 -133.991  -8.13  -8.13  0000
   39  -0.067  4478 52869594  332.521  347.362  29.238 -134.492  -8.14  -8.14  0000
   40  -0.033  4903 52869595  334.875  347.479  29.397 -135.691  -8.15  -8.15  0000
   41   0.000  6591 52869596  335.469  346.673  29.225 -136.080  -8.86  -8.86  0000
   42   0.033  4798 52869597  336.969  345.918  29.123 -136.935  -8.18  -8.18  0000
   43   0.067  3342 52869598  336.641  345.794  29.071 -136.780  -7.17  -7.17  0000
