#
#   version : 20090611
#    num_fr : 17
#      time : 20120516 07:53:47.728 UTC
#      unix : 1337154827.728847
#       ntp : LOCK -351 635589 654
#       seq : 294511019
#       mul : 0 [A]
#      site : 01
#    latlon : 45.5749 -94.3965 370.0
#      text : Collegeville
#     label : 
#     plate : metal_20100816_20100506-404-gd3
#      geom : 640 480
#    reject : 0
#
#  fr    time   sum     seq       cx       cy      th      phi    lsp    mag  flag
   29  -0.534  1856 294511003  424.709  437.047  58.984 -157.090  -5.96   0.86  0000
   31  -0.467  2031 294511005  427.182  438.201  59.655 -157.477  -6.33   0.49  0000
   32  -0.434  2141 294511006  430.530  438.916  60.363 -158.107  -6.17   0.65  0000
   33  -0.400  2096 294511007  431.265  439.663  60.664 -158.160  -6.29   0.53  0000
   34  -0.367  2147 294511008  433.732  440.148  61.183 -158.619  -6.29   0.53  0000
   35  -0.334  1885 294511009  435.421  440.924  61.649 -158.866  -6.20   0.62  0000
   36  -0.300  2107 294511010  436.677  441.751  62.059 -159.011  -6.59   0.23  0000
   37  -0.267  2043 294511011  438.852  442.188  62.528 -159.400  -6.42   0.40  0000
   38  -0.234  1932 294511012  440.232  442.646  62.872 -159.618  -6.50   0.32  0000
   39  -0.200  2554 294511013  441.482  443.308  63.244 -159.778  -6.94  -0.12  0000
   40  -0.167  2822 294511014  444.116  444.084  63.884 -160.198  -7.19  -0.37  0000
   41  -0.133  2774 294511015  445.140  444.841  64.244 -160.294  -7.12  -0.30  0000
   42  -0.100  2871 294511016  447.628  445.322  64.793 -160.716  -7.31  -0.49  0000
   43  -0.067  2829 294511017  447.810  445.874  64.959 -160.673  -7.41  -0.59  0000
   44  -0.033  2774 294511018  450.604  446.840  65.685 -161.077  -7.18  -0.36  0000
   45   0.000  5916 294511019  451.513  447.019  65.890 -161.226  -8.94  -2.12  0000
   46   0.033  2251 294511020  452.313  447.337  66.109 -161.334  -6.64   0.18  0000
