#
#   version : 20090611
#    num_fr : 16
#      time : 20120516 06:18:00.585 UTC
#      unix : 1337149080.585522
#       ntp : LOCK -248 309604 786
#       seq : 294338778
#       mul : 0 [A]
#      site : 01
#    latlon : 45.5749 -94.3965 370.0
#      text : Collegeville
#     label : 
#     plate : metal_20100816_20100506-404-gd3
#      geom : 640 480
#    reject : 0
#
#  fr    time   sum     seq       cx       cy      th      phi    lsp    mag  flag
   29  -0.467  1699 294338764  412.863    3.534  72.951   76.290  -5.97   0.85  0000
   30  -0.434  1788 294338765  413.889    4.304  72.859   76.569  -6.44   0.38  0000
   31  -0.400  2148 294338766  416.005    4.301  73.120   77.002  -6.77   0.05  0000
   32  -0.367  2305 294338767  416.710    4.470  73.160   77.161  -6.87  -0.05  0000
   33  -0.334  2858 294338768  418.967    4.923  73.318   77.661  -7.50  -0.68  0000
   34  -0.300  3275 294338769  419.407    5.067  73.334   77.763  -7.40  -0.58  0000
   35  -0.267  3033 294338770  421.538    5.523  73.483   78.235  -7.61  -0.79  0000
   36  -0.234  2912 294338771  421.764    5.914  73.403   78.318  -7.71  -0.89  0000
   37  -0.200  2789 294338772  424.504    6.143  73.702   78.889  -7.31  -0.49  0000
   38  -0.167  2836 294338773  425.295    6.683  73.659   79.098  -7.52  -0.70  0000
   39  -0.133  2854 294338774  425.871    6.967  73.658   79.240  -6.95  -0.13  0000
   40  -0.100  3650 294338775  428.725    7.012  74.036   79.811  -8.06  -1.24  0000
   41  -0.067  4684 294338776  429.399    7.582  73.973   80.000  -8.58  -1.76  0000
   42  -0.033  5574 294338777  431.145    7.887  74.134   80.373  -8.85  -2.03  0000
   43   0.000  5957 294338778  432.462    8.121  74.257   80.655  -8.92  -2.10  0000
   44   0.033  2809 294338779  433.561    9.171  74.128   80.975  -7.33  -0.51  0000
