#
#   version : 20090611
#    num_fr : 12
#      time : 20131119 05:58:34.166 UTC
#      unix : 1384840714.166398
#       ntp : LOCK 7910 115686 4779
#       seq : 217793601
#       mul : 0 [A]
#      site : 01
#    latlon : 45.5749 -94.3965 370.0
#      text : Collegeville
#     label : 
#     plate : metal_20100816_20100506-404-gd3
#      geom : 640 480
#    reject : 0
#
#  fr    time   sum     seq       cx       cy      th      phi    lsp    mag  flag
   29  -0.634  3509 217793582  259.895  368.662  34.141 -101.747  -6.48   0.34  0000
   34  -0.467  3085 217793587  276.555  374.887  34.101 -109.720  -6.85  -0.03  0000
   36  -0.400  3800 217793589  284.322  376.903  34.084 -113.324  -6.49   0.33  0000
   39  -0.300  4261 217793592  292.906  380.994  34.726 -117.404  -6.90  -0.08  0000
   40  -0.267  3399 217793593  296.141  381.901  34.844 -118.869  -6.12   0.70  0000
   41  -0.234  3942 217793594  299.298  382.417  34.884 -120.274  -6.84  -0.02  0000
   42  -0.200  3671 217793595  304.895  384.797  35.402 -122.781  -7.04  -0.22  0000
   47  -0.033  6270 217793600  327.685  386.546  36.060 -132.552  -8.69  -1.87  0000
   48   0.000  9072 217793601  327.436  386.603  36.068 -132.443  -8.72  -1.90  0000
   49   0.033  8149 217793602  328.630  387.786  36.424 -132.882  -8.69  -1.87  0000
   50   0.067  5559 217793603  328.033  386.524  36.066 -132.700  -8.64  -1.82  0000
   51   0.100  7575 217793604  327.629  386.185  35.962 -132.547  -8.51  -1.69  0000
