#
#   version : 20090611
#    num_fr : 23
#      time : 20101212 07:17:03.714 UTC
#      unix : 1292138223.714803
#       ntp : LOCK 1010 604075 632
#       seq : 29823245
#       mul : 0 [A]
#      site : 01
#    latlon : 45.5749 -94.3965 370.0
#      text : Collegeville
#     label : 
#     plate : metal_20100816_20100506-404-gd3
#      geom : 640 480
#    reject : 0
#
#  fr    time   sum     seq       cx       cy      th      phi    lsp    mag  flag
   30  -0.400  1666 29823233  343.632  369.267  32.313 -141.091  -6.32  -6.32  0000
   31  -0.367  1878 29823234  343.821  370.311  32.596 -141.046  -6.74  -6.74  0000
   32  -0.334  2309 29823235  345.886  371.111  32.955 -141.872  -7.31  -7.31  0000
   33  -0.300  2360 29823236  345.780  372.164  33.219 -141.690  -7.38  -7.38  0000
   34  -0.267  2931 29823237  348.337  373.132  33.666 -142.686  -7.70  -7.70  0000
   35  -0.234  3003 29823238  348.682  374.297  33.994 -142.681  -7.88  -7.88  0000
   36  -0.200  3202 29823239  350.345  375.210  34.364 -143.270  -8.03  -8.03  0000
   37  -0.167  2994 29823240  350.875  376.319  34.692 -143.345  -7.90  -7.90  0000
   38  -0.133  3365 29823241  352.351  377.281  35.063 -143.831  -8.14  -8.14  0000
   39  -0.100  3505 29823242  353.035  378.843  35.522 -143.901  -8.07  -8.07  0000
   40  -0.067  4166 29823243  355.108  379.784  35.945 -144.615  -8.58  -8.58  0000
   41  -0.033  4056 29823244  355.910  381.055  36.341 -144.760  -8.50  -8.50  0000
   42   0.000  4281 29823245  357.282  382.179  36.753 -145.147  -8.52  -8.52  0000
   43   0.033  3966 29823246  358.097  382.999  37.038 -145.351  -8.55  -8.55  0000
   44   0.067  4021 29823247  359.335  384.614  37.565 -145.604  -8.37  -8.37  0000
   45   0.100  4150 29823248  361.567  385.723  38.061 -146.297  -8.58  -8.58  0000
   46   0.133  3510 29823249  362.538  386.885  38.452 -146.495  -8.32  -8.32  0000
   47   0.167  3738 29823250  364.035  388.345  38.971 -146.840  -8.20  -8.20  0000
   48   0.200  3299 29823251  365.593  389.111  39.323 -147.299  -8.06  -8.06  0000
   49   0.234  2971 29823252  366.567  390.818  39.856 -147.404  -7.69  -7.69  0000
   50   0.267  2483 29823253  368.406  392.075  40.365 -147.875  -7.39  -7.39  0000
   51   0.300  2227 29823254  370.346  393.125  40.837 -148.400  -7.18  -7.18  0000
   52   0.334  1906 29823255  370.482  394.283  41.144 -148.279  -6.63  -6.63  0000
