#
#   version : 20090611
#    num_fr : 16
#      time : 20101212 07:01:39.821 UTC
#      unix : 1292137299.821709
#       ntp : LOCK 1068 139075 632
#       seq : 29795556
#       mul : 0 [A]
#      site : 01
#    latlon : 45.5749 -94.3965 370.0
#      text : Collegeville
#     label : 
#     plate : metal_20100816_20100506-404-gd3
#      geom : 640 480
#    reject : 0
#
#  fr    time   sum     seq       cx       cy      th      phi    lsp    mag  flag
   30  -0.234  2496 29795549  372.813   23.135  63.420   68.852  -6.59  -6.59  0000
   31  -0.200  2637 29795550  372.883   22.602  63.576   68.833  -6.68  -6.68  0000
   32  -0.167  3226 29795551  373.325   21.681  63.871   68.877  -7.34  -7.34  0000
   33  -0.133  3271 29795552  374.230   20.708  64.219   69.029  -7.35  -7.35  0000
   34  -0.100  3807 29795553  375.097   19.768  64.554   69.173  -7.76  -7.76  0000
   35  -0.067  3688 29795554  375.994   18.989  64.848   69.334  -7.84  -7.84  0000
   36  -0.033  3476 29795555  376.044   18.336  65.037   69.300  -7.66  -7.66  0000
   37   0.000  4091 29795556  376.795   17.053  65.463   69.390  -7.76  -7.76  0000
   38   0.033  3446 29795557  378.141   17.129  65.553   69.713  -7.57  -7.57  0000
   39   0.067  4066 29795558  377.936   15.844  65.901   69.575  -7.73  -7.73  0000
   40   0.100  3823 29795559  380.037   15.181  66.267   70.020  -7.69  -7.69  0000
   41   0.133  3920 29795560  380.722   14.447  66.534   70.127  -7.51  -7.51  0000
   42   0.167  3580 29795561  382.127   13.471  66.934   70.383  -7.45  -7.45  0000
   43   0.200  2609 29795562  382.161   12.034  67.346   70.288  -6.82  -6.82  0000
   44   0.234  3163 29795563  382.915   11.176  67.657   70.400  -6.96  -6.96  0000
   45   0.267  2995 29795564  383.252   10.875  67.772   70.456  -6.95  -6.95  0000
