#
#   version : 20090611
#    num_fr : 13
#      time : 20101212 11:49:36.447 UTC
#      unix : 1292154576.447468
#       ntp : LOCK -1107 568599 463
#       seq : 30313335
#       mul : 0 [A]
#      site : 01
#    latlon : 45.5749 -94.3965 370.0
#      text : Collegeville
#     label : 
#     plate : metal_20100816_20100506-404-gd3
#      geom : 640 480
#    reject : 0
#
#  fr    time   sum     seq       cx       cy      th      phi    lsp    mag  flag
   29  -0.334  2075 30313325  486.809  466.544  77.352 -164.625  -6.58  -6.58  0000
   30  -0.300  2350 30313326  488.281  467.031  77.772 -164.789  -7.03  -7.03  0000
   31  -0.267  2980 30313327  488.910  466.567  77.789 -164.949  -7.54  -7.54  0000
   32  -0.234  3102 30313328  489.748  466.389  77.920 -165.102  -7.53  -7.53  0000
   33  -0.200  3080 30313329  490.423  466.400  78.062 -165.205  -7.55  -7.55  0000
   34  -0.167  2978 30313330  490.672  466.394  78.113 -165.244  -7.52  -7.52  0000
   35  -0.133  3141 30313331  491.849  466.474  78.377 -165.413  -7.59  -7.59  0000
   36  -0.100  3447 30313332  492.417  466.440  78.488 -165.504  -7.67  -7.67  0000
   37  -0.067  3327 30313333  493.289  466.276  78.631 -165.659  -7.69  -7.69  0000
   38  -0.033  3206 30313334  493.615  466.252  78.694 -165.712  -7.64  -7.64  0000
   39   0.000  3509 30313335  494.136  466.177  78.786 -165.801  -7.79  -7.79  0000
   40   0.033  2986 30313336  494.275  465.951  78.761 -165.853  -7.49  -7.49  0000
   41   0.067  2095 30313337  496.110  466.220  79.215 -166.091  -6.66  -6.66  0000
