#
#   version : 20090611
#    num_fr : 12
#      time : 20101212 09:42:34.370 UTC
#      unix : 1292146954.370397
#       ntp : LOCK 341 352816 456
#       seq : 30084902
#       mul : 0 [A]
#      site : 01
#    latlon : 45.5749 -94.3965 370.0
#      text : Collegeville
#     label : 
#     plate : metal_20100816_20100506-404-gd3
#      geom : 640 480
#    reject : 0
#
#  fr    time   sum     seq       cx       cy      th      phi    lsp    mag  flag
   29  -0.167  2348 30084897  470.487   86.750  61.950   98.853  -6.48  -6.48  0000
   30  -0.133  2391 30084898  472.342   84.944  62.713   98.870  -6.64  -6.64  0000
   31  -0.100  2570 30084899  472.372   84.844  62.740   98.858  -7.01  -7.01  0000
   32  -0.067  3278 30084900  472.549   82.793  63.202   98.530  -7.68  -7.68  0000
   33  -0.033  3722 30084901  473.387   81.881  63.568   98.523  -8.03  -8.03  0000
   34   0.000  4186 30084902  473.608   81.136  63.770   98.433  -8.15  -8.15  0000
   35   0.033  4121 30084903  474.783   79.808  64.294   98.415  -8.06  -8.06  0000
   36   0.067  4074 30084904  474.949   78.986  64.502   98.304  -8.18  -8.18  0000
   37   0.100  3600 30084905  475.257   77.364  64.908   98.084  -8.04  -8.04  0000
   38   0.133  3676 30084906  475.413   76.726  65.075   98.004  -7.69  -7.69  0000
   39   0.167  2971 30084907  475.872   75.634  65.402   97.902  -7.20  -7.20  0000
   40   0.200  2068 30084908  475.639   74.154  65.668   97.614  -5.93  -5.93  0000
