#
#   version : 20090611
#    num_fr : 27
#      time : 20101212 07:54:38.142 UTC
#      unix : 1292140478.142069
#       ntp : LOCK 1204 205707 555
#       seq : 29890810
#       mul : 0 [A]
#      site : 01
#    latlon : 45.5749 -94.3965 370.0
#      text : Collegeville
#     label : 
#     plate : metal_20100816_20100506-404-gd3
#      geom : 640 480
#    reject : 0
#
#  fr    time   sum     seq       cx       cy      th      phi    lsp    mag  flag
   29  -0.434  2015 29890797  550.786  135.534  73.857  119.273  -6.23  -6.23  0000
   30  -0.400  2296 29890798  552.616  135.296  74.409  119.400  -6.60  -6.60  0000
   31  -0.367  2379 29890799  552.170  134.100  74.437  119.127  -6.84  -6.84  0000
   32  -0.334  2485 29890800  552.986  133.339  74.769  119.058  -6.98  -6.98  0000
   33  -0.300  2592 29890801  553.245  133.147  74.868  119.045  -7.09  -7.09  0000
   34  -0.267  3047 29890802  554.715  132.470  75.376  119.055  -7.46  -7.46  0000
   35  -0.234  3237 29890803  555.265  132.272  75.559  119.069  -7.71  -7.71  0000
   36  -0.200  3056 29890804  555.540  131.711  75.711  118.988  -7.81  -7.81  0000
   37  -0.167  3649 29890805  555.911  130.914  75.923  118.873  -8.19  -8.19  0000
   38  -0.133  4580 29890806  556.686  130.547  76.193  118.876  -8.51  -8.51  0000
   39  -0.100  4713 29890807  556.799  130.162  76.277  118.814  -8.66  -8.66  0000
   40  -0.067  4908 29890808  557.504  129.530  76.563  118.762  -8.64  -8.64  0000
   41  -0.033  4708 29890809  557.776  129.127  76.695  118.712  -8.70  -8.70  0000
   42   0.000  5684 29890810  558.383  128.569  76.944  118.665  -8.93  -8.93  0000
   43   0.033  5595 29890811  558.675  128.014  77.102  118.589  -8.90  -8.90  0000
   44   0.067  5413 29890812  559.436  127.472  77.394  118.559  -8.73  -8.73  0000
   45   0.100  5155 29890813  559.558  127.208  77.465  118.522  -8.73  -8.73  0000
   46   0.133  5536 29890814  560.109  126.473  77.723  118.438  -8.81  -8.81  0000
   47   0.167  5133 29890815  561.081  125.858  78.086  118.415  -8.56  -8.56  0000
   48   0.200  4637 29890816  561.670  125.317  78.330  118.371  -8.49  -8.49  0000
   49   0.234  4504 29890817  562.108  124.893  78.514  118.335  -8.54  -8.54  0000
   50   0.267  4435 29890818  562.153  124.809  78.539  118.324  -8.53  -8.53  0000
   51   0.300  3786 29890819  562.889  124.263  78.826  118.293  -8.25  -8.25  0000
   52   0.334  4147 29890820  563.486  123.438  79.112  118.198  -8.36  -8.36  0000
   53   0.367  3656 29890821  563.660  123.228  79.191  118.177  -8.21  -8.21  0000
   54   0.400  2660 29890822  563.769  123.051  79.247  118.155  -7.50  -7.50  0000
   55   0.434  2373 29890823  564.503  122.611  79.520  118.144  -7.20  -7.20  0000
