#
#   version : 20090611
#    num_fr : 15
#      time : 20101212 10:42:14.460 UTC
#      unix : 1292150534.460890
#       ntp : LOCK -443 1116400 523
#       seq : 30192197
#       mul : 0 [A]
#      site : 01
#    latlon : 45.5749 -94.3965 370.0
#      text : Collegeville
#     label : 
#     plate : metal_20100816_20100506-404-gd3
#      geom : 640 480
#    reject : 0
#
#  fr    time   sum     seq       cx       cy      th      phi    lsp    mag  flag
   30  -0.367  1566 30192186  309.125  233.022   4.426   44.942  -6.42  -6.42  0000
   31  -0.334  2170 30192187  308.015  231.713   4.812   42.088  -6.85  -6.85  0000
   32  -0.300  1900 30192188  307.422  230.977   5.032   40.767  -7.04  -7.04  0000
   33  -0.267  2562 30192189  306.169  229.571   5.467   38.218  -7.41  -7.41  0000
   34  -0.234  2908 30192190  305.309  228.187   5.875   37.003  -7.63  -7.63  0000
   35  -0.200  3440 30192191  304.607  227.288   6.153   35.959  -8.10  -8.10  0000
   36  -0.167  4093 30192192  303.294  225.627   6.672   34.224  -8.37  -8.37  0000
   37  -0.133  4561 30192193  301.802  224.267   7.142   32.161  -8.68  -8.68  0000
   38  -0.100  4889 30192194  301.327  222.581   7.595   32.480  -8.73  -8.73  0000
   39  -0.067  4207 30192195  299.996  221.320   8.032   30.964  -8.39  -8.39  0000
   40  -0.033  4875 30192196  298.626  219.737   8.554   29.767  -8.71  -8.71  0000
   41   0.000  5004 30192197  297.736  218.399   8.968   29.277  -8.70  -8.70  0000
   42   0.033  3521 30192198  297.579  217.206   9.268   29.827  -7.98  -7.98  0000
   43   0.067  3281 30192199  295.756  215.383   9.902   28.357  -8.10  -8.10  0000
   44   0.100  2593 30192200  294.179  213.980  10.415   27.117  -7.34  -7.34  0000
