#
#   version : 20090611
#    num_fr : 12
#      time : 20091027 05:34:35.893 UTC
#      unix : 1256621675.893594
#       ntp : LOCK 8495 122555 1648
#       seq : 8720110
#       mul : 0 [A]
#      site : 01
#    latlon : 45.5749 -94.3965 370.0
#      text : Collegeville
#     label : 
#     plate : 
#      geom : 640 480
#    reject : 0
#
#  fr    time   sum     seq       cx       cy      th      phi    lsp    mag  flag
   29  -0.300  1790 8720101  116.397  292.494  54.880  -47.858  -5.96  -5.96  0000
   31  -0.234  1765 8720103  113.394  292.148  55.685  -47.519  -5.94  -5.94  0000
   32  -0.200  2072 8720104  111.534  290.911  56.112  -47.045  -6.42  -6.42  0000
   33  -0.167  2081 8720105  111.842  289.778  55.947  -46.772  -6.57  -6.57  0000
   34  -0.133  2154 8720106  109.807  289.170  56.472  -46.457  -6.51  -6.51  0000
   35  -0.100  2189 8720107  109.143  288.780  56.631  -46.305  -6.62  -6.62  0000
   36  -0.067  2147 8720108  107.929  287.606  56.893  -45.910  -6.57  -6.57  0000
   37  -0.033  3342 8720109  106.456  287.212  57.280  -45.702  -7.63  -7.63  0000
   38   0.000  3730 8720110  106.402  286.670  57.260  -45.558  -8.03  -8.03  0000
   39   0.033  3059 8720111  104.587  285.711  57.710  -45.184  -7.39  -7.39  0000
   40   0.067  2625 8720112  103.749  285.691  57.945  -45.122  -7.07  -7.07  0000
   41   0.100  2375 8720113  101.985  284.537  58.372  -44.708  -6.67  -6.67  0000
