#
#   version : 20090611
#    num_fr : 14
#      time : 20091027 09:00:30.148 UTC
#      unix : 1256634030.148358
#       ntp : LOCK 2288 133429 1021
#       seq : 9090367
#       mul : 0 [A]
#      site : 01
#    latlon : 45.5749 -94.3965 370.0
#      text : Collegeville
#     label : 
#     plate : 
#      geom : 640 480
#    reject : 0
#
#  fr    time   sum     seq       cx       cy      th      phi    lsp    mag  flag
   29  -0.234  1414 9090360  241.667  205.561  20.107   -9.818  -5.83  -5.83  0000
   30  -0.200  2005 9090361  241.640  201.337  20.572   -7.025  -6.47  -6.47  0000
   31  -0.167  2495 9090362  241.998  197.290  20.971   -4.339  -7.23  -7.23  0000
   32  -0.133  2869 9090363  241.681  193.775  21.499   -2.311  -7.36  -7.36  0000
   33  -0.100  3088 9090364  241.620  189.421  22.114    0.187  -7.37  -7.37  0000
   34  -0.067  3164 9090365  241.941  185.175  22.671    2.636  -7.50  -7.50  0000
   35  -0.033  3389 9090366  242.095  181.385  23.230    4.671  -7.60  -7.60  0000
   36   0.000  3721 9090367  241.812  177.301  23.957    6.577  -7.69  -7.69  0000
   37   0.033  3340 9090368  241.874  173.669  24.562    8.304  -7.57  -7.57  0000
   38   0.067  3055 9090369  242.374  169.273  25.240   10.456  -7.42  -7.42  0000
   39   0.100  2919 9090370  242.643  165.370  25.905   12.201  -7.25  -7.25  0000
   40   0.133  2677 9090371  242.551  161.528  26.649   13.687  -7.04  -7.04  0000
   41   0.167  2530 9090372  242.336  156.880  27.592   15.338  -6.93  -6.93  0000
   42   0.200  2035 9090373  242.954  153.330  28.190   16.842  -6.40  -6.40  0000
