#
#   version : 20090611
#    num_fr : 13
#      time : 20101111 10:30:41.174 UTC
#      unix : 1289471441.174067
#       ntp : LOCK -222 221905 1097
#       seq : 6531579
#       mul : 0 [A]
#      site : 01
#    latlon : 45.5749 -94.3965 370.0
#      text : Collegeville
#     label : 
#     plate : metal_20100816_20100506-404-gd3
#      geom : 640 480
#    reject : 0
#
#  fr    time   sum     seq       cx       cy      th      phi    lsp    mag  flag
   30  -0.434  1363 6531566  478.374  113.632  58.505  105.442  -5.81  -5.81  0000
   33  -0.334  1656 6531569  478.118  109.829  59.134  104.617  -6.24  -6.24  0000
   36  -0.234  1407 6531572  477.458  104.939  59.889  103.522  -5.70  -5.70  0000
   39  -0.133  1469 6531575  476.218  101.211  60.317  102.575  -6.08  -6.08  0000
   40  -0.100  2003 6531576  475.990  100.795  60.346  102.454  -6.73  -6.73  0000
   41  -0.067  1745 6531577  475.171   98.657  60.577  101.899  -6.47  -6.47  0000
   42  -0.033  2175 6531578  475.046   97.881  60.700  101.728  -7.12  -7.12  0000
   43   0.000  2177 6531579  474.894   97.335  60.773  101.598  -6.94  -6.94  0000
   44   0.033  2051 6531580  474.612   95.407  61.090  101.184  -6.73  -6.73  0000
   45   0.067  1986 6531581  473.440   93.795  61.154  100.673  -6.60  -6.60  0000
   46   0.100  1847 6531582  473.895   92.633  61.484  100.539  -6.56  -6.56  0000
   47   0.133  1770 6531583  472.801   91.332  61.509  100.103  -6.34  -6.34  0000
   49   0.200  1602 6531585  472.023   89.101  61.794   99.555  -5.93  -5.93  0000
