#
#   version : 20090611
#    num_fr : 16
#      time : 20100719 07:10:02.636 UTC
#      unix : 1279523402.636370
#       ntp : LOCK 5604 327591 1872
#       seq : 8204722
#       mul : 0 [A]
#      site : 01
#    latlon : 45.5749 -94.3965 370.0
#      text : Collegeville
#     label : 
#     plate : metal 20090611
#      geom : 640 480
#    reject : 0
#
#  fr    time   sum     seq       cx       cy      th      phi    lsp    mag  flag
   30  -0.400  1744 8204710  318.824  149.790  22.431   61.756  -6.84  -6.84  0000
   31  -0.367  2400 8204711  321.087  150.715  22.251   63.338  -7.18  -7.18  0000
   32  -0.334  2848 8204712  322.428  151.780  22.018   64.331  -7.93  -7.93  0000
   33  -0.300  3522 8204713  325.022  152.487  21.938   66.164  -8.22  -8.22  0000
   34  -0.267  3748 8204714  327.050  153.692  21.724   67.687  -8.36  -8.36  0000
   35  -0.234  4313 8204715  329.295  154.454  21.652   69.322  -8.51  -8.51  0000
   36  -0.200  4224 8204716  331.632  155.545  21.521   71.085  -8.60  -8.60  0000
   37  -0.167  5409 8204717  334.414  156.703  21.428   73.181  -8.88  -8.88  0000
   38  -0.133  4609 8204718  336.592  157.828  21.322   74.881  -8.65  -8.65  0000
   39  -0.100  5358 8204719  339.245  159.198  21.219   76.972  -8.98  -8.98  0000
   40  -0.067  5473 8204720  341.837  160.480  21.160   79.016  -8.96  -8.96  0000
   41  -0.033  5867 8204721  344.820  161.919  21.135   81.368  -9.03  -9.03  0000
   42   0.000  6587 8204722  347.679  163.543  21.089   83.702  -9.29  -9.29  0000
   43   0.033  5518 8204723  350.257  164.763  21.134   85.730  -9.07  -9.07  0000
   44   0.067  6479 8204724  352.403  166.077  21.125   87.515  -9.48  -9.48  0000
   45   0.100  3432 8204725  355.894  167.462  21.319   90.128  -8.27  -8.27  0000
