#
#   version : 20090611
#    num_fr : 17
#      time : 20141115 05:32:17.519 UTC
#      unix : 1416029537.519060
#       ntp : LOCK -1150 209128 909
#       seq : 229254097
#       mul : 0 [A]
#      site : 01
#    latlon : 45.5749 -94.3965 370.0
#      text : Collegeville
#     label : 
#     plate : metal_20100816_20100506-404-gd3
#      geom : 640 480
#    reject : 0
#
#  fr    time   sum     seq       cx       cy      th      phi    lsp    mag  flag
   29  -0.400  2085 229254085  341.142  324.141  20.740 -148.053  -6.42   0.40  0000
   31  -0.334  1900 229254087  344.746  325.374  21.418 -150.095  -6.49   0.33  0000
   32  -0.300  2258 229254088  345.533  325.283  21.484 -150.629  -6.45   0.37  0000
   33  -0.267  2238 229254089  347.902  325.484  21.805 -152.070  -6.91  -0.09  0000
   34  -0.234  2192 229254090  347.827  325.849  21.882 -151.913  -6.83  -0.01  0000
   35  -0.200  2590 229254091  350.197  326.809  22.394 -153.075  -7.20  -0.38  0000
   36  -0.167  2725 229254092  351.511  326.439  22.472 -153.979  -7.35  -0.53  0000
   37  -0.133  2739 229254093  353.091  327.505  22.921 -154.574  -7.43  -0.61  0000
   38  -0.100  2753 229254094  355.394  328.078  23.356 -155.711  -7.19  -0.37  0000
   39  -0.067  2726 229254095  356.398  327.989  23.472 -156.303  -7.53  -0.71  0000
   40  -0.033  2625 229254096  357.976  328.816  23.877 -156.905  -7.30  -0.48  0000
   41   0.000  3019 229254097  359.439  328.425  23.995 -157.825  -7.25  -0.43  0000
   42   0.033  2581 229254098  361.134  329.013  24.371 -158.530  -7.24  -0.42  0000
   43   0.067  2505 229254099  362.289  329.830  24.722 -158.859  -6.75   0.07  0000
   44   0.100  2263 229254100  364.486  330.268  25.146 -159.829  -6.87  -0.05  0000
   45   0.133  2160 229254101  364.959  330.042  25.168 -160.142  -6.41   0.41  0000
   46   0.167  2061 229254102  367.465  330.464  25.648 -161.229  -6.48   0.34  0000
