#
#   version : 20090611
#    num_fr : 27
#      time : 20141115 04:57:13.370 UTC
#      unix : 1416027433.370200
#       ntp : LOCK 294 176543 726
#       seq : 229191037
#       mul : 0 [A]
#      site : 01
#    latlon : 45.5749 -94.3965 370.0
#      text : Collegeville
#     label : 
#     plate : metal_20100816_20100506-404-gd3
#      geom : 640 480
#    reject : 0
#
#  fr    time   sum     seq       cx       cy      th      phi    lsp    mag  flag
   30  -0.434  1477 229191024  354.888  382.869  36.716 -144.108  -5.31   1.51  0000
   32  -0.367  2156 229191026  358.090  384.615  37.450 -145.125  -6.56   0.26  0000
   33  -0.334  2581 229191027  358.072  385.071  37.565 -145.056  -7.38  -0.56  0000
   34  -0.300  2797 229191028  358.477  385.401  37.687 -145.166  -7.56  -0.74  0000
   35  -0.267  2955 229191029  360.228  386.527  38.138 -145.678  -7.70  -0.88  0000
   36  -0.234  3382 229191030  361.342  386.667  38.280 -146.078  -7.91  -1.09  0000
   37  -0.200  3751 229191031  362.448  387.766  38.667 -146.337  -8.13  -1.31  0000
   38  -0.167  3538 229191032  363.429  388.591  38.973 -146.583  -8.10  -1.28  0000
   39  -0.133  3455 229191033  364.862  388.881  39.190 -147.066  -8.05  -1.23  0000
   40  -0.100  4037 229191034  365.670  389.641  39.465 -147.250  -8.20  -1.38  0000
   41  -0.067  3843 229191035  367.496  390.281  39.816 -147.814  -8.26  -1.44  0000
   42  -0.033  3964 229191036  367.748  390.816  39.978 -147.825  -8.29  -1.47  0000
   43   0.000  4361 229191037  369.278  391.385  40.284 -148.283  -8.23  -1.41  0000
   44   0.033  3808 229191038  370.744  392.468  40.715 -148.635  -8.21  -1.39  0000
   45   0.067  3508 229191039  371.600  392.533  40.825 -148.922  -8.24  -1.42  0000
   46   0.100  3919 229191040  373.054  393.798  41.304 -149.232  -8.26  -1.44  0000
   47   0.133  3662 229191041  374.787  394.427  41.657 -149.724  -8.02  -1.20  0000
   48   0.167  3739 229191042  376.190  394.684  41.883 -150.155  -8.03  -1.21  0000
   49   0.200  2899 229191043  377.871  395.679  42.327 -150.559  -7.68  -0.86  0000
   50   0.234  2629 229191044  377.567  396.098  42.396 -150.395  -7.48  -0.66  0000
   51   0.267  2072 229191045  380.402  396.648  42.871 -151.235  -6.45   0.37  0000
   52   0.300  2714 229191046  381.257  397.187  43.108 -151.426  -7.40  -0.58  0000
   53   0.334  2868 229191047  381.972  398.172  43.440 -151.501  -7.66  -0.84  0000
   54   0.367  3340 229191048  383.505  399.106  43.860 -151.841  -7.92  -1.10  0000
   55   0.400  2623 229191049  386.242  399.516  44.307 -152.630  -7.23  -0.41  0000
   56   0.434  2485 229191050  386.072  400.234  44.461 -152.464  -7.04  -0.22  0000
   57   0.467  2014 229191051  386.495  400.263  44.522 -152.589  -6.14   0.68  0000
