#
#   version : 20090611
#    num_fr : 13
#      time : 20130702 07:31:53.880 UTC
#      unix : 1372750313.880257
#       ntp : LOCK -1302 1085416 1470
#       seq : 24907768
#       mul : 0 [A]
#      site : 01
#    latlon : 45.5749 -94.3965 370.0
#      text : Collegeville
#     label : 
#     plate : metal_20100816_20100506-404-gd3
#      geom : 640 480
#    reject : 0
#
#  fr    time   sum     seq       cx       cy      th      phi    lsp    mag  flag
   30  -0.334  1628 24907758  156.878  380.794  55.366  -75.584  -5.74   1.08  0000
   31  -0.300  2004 24907759  158.955  382.384  55.184  -76.294  -6.37   0.45  0000
   32  -0.267  2491 24907760  160.481  386.855  55.678  -77.501  -7.04  -0.22  0000
   33  -0.234  2808 24907761  161.894  388.715  55.720  -78.142  -7.39  -0.57  0000
   34  -0.200  2787 24907762  163.599  392.522  56.086  -79.225  -7.45  -0.63  0000
   35  -0.167  2990 24907763  165.899  394.632  56.007  -80.080  -7.50  -0.68  0000
   36  -0.133  3031 24907764  167.582  397.983  56.325  -81.053  -7.71  -0.89  0000
   37  -0.100  2840 24907765  169.457  400.684  56.486  -81.933  -7.64  -0.82  0000
   38  -0.067  3210 24907766  171.238  403.843  56.777  -82.872  -7.66  -0.84  0000
   39  -0.033  2986 24907767  173.059  406.621  56.996  -83.742  -7.55  -0.73  0000
   40   0.000  3353 24907768  174.489  408.598  57.134  -84.384  -7.64  -0.82  0000
   41   0.033  2815 24907769  176.443  411.873  57.461  -85.355  -7.19  -0.37  0000
   42   0.067  2384 24907770  177.932  414.485  57.749  -86.108  -6.86  -0.04  0000
