#
#   version : 20090611
#    num_fr : 18
#      time : 20121113 06:21:13.277 UTC
#      unix : 1352787673.277781
#       ntp : LOCK 3701 244902 1670
#       seq : 8617414
#       mul : 0 [A]
#      site : 01
#    latlon : 45.5749 -94.3965 370.0
#      text : Collegeville
#     label : 
#     plate : metal_20100816_20100506-404-gd3
#      geom : 640 480
#    reject : 0
#
#  fr    time   sum     seq       cx       cy      th      phi    lsp    mag  flag
   29  -0.334  1436 8617404  327.419  422.618  45.880 -130.924  -5.92   0.90  0000
   30  -0.300  1652 8617405  329.437  423.018  46.045 -131.585  -6.37   0.45  0000
   31  -0.267  2088 8617406  329.912  423.106  46.083 -131.741  -6.68   0.14  0000
   32  -0.234  2291 8617407  330.553  423.688  46.263 -131.931  -6.75   0.07  0000
   33  -0.200  2293 8617408  332.225  423.969  46.393 -132.474  -7.01  -0.19  0000
   34  -0.167  2154 8617409  333.174  424.836  46.664 -132.750  -6.86  -0.04  0000
   35  -0.133  2419 8617410  334.818  424.885  46.736 -133.288  -7.19  -0.37  0000
   36  -0.100  2500 8617411  335.500  425.589  46.956 -133.477  -7.07  -0.25  0000
   37  -0.067  2682 8617412  337.372  425.897  47.114 -134.072  -7.51  -0.69  0000
   38  -0.033  2826 8617413  337.662  426.287  47.234 -134.146  -7.80  -0.98  0000
   39   0.000  2993 8617414  339.348  426.777  47.441 -134.664  -7.37  -0.55  0000
   40   0.033  2859 8617415  341.691  427.090  47.634 -135.399  -7.79  -0.97  0000
   41   0.067  2831 8617416  341.937  427.473  47.751 -135.456  -7.54  -0.72  0000
   42   0.100  2395 8617417  343.884  428.058  48.008 -136.040  -7.02  -0.20  0000
   43   0.133  2324 8617418  344.268  427.952  47.999 -136.168  -7.05  -0.23  0000
   44   0.167  2053 8617419  346.294  428.814  48.343 -136.753  -6.71   0.11  0000
   45   0.200  2153 8617420  346.279  428.778  48.332 -136.751  -6.78   0.04  0000
   46   0.234  1938 8617421  349.056  429.660  48.731 -137.560  -6.16   0.66  0000
