#
#   version : 20090611
#    num_fr : 20
#      time : 20121113 06:38:16.739 UTC
#      unix : 1352788696.739700
#       ntp : LOCK 2878 759902 1670
#       seq : 8648086
#       mul : 0 [A]
#      site : 01
#    latlon : 45.5749 -94.3965 370.0
#      text : Collegeville
#     label : 
#     plate : metal_20100816_20100506-404-gd3
#      geom : 640 480
#    reject : 0
#
#  fr    time   sum     seq       cx       cy      th      phi    lsp    mag  flag
   29  -0.400  2060 8648074  218.658  130.821  40.366   14.502  -6.22   0.60  0000
   30  -0.367  2020 8648075  220.037  129.073  40.499   15.324  -6.52   0.30  0000
   31  -0.334  2108 8648076  220.454  127.996  40.659   15.694  -6.50   0.32  0000
   32  -0.300  2532 8648077  220.607  127.442  40.753   15.865  -6.66   0.16  0000
   33  -0.267  2427 8648078  220.691  125.359  41.193   16.349  -6.95  -0.13  0000
   34  -0.234  2631 8648079  219.537  123.792  41.732   16.338  -7.30  -0.48  0000
   35  -0.200  2561 8648080  220.834  121.854  41.940   17.142  -7.04  -0.22  0000
   36  -0.167  2921 8648081  220.875  120.226  42.295   17.493  -7.22  -0.40  0000
   37  -0.133  3131 8648082  220.451  117.927  42.878   17.835  -7.67  -0.85  0000
   38  -0.100  3935 8648083  220.350  116.836  43.140   18.024  -8.18  -1.36  0000
   39  -0.067  3775 8648084  220.830  115.033  43.468   18.524  -8.23  -1.41  0000
   40  -0.033  3852 8648085  220.969  113.085  43.888   18.942  -8.22  -1.40  0000
   41   0.000  4059 8648086  220.577  111.395  44.336   19.147  -8.13  -1.31  0000
   42   0.033  3902 8648087  221.108  109.950  44.583   19.575  -8.12  -1.30  0000
   43   0.067  3642 8648088  221.412  108.776  44.805   19.881  -8.08  -1.26  0000
   44   0.100  3344 8648089  221.217  107.369  45.161   20.080  -7.88  -1.06  0000
   45   0.133  2890 8648090  221.999  105.352  45.508   20.668  -7.37  -0.55  0000
   46   0.167  2402 8648091  221.438  103.880  45.938   20.763  -7.08  -0.26  0000
   47   0.200  2295 8648092  221.335  101.906  46.417   21.074  -6.76   0.06  0000
   48   0.234  2004 8648093  221.830   99.981  46.795   21.543  -6.47   0.35  0000
