#
#   version : 20090611
#    num_fr : 22
#      time : 20140808 05:00:18.277 UTC
#      unix : 1407474018.277624
#       ntp : LOCK -414 281524 346
#       seq : 16520328
#       mul : 0 [A]
#      site : 01
#    latlon : 45.5749 -94.3965 370.0
#      text : Collegeville
#     label : 
#     plate : metal_20100816_20100506-404-gd3
#      geom : 640 480
#    reject : 0
#
#  fr    time   sum     seq       cx       cy      th      phi    lsp    mag  flag
   29  -0.601  3194 16520310  188.218  160.354  41.122   -1.525  -6.99  -0.17  0000
   30  -0.567  4251 16520311  187.293  161.697  41.127   -2.130  -7.24  -0.42  0000
   31  -0.534  4258 16520312  186.363  164.367  40.935   -3.140  -7.79  -0.97  0000
   32  -0.501  5477 16520313  185.333  165.811  40.962   -3.801  -8.09  -1.27  0000
   33  -0.467  4824 16520314  184.368  168.137  40.851   -4.722  -8.12  -1.30  0000
   34  -0.434  6270 16520315  183.359  171.222  40.655   -5.896  -8.46  -1.64  0000
   35  -0.400  6462 16520316  181.700  174.443  40.619   -7.250  -8.61  -1.79  0000
   36  -0.367  7051 16520317  181.305  176.092  40.496   -7.858  -8.52  -1.70  0000
   37  -0.334  4600 16520318  181.375  179.142  40.083   -8.846  -8.37  -1.55  0000
   38  -0.300  5238 16520319  180.598  180.634  40.089   -9.483  -8.14  -1.32  0000
   39  -0.267  4648 16520320  178.048  184.564  40.259  -11.247  -8.08  -1.26  0000
   40  -0.234  5465 16520321  177.788  186.874  40.058  -12.073  -8.38  -1.56  0000
   41  -0.200  7566 16520322  176.619  189.695  40.046  -13.228  -9.12  -2.30  0000
   42  -0.167  8330 16520323  175.159  192.688  40.109  -14.487  -8.99  -2.17  0000
   43  -0.133  8258 16520324  174.746  194.528  40.031  -15.189  -8.93  -2.11  0000
   44  -0.100  7336 16520325  173.762  199.693  39.797  -17.148  -9.10  -2.28  0000
   45  -0.067  8518 16520326  172.263  202.357  39.961  -18.292  -9.26  -2.44  0000
   46  -0.033  8119 16520327  171.304  204.963  40.001  -19.342  -9.35  -2.53  0000
   47   0.000  9428 16520328  171.029  207.322  39.888  -20.223  -9.16  -2.34  0000
   48   0.033  8812 16520329  169.476  212.808  39.915  -22.382  -9.13  -2.31  0000
   49   0.067  6252 16520330  168.921  214.421  39.961  -23.025  -8.68  -1.86  0000
   50   0.100  2951 16520331  166.344  218.392  40.431  -24.702  -7.80  -0.98  0000
