#
#   version : 20090611
#    num_fr : 13
#      time : 20130114 02:21:40.612 UTC
#      unix : 1358130100.612990
#       ntp : LOCK 1468 397752 1044
#       seq : 81604486
#       mul : 0 [A]
#      site : 01
#    latlon : 45.5749 -94.3965 370.0
#      text : Collegeville
#     label : 
#     plate : metal_20100816_20100506-404-gd3
#      geom : 640 480
#    reject : 0
#
#  fr    time   sum     seq       cx       cy      th      phi    lsp    mag  flag
   29  -0.167  1706 81604481  267.753  344.052  27.244 -100.312  -5.88   0.94  0000
   31  -0.100  1785 81604483  271.080  344.510  26.969 -102.121  -6.02   0.80  0000
   32  -0.067  1747 81604484  272.282  345.065  26.972 -102.868  -5.93   0.89  0000
   33  -0.033  1823 81604485  273.197  344.872  26.826 -103.306  -6.40   0.42  0000
   34   0.000  1964 81604486  275.202  346.058  26.911 -104.607  -6.31   0.51  0000
   35   0.033  1937 81604487  275.516  345.891  26.838 -104.741  -6.29   0.53  0000
   36   0.067  1872 81604488  276.363  346.019  26.786 -105.217  -6.44   0.38  0000
   37   0.100  1925 81604489  277.979  346.866  26.842 -106.243  -6.56   0.26  0000
   38   0.133  1846 81604490  278.515  346.972  26.819 -106.550  -6.19   0.63  0000
   39   0.167  1799 81604491  280.893  347.475  26.734 -107.925  -6.38   0.44  0000
   40   0.200  1590 81604492  280.810  347.999  26.873 -107.968  -5.94   0.88  0000
   42   0.267  1438 81604494  284.665  348.782  26.762 -110.197  -5.89   0.93  0000
   43   0.300  1398 81604495  284.928  348.837  26.757 -110.349  -5.73   1.09  0000
