#
#   version : 20090611
#    num_fr : 19
#      time : 20140819 02:55:30.324 UTC
#      unix : 1408416930.324163
#       ntp : LOCK 1679 379073 559
#       seq : 1109201
#       mul : 0 [A]
#      site : 01
#    latlon : 45.5749 -94.3965 370.0
#      text : Collegeville
#     label : 
#     plate : metal_20100816_20100506-404-gd3
#      geom : 640 480
#    reject : 0
#
#  fr    time   sum     seq       cx       cy      th      phi    lsp    mag  flag
   29  -0.501  1720 1109186  315.217   84.677  43.669   54.666  -5.30   1.52  0000
   32  -0.400  1977 1109189  321.944   82.963  44.212   57.035  -5.88   0.94  0000
   33  -0.367  2010 1109190  321.826   82.824  44.248   56.990  -6.14   0.68  0000
   35  -0.300  2123 1109192  324.678   82.441  44.407   57.987  -6.05   0.77  0000
   36  -0.267  1838 1109193  326.175   81.304  44.752   58.476  -6.28   0.54  0000
   37  -0.234  2031 1109194  326.312   81.188  44.788   58.520  -6.39   0.43  0000
   38  -0.200  1914 1109195  329.146   80.888  44.944   59.496  -6.03   0.79  0000
   39  -0.167  2171 1109196  330.653   79.737  45.305   59.972  -6.42   0.40  0000
   40  -0.133  2165 1109197  331.352   79.976  45.261   60.222  -6.61   0.21  0000
   41  -0.100  2130 1109198  331.835   79.838  45.315   60.383  -6.32   0.50  0000
   42  -0.067  2281 1109199  334.340   79.285  45.554   61.216  -6.66   0.16  0000
   43  -0.033  2151 1109200  334.744   78.523  45.778   61.317  -6.22   0.60  0000
   44   0.000  2400 1109201  337.090   77.635  46.113   62.067  -6.41   0.41  0000
   45   0.033  1985 1109202  337.584   77.416  46.194   62.221  -6.31   0.51  0000
   46   0.067  2355 1109203  340.385   77.122  46.398   63.144  -6.52   0.30  0000
   47   0.100  2366 1109204  341.675   76.842  46.536   63.557  -6.65   0.17  0000
   49   0.167  2214 1109206  343.069   75.857  46.873   63.958  -6.08   0.74  0000
   50   0.200  2221 1109207  345.744   75.734  47.048   64.830  -6.50   0.32  0000
   51   0.234  2110 1109208  346.095   75.620  47.098   64.938  -6.33   0.49  0000
