#
#   version : 20090611
#    num_fr : 12
#      time : 20100306 08:26:38.703 UTC
#      unix : 1267863998.703531
#       ntp : LOCK -728 364655 454
#       seq : 61433436
#       mul : 0 [A]
#      site : 01
#    latlon : 45.5749 -94.3965 370.0
#      text : Collegeville
#     label : 
#     plate : metal 20090611
#      geom : 640 480
#    reject : 0
#
#  fr    time   sum     seq       cx       cy      th      phi    lsp    mag  flag
   30  -0.267  3510 61433428  179.819  201.735  36.316  -18.189  -7.03  -7.03  0000
   31  -0.234  3471 61433429  178.306  200.025  36.834  -17.660  -7.03  -7.03  0000
   32  -0.200  3222 61433430  177.664  197.791  37.163  -16.852  -7.07  -7.07  0000
   33  -0.167  3452 61433431  176.475  196.148  37.599  -16.343  -7.14  -7.14  0000
   34  -0.133  3563 61433432  175.470  194.161  38.017  -15.694  -7.15  -7.15  0000
   35  -0.100  3286 61433433  175.123  193.473  38.162  -15.473  -6.92  -6.92  0000
   36  -0.067  3749 61433434  174.545  191.698  38.457  -14.873  -7.32  -7.32  0000
   37  -0.033  3787 61433435  173.248  189.693  38.964  -14.281  -7.29  -7.29  0000
   38   0.000  3859 61433436  172.343  187.155  39.421  -13.464  -7.40  -7.40  0000
   39   0.033  3763 61433437  171.875  185.868  39.658  -13.058  -7.56  -7.56  0000
   40   0.067  3637 61433438  170.428  183.893  40.215  -12.534  -7.39  -7.39  0000
   41   0.100  3071 61433439  170.090  183.578  40.332  -12.465  -6.62  -6.62  0000
