#
#   version : 20090611
#    num_fr : 13
#      time : 20100306 11:02:44.409 UTC
#      unix : 1267873364.409707
#       ntp : LOCK -132 424377 711
#       seq : 61714127
#       mul : 0 [A]
#      site : 01
#    latlon : 45.5749 -94.3965 370.0
#      text : Collegeville
#     label : 
#     plate : metal 20090611
#      geom : 640 480
#    reject : 0
#
#  fr    time   sum     seq       cx       cy      th      phi    lsp    mag  flag
   30  -0.300  2060 61714118  294.369  128.634  28.295   47.677  -5.65  -5.65  0000
   36  -0.100  2791 61714124  294.905  131.766  27.453   47.686  -6.80  -6.80  0000
   37  -0.067  2550 61714125  295.221  131.836  27.421   47.851  -7.33  -7.33  0000
   38  -0.033  3332 61714126  295.782  132.512  27.221   48.098  -7.37  -7.37  0000
   39   0.000  3434 61714127  295.777  133.016  27.089   48.052  -7.46  -7.46  0000
   40   0.033  3074 61714128  295.104  133.433  27.009   47.643  -7.25  -7.25  0000
   41   0.067  2961 61714129  295.125  133.932  26.878   47.608  -7.12  -7.12  0000
   42   0.100  2956 61714130  294.657  134.738  26.688   47.272  -6.86  -6.86  0000
   43   0.133  2950 61714131  294.486  134.939  26.644   47.156  -6.78  -6.78  0000
   44   0.167  2688 61714132  294.514  134.999  26.627   47.166  -6.50  -6.50  0000
   45   0.200  2654 61714133  295.883  136.619  26.144   47.785  -6.56  -6.56  0000
   46   0.234  2647 61714134  296.006  136.744  26.106   47.843  -6.42  -6.42  0000
   47   0.267  2467 61714135  295.052  137.732  25.890   47.201  -6.28  -6.28  0000
