#
#   version : 20090611
#    num_fr : 13
#      time : 20101208 12:35:19.170 UTC
#      unix : 1291811719.170190
#       ntp : LOCK 382 170310 673
#       seq : 20037928
#       mul : 0 [A]
#      site : 01
#    latlon : 45.5749 -94.3965 370.0
#      text : Collegeville
#     label : 
#     plate : metal_20100816_20100506-404-gd3
#      geom : 640 480
#    reject : 0
#
#  fr    time   sum     seq       cx       cy      th      phi    lsp    mag  flag
   30  -0.334  3798 20037918  490.164  249.036  48.450  144.062  -6.59  -6.59  0000
   31  -0.300  3052 20037919  492.295  245.359  49.074  142.928  -6.45  -6.45  0000
   32  -0.267  2764 20037920  493.913  243.136  49.555  142.260  -6.73  -6.73  0000
   33  -0.234  2246 20037921  495.933  239.528  50.179  141.190  -6.52  -6.52  0000
   34  -0.200  1936 20037922  496.776  237.058  50.463  140.460  -6.72  -6.72  0000
   35  -0.167  3155 20037923  498.311  235.323  50.937  139.976  -7.10  -7.10  0000
   36  -0.133  2293 20037924  499.888  231.342  51.485  138.836  -6.68  -6.68  0000
   37  -0.100  4236 20037925  499.449  227.258  51.481  137.612  -6.79  -6.79  0000
   38  -0.067  3002 20037926  501.875  223.867  52.293  136.717  -7.07  -7.07  0000
   39  -0.033  3274 20037927  502.666  221.316  52.618  136.014  -7.18  -7.18  0000
   40   0.000  5123 20037928  503.383  219.578  52.896  135.548  -7.72  -7.72  0000
   41   0.033  4823 20037929  505.080  215.914  53.547  134.590  -7.88  -7.88  0000
   42   0.067  2970 20037930  505.988  213.922  53.903  134.077  -6.27  -6.27  0000
