#
#   version : 20090611
#    num_fr : 15
#      time : 20101208 06:46:41.976 UTC
#      unix : 1291790801.976942
#       ntp : LOCK -3527 952817 1346
#       seq : 19411042
#       mul : 0 [A]
#      site : 01
#    latlon : 45.5749 -94.3965 370.0
#      text : Collegeville
#     label : 
#     plate : metal_20100816_20100506-404-gd3
#      geom : 640 480
#    reject : 0
#
#  fr    time   sum     seq       cx       cy      th      phi    lsp    mag  flag
   30  -0.434  2326 19411029  188.728   61.043  61.390   19.142  -6.11  -6.11  0000
   32  -0.367  2572 19411031  190.909   57.820  61.811   20.053  -6.44  -6.44  0000
   33  -0.334  2969 19411032  190.787   56.711  62.104   20.172  -6.64  -6.64  0000
   34  -0.300  3164 19411033  191.126   55.506  62.345   20.404  -7.17  -7.17  0000
   35  -0.267  2987 19411034  192.149   53.397  62.701   20.898  -7.46  -7.46  0000
   36  -0.234  3744 19411035  192.777   51.938  62.963   21.220  -7.61  -7.61  0000
   37  -0.200  3689 19411036  193.036   51.079  63.136   21.384  -7.83  -7.83  0000
   38  -0.167  3941 19411037  192.686   48.703  63.788   21.601  -7.83  -7.83  0000
   39  -0.133  4005 19411038  194.473   47.250  63.872   22.167  -7.89  -7.89  0000
   40  -0.100  4081 19411039  193.916   45.533  64.394   22.251  -8.10  -8.10  0000
   41  -0.067  5216 19411040  194.697   44.239  64.602   22.573  -8.57  -8.57  0000
   42  -0.033  4199 19411041  195.457   42.791  64.854   22.907  -8.52  -8.52  0000
   43   0.000  5229 19411042  195.752   40.988  65.272   23.178  -8.51  -8.51  0000
   44   0.033  4301 19411043  196.943   39.461  65.485   23.608  -8.19  -8.19  0000
   45   0.067  3422 19411044  197.732   38.269  65.675   23.912  -7.47  -7.47  0000
