#
#   version : 20090611
#    num_fr : 14
#      time : 20101021 08:08:03.893 UTC
#      unix : 1287648483.893556
#       ntp : LOCK 2366 441086 6684
#       seq : 109307610
#       mul : 0 [A]
#      site : 01
#    latlon : 45.5749 -94.3965 370.0
#      text : Collegeville
#     label : 
#     plate : metal 20090611
#      geom : 640 480
#    reject : 0
#
#  fr    time   sum     seq       cx       cy      th      phi    lsp    mag  flag
   29  -0.300  3213 109307601  491.625  198.087  49.937  134.048  -7.11  -7.11  0000
   30  -0.267  3782 109307602  495.146  198.064  50.926  134.233  -7.09  -7.09  0000
   31  -0.234  4050 109307603  498.944  198.826  51.953  134.648  -7.35  -7.35  0000
   32  -0.200  4815 109307604  501.458  198.737  52.669  134.746  -7.80  -7.80  0000
   33  -0.167  5200 109307605  501.593  198.297  52.731  134.629  -7.71  -7.71  0000
   34  -0.133  3542 109307606  505.902  198.895  53.921  134.999  -8.06  -8.06  0000
   35  -0.100  4483 109307607  509.035  198.917  54.813  135.146  -8.13  -8.13  0000
   36  -0.067  5067 109307608  511.858  199.009  55.615  135.293  -8.05  -8.05  0000
   37  -0.033  4002 109307609  512.330  199.404  55.729  135.419  -8.06  -8.06  0000
   38   0.000  5793 109307610  515.593  199.906  56.641  135.684  -8.24  -8.24  0000
   39   0.033  5039 109307611  518.398  199.913  57.448  135.795  -8.07  -8.07  0000
   40   0.067  4703 109307612  521.757  199.485  58.441  135.811  -8.19  -8.19  0000
   41   0.100  5114 109307613  524.140  200.142  59.100  136.065  -8.62  -8.62  0000
   42   0.133  2406 109307614  525.356  199.811  59.470  136.025  -7.00  -7.00  0000
