#
#   version : 20090611
#    num_fr : 12
#      time : 20101021 10:30:12.194 UTC
#      unix : 1287657012.194685
#       ntp : LOCK -10502 1608512 6141
#       seq : 109563203
#       mul : 0 [A]
#      site : 01
#    latlon : 45.5749 -94.3965 370.0
#      text : Collegeville
#     label : 
#     plate : metal 20090611
#      geom : 640 480
#    reject : 0
#
#  fr    time   sum     seq       cx       cy      th      phi    lsp    mag  flag
   29  -0.300  2465 109563194  256.136  143.170  28.279   25.706  -6.27  -6.27  0000
   30  -0.267  2373 109563195  256.167  139.423  29.128   26.729  -6.74  -6.74  0000
   31  -0.234  3065 109563196  256.477  137.379  29.555   27.392  -7.01  -7.01  0000
   32  -0.200  3866 109563197  258.304  133.653  30.182   29.109  -7.76  -7.76  0000
   33  -0.167  4528 109563198  258.208  131.698  30.655   29.519  -8.32  -8.32  0000
   34  -0.133  5420 109563199  258.734  128.209  31.416   30.522  -8.67  -8.67  0000
   35  -0.100  5820 109563200  259.082  125.218  32.090   31.300  -8.80  -8.80  0000
   36  -0.067  6247 109563201  259.902  121.371  32.924   32.410  -8.88  -8.88  0000
   37  -0.033  6271 109563202  260.699  117.897  33.682   33.390  -8.92  -8.92  0000
   38   0.000  7422 109563203  261.613  114.377  34.450   34.384  -9.14  -9.14  0000
   39   0.033  7111 109563204  262.068  111.359  35.151   35.070  -9.24  -9.24  0000
   40   0.067  3547 109563205  262.345  109.434  35.603   35.489  -7.68  -7.68  0000
