#
#   version : 20090611
#    num_fr : 16
#      time : 20101021 05:49:42.439 UTC
#      unix : 1287640182.439169
#       ntp : LOCK 23519 386831 6692
#       seq : 109058816
#       mul : 0 [A]
#      site : 01
#    latlon : 45.5749 -94.3965 370.0
#      text : Collegeville
#     label : 
#     plate : metal 20090611
#      geom : 640 480
#    reject : 0
#
#  fr    time   sum     seq       cx       cy      th      phi    lsp    mag  flag
   30  -0.400  2988 109058804  270.886  188.665  16.279   15.602  -6.59  -6.59  0000
   31  -0.367  4090 109058805  272.092  190.710  15.668   15.190  -6.55  -6.55  0000
   32  -0.334  3239 109058806  275.915  192.547  14.642   16.874  -6.88  -6.88  0000
   33  -0.300  4241 109058807  278.892  192.879  14.078   19.079  -7.13  -7.13  0000
   34  -0.267  3332 109058808  280.739  195.093  13.325   19.213  -7.18  -7.18  0000
   35  -0.234  3042 109058809  285.197  197.093  12.208   22.072  -7.82  -7.82  0000
   36  -0.200  4170 109058810  288.362  198.770  11.382   24.259  -8.03  -8.03  0000
   37  -0.167  4611 109058811  290.866  200.839  10.578   25.698  -8.20  -8.20  0000
   38  -0.133  6755 109058812  293.466  202.157   9.940   28.051  -8.30  -8.30  0000
   39  -0.100  4787 109058813  298.008  204.875   8.776   32.675  -8.62  -8.62  0000
   40  -0.067  6140 109058814  300.518  206.766   8.071   35.530  -8.69  -8.69  0000
   41  -0.033  7072 109058815  303.657  208.363   7.414   40.321  -8.51  -8.51  0000
   42   0.000  7521 109058816  308.120  210.492   6.627   48.731  -8.71  -8.71  0000
   43   0.033  5274 109058817  311.532  212.704   5.994   56.482  -8.68  -8.68  0000
   44   0.067  4676 109058818  315.274  215.774   5.293   67.147  -8.58  -8.58  0000
   45   0.100  5213 109058819  318.396  217.931   4.981   77.638  -7.97  -7.97  0000
