#
#   version : 20090611
#    num_fr : 36
#      time : 20131108 07:07:13.915 UTC
#      unix : 1383894433.915754
#       ntp : LOCK 148 716632 1588
#       seq : 189434222
#       mul : 0 [A]
#      site : 01
#    latlon : 45.5749 -94.3965 370.0
#      text : Collegeville
#     label : 
#     plate : metal_20100816_20100506-404-gd3
#      geom : 640 480
#    reject : 0
#
#  fr    time   sum     seq       cx       cy      th      phi    lsp    mag  flag
   30  -0.534  1611 189434206  337.676  258.091   7.169  160.777  -5.64   1.18  0000
   31  -0.501  1933 189434207  337.960  257.185   7.178  158.825  -6.32   0.50  0000
   32  -0.467  1914 189434208  338.519  255.858   7.243  155.919  -6.46   0.36  0000
   33  -0.434  2275 189434209  338.740  255.606   7.287  155.328  -6.83  -0.01  0000
   34  -0.400  2190 189434210  338.232  253.679   7.072  151.606  -7.04  -0.22  0000
   35  -0.367  2362 189434211  338.289  253.045   7.067  150.280  -7.33  -0.51  0000
   36  -0.334  2605 189434212  338.087  251.359   6.979  146.791  -7.36  -0.54  0000
   37  -0.300  2584 189434213  338.348  250.982   7.044  145.979  -7.40  -0.58  0000
   38  -0.267  2945 189434214  339.133  249.867   7.248  143.658  -7.58  -0.76  0000
   39  -0.234  3211 189434215  339.321  248.610   7.307  141.129  -7.86  -1.04  0000
   40  -0.200  3664 189434216  338.248  247.668   7.040  139.046  -8.14  -1.32  0000
   41  -0.167  4036 189434217  338.252  246.021   7.090  135.638  -8.39  -1.57  0000
   42  -0.133  4323 189434218  338.450  245.517   7.162  134.675  -8.43  -1.61  0000
   43  -0.100  4306 189434219  339.194  243.721   7.443  131.413  -8.41  -1.59  0000
   44  -0.067  4836 189434220  339.411  242.908   7.548  129.959  -8.62  -1.80  0000
   45  -0.033  5043 189434221  339.353  241.335   7.642  126.988  -8.58  -1.76  0000
   46   0.000  5163 189434222  339.412  240.185   7.748  124.929  -8.70  -1.88  0000
   47   0.033  4852 189434223  339.339  239.154   7.822  123.047  -8.53  -1.71  0000
   48   0.067  4301 189434224  339.785  237.981   8.044  121.341  -8.37  -1.55  0000
   49   0.100  4731 189434225  340.086  236.801   8.239  119.603  -8.56  -1.74  0000
   50   0.133  4365 189434226  340.370  235.621   8.437  117.935  -8.46  -1.64  0000
   51   0.167  4412 189434227  340.635  233.956   8.696  115.598  -8.45  -1.63  0000
   52   0.200  4615 189434228  340.309  232.467   8.812  113.135  -8.61  -1.79  0000
   53   0.234  4111 189434229  339.982  231.700   8.842  111.748  -8.30  -1.48  0000
   54   0.267  3782 189434230  340.574  230.159   9.190  110.174  -8.18  -1.36  0000
   55   0.300  3410 189434231  340.895  228.602   9.490  108.444  -7.96  -1.14  0000
   56   0.334  3158 189434232  341.292  227.864   9.687  107.888  -7.78  -0.96  0000
   57   0.367  3228 189434233  340.620  225.357   9.945  104.268  -7.78  -0.96  0000
   58   0.400  3111 189434234  341.158  224.410  10.213  103.723  -7.67  -0.85  0000
   59   0.434  2916 189434235  341.300  222.933  10.492  102.265  -7.66  -0.84  0000
   60   0.467  2552 189434236  341.304  221.779  10.694  101.075  -7.57  -0.75  0000
   61   0.501  2409 189434237  341.955  219.811  11.171   99.764  -7.32  -0.50  0000
   62   0.534  2517 189434238  341.572  218.400  11.358   98.085  -7.20  -0.38  0000
   63   0.567  2292 189434239  341.326  217.037  11.570   96.637  -7.24  -0.42  0000
   64   0.601  4608 189434240  341.439  215.503  11.886   95.444  -8.58  -1.76  0000
   65   0.634  2267 189434241  341.974  214.312  12.212   94.983  -6.89  -0.07  0000
