#
#   version : 20090611
#    num_fr : 17
#      time : 20131108 00:48:04.942 UTC
#      unix : 1383871684.942588
#       ntp : LOCK 936 619030 4188
#       seq : 188752448
#       mul : 0 [A]
#      site : 01
#    latlon : 45.5749 -94.3965 370.0
#      text : Collegeville
#     label : 
#     plate : metal_20100816_20100506-404-gd3
#      geom : 640 480
#    reject : 0
#
#  fr    time   sum     seq       cx       cy      th      phi    lsp    mag  flag
   30  -0.968  2154 188752419  116.521  289.993  55.015  -47.847  -6.07   0.75  0000
   31  -0.934  1901 188752420  116.270  291.881  55.196  -48.345  -6.00   0.82  0000
   33  -0.868  1914 188752422  117.578  294.664  54.987  -49.172  -5.88   0.94  0000
   35  -0.801  2025 188752424  117.994  298.688  55.130  -50.282  -5.77   1.05  0000
   38  -0.701  2071 188752427  120.586  302.003  54.622  -51.350  -5.83   0.99  0000
   39  -0.667  2232 188752428  119.512  304.244  55.096  -51.873  -6.37   0.45  0000
   40  -0.634  2203 188752429  120.933  306.189  54.842  -52.498  -6.20   0.62  0000
   42  -0.567  2101 188752431  122.905  308.745  54.489  -53.336  -5.95   0.87  0000
   43  -0.534  2218 188752432  122.082  310.262  54.849  -53.673  -5.95   0.87  0000
   45  -0.467  2095 188752434  122.999  314.399  54.953  -54.844  -5.71   1.11  0000
   47  -0.400  2112 188752436  125.199  316.960  54.574  -55.716  -5.98   0.84  0000
   48  -0.367  2061 188752437  124.986  318.672  54.796  -56.145  -6.28   0.54  0000
   54  -0.167  2252 188752443  128.946  327.928  54.659  -58.946  -6.31   0.51  0000
   56  -0.100  1870 188752445  130.389  332.692  54.804  -60.324  -5.59   1.23  0000
   59   0.000  2281 188752448  132.157  336.732  54.809  -61.550  -6.21   0.61  0000
   65   0.200  2210 188752454  136.215  346.403  54.978  -64.458  -6.07   0.75  0000
   66   0.234  2271 188752455  137.296  348.308  54.956  -65.067  -6.43   0.39  0000
