#
#   version : 20090611
#    num_fr : 49
#      time : 20131108 03:48:11.323 UTC
#      unix : 1383882491.323945
#       ntp : LOCK 1196 414487 2649
#       seq : 189076309
#       mul : 0 [A]
#      site : 01
#    latlon : 45.5749 -94.3965 370.0
#      text : Collegeville
#     label : 
#     plate : metal_20100816_20100506-404-gd3
#      geom : 640 480
#    reject : 0
#
#  fr    time   sum     seq       cx       cy      th      phi    lsp    mag  flag
   30  -1.134  1597 189076275  216.638  284.808  27.158  -55.906  -5.37   1.45  0000
   33  -1.034  1802 189076278  214.153  282.491  27.607  -54.268  -6.02   0.80  0000
   38  -0.868  1797 189076283  213.009  279.245  27.655  -52.409  -6.10   0.72  0000
   39  -0.834  1964 189076284  212.539  279.052  27.765  -52.238  -5.99   0.83  0000
   40  -0.801  1587 189076285  211.749  278.120  27.907  -51.641  -5.61   1.21  0000
   41  -0.767  2084 189076286  211.839  277.181  27.818  -51.169  -6.46   0.36  0000
   42  -0.734  1744 189076287  211.048  276.455  27.980  -50.685  -5.77   1.05  0000
   43  -0.701  1847 189076288  210.691  276.115  28.054  -50.462  -6.26   0.56  0000
   44  -0.667  1814 189076289  208.865  275.157  28.481  -49.739  -6.33   0.49  0000
   45  -0.634  1983 189076290  208.433  274.901  28.581  -49.556  -5.85   0.97  0000
   46  -0.601  1867 189076291  208.992  274.291  28.395  -49.312  -6.21   0.61  0000
   48  -0.534  1774 189076293  207.205  272.012  28.747  -47.949  -6.23   0.59  0000
   49  -0.500  2157 189076294  206.993  271.945  28.800  -47.892  -6.57   0.25  0000
   50  -0.467  2099 189076295  205.766  271.151  29.091  -47.366  -6.26   0.56  0000
   51  -0.434  2010 189076296  206.435  269.882  28.847  -46.788  -6.25   0.57  0000
   52  -0.400  2343 189076297  205.464  269.227  29.079  -46.367  -6.73   0.09  0000
   53  -0.367  2019 189076298  205.632  267.910  28.974  -45.713  -6.57   0.25  0000
   54  -0.334  1916 189076299  203.623  267.158  29.490  -45.172  -6.38   0.44  0000
   55  -0.300  1879 189076300  203.440  266.685  29.521  -44.922  -6.45   0.37  0000
   56  -0.267  2258 189076301  203.803  265.921  29.392  -44.565  -6.64   0.18  0000
   57  -0.234  2131 189076302  202.376  264.898  29.745  -43.955  -6.56   0.26  0000
   58  -0.200  2237 189076303  202.186  264.355  29.778  -43.673  -6.41   0.41  0000
   59  -0.167  2055 189076304  201.361  263.620  29.980  -43.258  -6.39   0.43  0000
   60  -0.133  1895 189076305  201.244  262.979  29.992  -42.934  -6.47   0.35  0000
   61  -0.100  2259 189076306  200.549  261.021  30.129  -41.930  -6.60   0.22  0000
   62  -0.067  2401 189076307  200.407  260.970  30.166  -41.899  -6.66   0.16  0000
   63  -0.033  2473 189076308  199.262  259.752  30.452  -41.251  -6.96  -0.14  0000
   64   0.000  2725 189076309  198.769  259.166  30.575  -40.946  -7.19  -0.37  0000
   65   0.033  2537 189076310  198.366  258.919  30.681  -40.811  -7.14  -0.32  0000
   66   0.067  2562 189076311  198.210  257.361  30.695  -40.049  -7.19  -0.37  0000
   67   0.100  2535 189076312  198.060  257.019  30.731  -39.879  -6.70   0.12  0000
   68   0.133  1957 189076313  197.096  255.753  30.979  -39.243  -6.32   0.50  0000
   69   0.167  1901 189076314  197.001  255.221  30.999  -38.984  -6.46   0.36  0000
   70   0.200  1943 189076315  196.592  255.119  31.110  -38.928  -6.50   0.32  0000
   71   0.234  1914 189076316  195.305  253.338  31.450  -38.057  -6.06   0.76  0000
   72   0.267  2012 189076317  195.124  252.582  31.495  -37.697  -6.38   0.44  0000
   73   0.300  1956 189076318  195.238  251.255  31.457  -37.067  -6.25   0.57  0000
   74   0.334  1932 189076319  193.565  251.332  31.921  -37.099  -5.91   0.91  0000
   75   0.367  1696 189076320  193.113  249.409  32.045  -36.200  -5.71   1.11  0000
   78   0.467  1750 189076323  191.122  247.794  32.602  -35.469  -5.99   0.83  0000
   81   0.567  1817 189076326  189.415  243.786  33.112  -33.675  -6.15   0.67  0000
   82   0.601  1799 189076327  189.286  243.939  33.146  -33.748  -6.01   0.81  0000
   83   0.634  1896 189076328  187.963  241.531  33.551  -32.707  -6.14   0.68  0000
   84   0.667  1878 189076329  187.585  241.089  33.664  -32.523  -6.36   0.46  0000
   85   0.701  1711 189076330  187.224  239.718  33.791  -31.929  -6.01   0.81  0000
   86   0.734  1955 189076331  187.046  239.984  33.835  -32.054  -6.05   0.77  0000
   87   0.767  1976 189076332  186.267  237.740  34.103  -31.101  -6.07   0.75  0000
   88   0.801  2062 189076333  186.069  237.621  34.161  -31.058  -6.30   0.52  0000
   90   0.868  1858 189076335  184.794  235.079  34.586  -30.019  -6.15   0.67  0000
