#
#   version : 20090611
#    num_fr : 12
#      time : 20131108 10:54:07.777 UTC
#      unix : 1383908047.777706
#       ntp : LOCK -50 881144 1006
#       seq : 189842220
#       mul : 0 [A]
#      site : 01
#    latlon : 45.5749 -94.3965 370.0
#      text : Collegeville
#     label : 
#     plate : metal_20100816_20100506-404-gd3
#      geom : 640 480
#    reject : 0
#
#  fr    time   sum     seq       cx       cy      th      phi    lsp    mag  flag
   29  -0.200  2262 189842214  522.529  147.915  64.431  118.965  -6.69   0.13  0000
   30  -0.167  3158 189842215  524.408  148.619  64.856  119.320  -7.38  -0.56  0000
   31  -0.133  3375 189842216  525.047  148.899  64.996  119.449  -7.91  -1.09  0000
   32  -0.100  4657 189842217  525.686  149.515  65.096  119.651  -8.34  -1.52  0000
   33  -0.067  4286 189842218  527.733  149.849  65.618  119.935  -8.44  -1.62  0000
   34  -0.033  4964 189842219  528.155  150.434  65.663  120.105  -8.57  -1.75  0000
   35   0.000  5054 189842220  530.263  151.235  66.150  120.492  -8.67  -1.85  0000
   36   0.033  4434 189842221  531.377  151.668  66.408  120.696  -8.59  -1.77  0000
   37   0.067  4008 189842222  533.095  152.361  66.806  121.014  -8.21  -1.39  0000
   38   0.100  3546 189842223  533.902  152.851  66.974  121.197  -7.90  -1.08  0000
   39   0.133  2986 189842224  536.178  153.690  67.515  121.594  -7.35  -0.53  0000
   40   0.167  2276 189842225  536.232  154.100  67.484  121.687  -6.14   0.68  0000
