#
#   version : 20090611
#    num_fr : 13
#      time : 20131108 07:44:53.678 UTC
#      unix : 1383896693.678536
#       ntp : LOCK 183 835965 1485
#       seq : 189501946
#       mul : 0 [A]
#      site : 01
#    latlon : 45.5749 -94.3965 370.0
#      text : Collegeville
#     label : 
#     plate : metal_20100816_20100506-404-gd3
#      geom : 640 480
#    reject : 0
#
#  fr    time   sum     seq       cx       cy      th      phi    lsp    mag  flag
   30  -0.167  1756 189501941  280.185  255.008   8.483  -45.042  -6.27   0.55  0000
   31  -0.133  2417 189501942  281.714  252.727   8.006  -41.318  -6.91  -0.09  0000
   32  -0.100  2668 189501943  284.310  251.980   7.300  -40.285  -7.58  -0.76  0000
   33  -0.067  2353 189501944  286.322  250.118   6.745  -36.530  -7.33  -0.51  0000
   34  -0.033  2419 189501945  287.630  248.202   6.412  -32.123  -7.16  -0.34  0000
   35   0.000  2675 189501946  291.242  245.748   5.543  -24.857  -6.96  -0.14  0000
   36   0.033  2289 189501947  291.239  245.313   5.567  -23.728  -6.89  -0.07  0000
   37   0.067  2160 189501948  292.545  243.549   5.351  -18.155  -6.56   0.26  0000
   39   0.133  1936 189501950  298.017  238.620   4.668    2.681  -6.25   0.57  0000
   40   0.167  1666 189501951  299.119  237.810   4.584    7.018  -6.10   0.72  0000
   41   0.200  1430 189501952  301.608  235.003   4.702   19.054  -5.68   1.14  0000
   42   0.234  1540 189501953  304.833  233.392   4.651   30.731  -5.66   1.16  0000
   43   0.267  1543 189501954  306.126  230.820   5.160   37.140  -6.11   0.71  0000
