#
#   version : 20090611
#    num_fr : 15
#      time : 20130624 04:47:21.816 UTC
#      unix : 1372049241.816144
#       ntp : LOCK 276 279106 957
#       seq : 3896994
#       mul : 0 [A]
#      site : 01
#    latlon : 45.5749 -94.3965 370.0
#      text : Collegeville
#     label : 
#     plate : metal_20100816_20100506-404-gd3
#      geom : 640 480
#    reject : 0
#
#  fr    time   sum     seq       cx       cy      th      phi    lsp    mag  flag
   29  -0.334  3714 3896984  331.017  168.418  21.797   67.393  -6.87  -0.05  0000
   30  -0.300  4058 3896985  330.124  170.888  21.110   67.181  -7.27  -0.45  0000
   31  -0.267  3785 3896986  330.753  172.392  20.766   67.888  -7.36  -0.54  0000
   32  -0.234  2883 3896987  331.059  173.520  20.499   68.314  -7.18  -0.36  0000
   33  -0.200  2938 3896988  330.770  175.928  19.868   68.558  -7.05  -0.23  0000
   34  -0.167  3728 3896989  331.166  178.369  19.277   69.352  -7.44  -0.62  0000
   35  -0.133  4477 3896990  330.976  178.931  19.122   69.324  -7.68  -0.86  0000
   36  -0.100  4275 3896991  331.138  180.977  18.618   69.897  -7.62  -0.80  0000
   37  -0.067  4684 3896992  332.439  182.870  18.244   71.381  -7.83  -1.01  0000
   38  -0.033  4621 3896993  331.458  185.084  17.612   71.139  -7.96  -1.14  0000
   39   0.000  4938 3896994  331.467  186.882  17.165   71.617  -7.95  -1.13  0000
   40   0.033  4301 3896995  332.964  188.881  16.798   73.462  -7.42  -0.60  0000
   41   0.067  4115 3896996  332.403  190.610  16.322   73.502  -7.31  -0.49  0000
   42   0.100  4020 3896997  332.930  194.396  15.446   75.230  -7.29  -0.47  0000
   43   0.133  4158 3896998  332.588  195.871  15.055   75.443  -7.18  -0.36  0000
