#
#   version : 20090611
#    num_fr : 46
#      time : 20120420 03:43:43.695 UTC
#      unix : 1334893423.695501
#       ntp : LOCK 161 357603 695
#       seq : 226736732
#       mul : 0 [A]
#      site : 01
#    latlon : 45.5749 -94.3965 370.0
#      text : Collegeville
#     label : 
#     plate : metal_20100816_20100506-404-gd3
#      geom : 640 480
#    reject : 0
#
#  fr    time   sum     seq       cx       cy      th      phi    lsp    mag  flag
   30  -1.001  1506 226736702  484.667  245.247  46.904  142.805  -6.23   0.59  0000
   31  -0.968  1656 226736703  484.862  245.115  46.961  142.764  -6.34   0.48  0000
   32  -0.934  1873 226736704  485.226  245.087  47.064  142.760  -6.64   0.18  0000
   33  -0.901  2193 226736705  485.763  245.104  47.216  142.772  -6.72   0.10  0000
   34  -0.868  1997 226736706  488.078  245.317  47.873  142.867  -6.93  -0.11  0000
   35  -0.834  2423 226736707  488.141  245.215  47.891  142.835  -7.46  -0.64  0000
   36  -0.801  2364 226736708  488.375  245.025  47.959  142.778  -7.36  -0.54  0000
   37  -0.767  2366 226736709  489.035  245.255  48.145  142.858  -7.19  -0.37  0000
   38  -0.734  2878 226736710  491.317  244.968  48.798  142.795  -7.52  -0.70  0000
   39  -0.701  2757 226736711  491.202  244.803  48.766  142.742  -7.62  -0.80  0000
   40  -0.667  3079 226736712  492.065  244.826  49.012  142.759  -7.72  -0.90  0000
   41  -0.634  3266 226736713  492.503  244.650  49.138  142.710  -7.84  -1.02  0000
   42  -0.601  3188 226736714  494.368  244.880  49.670  142.803  -7.96  -1.14  0000
   43  -0.567  3427 226736715  494.885  244.756  49.818  142.771  -7.88  -1.06  0000
   44  -0.534  3318 226736716  495.188  244.791  49.905  142.785  -8.01  -1.19  0000
   45  -0.500  3481 226736717  495.855  244.778  50.096  142.789  -8.11  -1.29  0000
   46  -0.467  3769 226736718  496.470  244.458  50.274  142.699  -8.21  -1.39  0000
   47  -0.434  3865 226736719  497.769  244.628  50.645  142.766  -8.24  -1.42  0000
   48  -0.400  3883 226736720  498.473  244.613  50.847  142.770  -8.24  -1.42  0000
   49  -0.367  3893 226736721  498.911  244.700  50.972  142.801  -8.32  -1.50  0000
   50  -0.334  4306 226736722  499.809  244.196  51.234  142.661  -8.47  -1.65  0000
   51  -0.300  4274 226736723  500.356  244.273  51.391  142.691  -8.48  -1.66  0000
   52  -0.267  4301 226736724  501.818  244.485  51.810  142.771  -8.49  -1.67  0000
   53  -0.234  3886 226736725  502.178  244.302  51.915  142.721  -8.40  -1.58  0000
   54  -0.200  4368 226736726  503.068  244.270  52.171  142.722  -8.49  -1.67  0000
   55  -0.167  4374 226736727  503.705  244.221  52.355  142.716  -8.50  -1.68  0000
   56  -0.133  4561 226736728  505.168  244.087  52.778  142.694  -8.59  -1.77  0000
   57  -0.100  4741 226736729  505.168  244.308  52.777  142.758  -8.62  -1.80  0000
   58  -0.067  4928 226736730  506.067  244.109  53.038  142.711  -8.67  -1.85  0000
   59  -0.033  4417 226736731  506.725  243.976  53.229  142.681  -8.66  -1.84  0000
   60   0.000  5762 226736732  507.666  243.600  53.505  142.584  -9.02  -2.20  0000
   61   0.033  4839 226736733  508.864  243.885  53.849  142.680  -8.67  -1.85  0000
   62   0.067  4999 226736734  509.766  243.657  54.112  142.626  -8.68  -1.86  0000
   63   0.100  5168 226736735  510.187  243.826  54.233  142.679  -8.77  -1.95  0000
   64   0.133  5651 226736736  510.721  243.859  54.387  142.695  -9.06  -2.24  0000
   65   0.167  4939 226736737  512.206  243.701  54.820  142.668  -8.67  -1.85  0000
   66   0.200  4893 226736738  512.848  243.685  55.007  142.671  -8.64  -1.82  0000
   67   0.234  5231 226736739  513.317  243.789  55.142  142.706  -8.77  -1.95  0000
   68   0.267  5297 226736740  513.769  243.809  55.273  142.717  -8.92  -2.10  0000
   69   0.300  4567 226736741  515.294  243.575  55.720  142.670  -8.59  -1.77  0000
   70   0.334  4343 226736742  515.821  243.577  55.873  142.677  -8.42  -1.60  0000
   71   0.367  3753 226736743  516.354  243.458  56.030  142.651  -8.31  -1.49  0000
   72   0.400  3714 226736744  516.922  243.351  56.196  142.628  -8.27  -1.45  0000
   73   0.434  3360 226736745  517.146  243.339  56.262  142.628  -7.89  -1.07  0000
   74   0.467  2499 226736746  518.760  243.553  56.731  142.705  -7.13  -0.31  0000
   75   0.500  2123 226736747  519.915  243.232  57.072  142.632  -6.70   0.12  0000
