#
#   version : 20090611
#    num_fr : 31
#      time : 20120420 09:52:09.935 UTC
#      unix : 1334915529.935194
#       ntp : LOCK 40 609789 368
#       seq : 227399256
#       mul : 0 [A]
#      site : 01
#    latlon : 45.5749 -94.3965 370.0
#      text : Collegeville
#     label : 
#     plate : metal_20100816_20100506-404-gd3
#      geom : 640 480
#    reject : 0
#
#  fr    time   sum     seq       cx       cy      th      phi    lsp    mag  flag
   29  -0.601  1171 227399238  398.191  397.605  45.481 -156.530  -5.36   1.46  0000
   30  -0.567  1575 227399239  397.059  399.128  45.680 -155.938  -6.02   0.80  0000
   31  -0.534  1461 227399240  396.957  398.973  45.628 -155.935  -5.81   1.01  0000
   32  -0.501  1603 227399241  397.350  399.750  45.870 -155.916  -5.87   0.95  0000
   33  -0.467  1462 227399242  396.328  400.431  45.888 -155.504  -6.23   0.59  0000
   34  -0.434  1810 227399243  395.928  401.124  45.998 -155.272  -6.38   0.44  0000
   35  -0.400  2083 227399244  395.743  402.494  46.303 -154.991  -6.78   0.04  0000
   36  -0.367  2465 227399245  395.722  402.961  46.412 -154.908  -7.30  -0.48  0000
   37  -0.334  2169 227399246  395.470  403.491  46.506 -154.749  -7.16  -0.34  0000
   38  -0.300  2348 227399247  395.428  404.373  46.714 -154.594  -7.23  -0.41  0000
   39  -0.267  2636 227399248  394.753  404.971  46.767 -154.304  -7.54  -0.72  0000
   40  -0.234  2954 227399249  395.422  406.196  47.157 -154.301  -7.81  -0.99  0000
   41  -0.200  3416 227399250  395.311  406.930  47.321 -154.154  -8.10  -1.28  0000
   42  -0.167  3201 227399251  394.651  407.797  47.444 -153.829  -8.08  -1.26  0000
   43  -0.133  3753 227399252  394.448  408.574  47.607 -153.651  -8.31  -1.49  0000
   44  -0.100  4258 227399253  394.355  409.064  47.715 -153.549  -8.56  -1.74  0000
   45  -0.067  4215 227399254  393.871  410.509  48.007 -153.192  -8.44  -1.62  0000
   46  -0.033  3962 227399255  393.510  411.166  48.122 -152.991  -8.39  -1.57  0000
   47   0.000  4608 227399256  393.202  411.924  48.270 -152.791  -8.62  -1.80  0000
   48   0.033  3483 227399257  392.407  412.753  48.373 -152.443  -8.18  -1.36  0000
   49   0.067  4100 227399258  392.162  413.399  48.502 -152.280  -8.38  -1.56  0000
   50   0.100  3389 227399259  391.849  414.274  48.681 -152.065  -8.06  -1.24  0000
   51   0.133  2792 227399260  391.946  414.889  48.847 -152.004  -7.60  -0.78  0000
   52   0.167  2726 227399261  391.580  415.737  49.013 -151.781  -7.68  -0.86  0000
   53   0.200  2851 227399262  390.792  416.935  49.215 -151.391  -7.69  -0.87  0000
   54   0.234  2783 227399263  390.671  417.136  49.251 -151.329  -7.59  -0.77  0000
   55   0.267  2711 227399264  390.165  418.404  49.508 -151.012  -7.33  -0.51  0000
   56   0.300  2394 227399265  390.107  418.839  49.611 -150.937  -7.08  -0.26  0000
   57   0.334  2449 227399266  390.704  419.933  49.962 -150.957  -7.22  -0.40  0000
   58   0.367  2135 227399267  390.385  420.428  50.048 -150.801  -6.80   0.02  0000
   59   0.400  1517 227399268  390.441  421.790  50.401 -150.636  -5.80   1.02  0000
