#
#   version : 20090611
#    num_fr : 19
#      time : 20131130 09:46:31.816 UTC
#      unix : 1385804791.816304
#       ntp : LOCK -2426 671781 5994
#       seq : 246686366
#       mul : 0 [A]
#      site : 01
#    latlon : 45.5749 -94.3965 370.0
#      text : Collegeville
#     label : 
#     plate : metal_20100816_20100506-404-gd3
#      geom : 640 480
#    reject : 0
#
#  fr    time   sum     seq       cx       cy      th      phi    lsp    mag  flag
   30  -0.300  2016 246686357  137.691  305.139  50.044  -53.593  -6.18   0.64  0000
   31  -0.267  2098 246686358  136.779  306.739  50.432  -53.971  -6.42   0.40  0000
   32  -0.234  2223 246686359  136.544  309.138  50.705  -54.635  -6.73   0.09  0000
   33  -0.200  2687 246686360  135.140  311.287  51.285  -55.108  -7.39  -0.57  0000
   34  -0.167  3775 246686361  134.055  312.919  51.735  -55.459  -8.19  -1.37  0000
   35  -0.133  4242 246686362  133.151  315.482  52.226  -56.078  -8.49  -1.67  0000
   36  -0.100  4816 246686363  131.844  317.528  52.784  -56.505  -8.71  -1.89  0000
   37  -0.067  5275 246686364  131.194  319.834  53.191  -57.059  -8.92  -2.10  0000
   38  -0.033  5903 246686365  130.477  321.953  53.604  -57.550  -9.08  -2.26  0000
   39   0.000  6146 246686366  129.636  324.353  54.085  -58.093  -8.98  -2.16  0000
   40   0.033  5821 246686367  129.215  326.264  54.404  -58.546  -8.85  -2.03  0000
   41   0.067  5086 246686368  128.321  328.650  54.909  -59.064  -8.59  -1.77  0000
   42   0.100  4553 246686369  127.677  330.714  55.315  -59.519  -8.54  -1.72  0000
   43   0.133  4120 246686370  126.677  332.885  55.834  -59.956  -8.37  -1.55  0000
   44   0.167  3656 246686371  126.115  334.923  56.223  -60.401  -8.15  -1.33  0000
   45   0.200  4383 246686372  125.710  337.285  56.613  -60.937  -8.44  -1.62  0000
   46   0.234  4363 246686373  124.977  338.989  57.017  -61.269  -8.46  -1.64  0000
   47   0.267  4339 246686374  124.425  341.663  57.495  -61.850  -8.46  -1.64  0000
   48   0.300  2147 246686375  123.948  343.951  57.911  -62.340  -6.60   0.22  0000
