#
#   version : 20090611
#    num_fr : 25
#      time : 20141016 03:47:59.231 UTC
#      unix : 1413431279.231487
#       ntp : LOCK -3476 1059813 3115
#       seq : 151386039
#       mul : 0 [A]
#      site : 01
#    latlon : 45.5749 -94.3965 370.0
#      text : Collegeville
#     label : 
#     plate : metal_20100816_20100506-404-gd3
#      geom : 640 480
#    reject : 0
#
#  fr    time   sum     seq       cx       cy      th      phi    lsp    mag  flag
   30  -0.400  1494 151386027  436.135  182.902  37.811  116.357  -5.76   1.06  0000
   32  -0.334  1853 151386029  437.098  181.640  38.207  116.098  -6.48   0.34  0000
   33  -0.300  1865 151386030  438.175  180.990  38.553  116.077  -6.85  -0.03  0000
   34  -0.267  1926 151386031  437.468  179.775  38.536  115.521  -6.83  -0.01  0000
   35  -0.234  2129 151386032  438.275  178.888  38.849  115.373  -7.11  -0.29  0000
   36  -0.200  2059 151386033  439.180  178.363  39.137  115.368  -6.92  -0.10  0000
   37  -0.167  2379 151386034  439.929  177.498  39.433  115.220  -7.21  -0.39  0000
   38  -0.133  2217 151386035  439.934  176.576  39.556  114.911  -7.02  -0.20  0000
   39  -0.100  2559 151386036  441.162  175.311  40.022  114.727  -7.21  -0.39  0000
   40  -0.067  2223 151386037  441.321  174.301  40.196  114.425  -7.02  -0.20  0000
   41  -0.033  2480 151386038  441.396  173.260  40.355  114.100  -7.22  -0.40  0000
   42   0.000  2683 151386039  441.347  172.855  40.399  113.958  -7.40  -0.58  0000
   43   0.033  2545 151386040  442.682  171.197  40.948  113.683  -7.52  -0.70  0000
   44   0.067  2667 151386041  443.088  170.945  41.080  113.681  -7.44  -0.62  0000
   45   0.100  2602 151386042  443.933  169.753  41.449  113.466  -7.24  -0.42  0000
   46   0.133  2468 151386043  444.386  169.393  41.608  113.439  -7.24  -0.42  0000
   47   0.167  2601 151386044  444.168  168.235  41.717  113.035  -7.19  -0.37  0000
   48   0.200  2275 151386045  444.806  167.697  41.946  112.991  -7.27  -0.45  0000
   49   0.234  2518 151386046  445.613  166.208  42.350  112.687  -7.28  -0.46  0000
   50   0.267  2164 151386047  446.221  164.565  42.731  112.304  -7.14  -0.32  0000
   51   0.300  2424 151386048  446.508  164.432  42.819  112.320  -6.98  -0.16  0000
   52   0.334  2045 151386049  447.242  163.502  43.128  112.181  -6.67   0.15  0000
   53   0.367  1837 151386050  447.638  162.544  43.361  111.971  -6.56   0.26  0000
   54   0.400  2087 151386051  448.181  161.215  43.685  111.682  -6.71   0.11  0000
   55   0.434  2002 151386052  448.724  160.296  43.949  111.517  -6.60   0.22  0000
