#
#   version : 20090611
#    num_fr : 22
#      time : 20141016 06:22:35.060 UTC
#      unix : 1413440555.060439
#       ntp : LOCK 4411 607221 4279
#       seq : 151664028
#       mul : 0 [A]
#      site : 01
#    latlon : 45.5749 -94.3965 370.0
#      text : Collegeville
#     label : 
#     plate : metal_20100816_20100506-404-gd3
#      geom : 640 480
#    reject : 0
#
#  fr    time   sum     seq       cx       cy      th      phi    lsp    mag  flag
   29  -0.334  2379 151664018  451.571  472.982  72.376 -157.817  -6.28   0.54  0000
   30  -0.300  3193 151664019  452.190  473.277  72.557 -157.894  -7.27  -0.45  0000
   31  -0.267  3368 151664020  453.571  473.863  72.942 -158.073  -7.41  -0.59  0000
   32  -0.234  3534 151664021  454.229  474.132  73.124 -158.160  -7.48  -0.66  0000
   33  -0.200  3744 151664022  454.396  474.359  73.212 -158.162  -7.77  -0.95  0000
   34  -0.167  4236 151664023  455.287  475.041  73.540 -158.239  -8.02  -1.20  0000
   35  -0.133  3942 151664024  455.513  475.427  73.679 -158.233  -7.77  -0.95  0000
   36  -0.100  3963 151664025  456.618  475.910  73.995 -158.371  -8.01  -1.19  0000
   37  -0.067  4478 151664026  457.270  476.153  74.170 -158.457  -8.34  -1.52  0000
   38  -0.033  4815 151664027  457.872  476.432  74.347 -158.530  -8.52  -1.70  0000
   39   0.000  4825 151664028  458.251  476.563  74.447 -158.581  -8.54  -1.72  0000
   40   0.033  4423 151664029  459.329  477.178  74.794 -158.696  -8.55  -1.73  0000
   41   0.067  4330 151664030  459.896  477.331  74.933 -158.776  -8.55  -1.73  0000
   42   0.100  4452 151664031  460.310  477.444  75.035 -158.835  -8.66  -1.84  0000
   43   0.133  4182 151664032  461.200  477.642  75.243 -158.966  -8.58  -1.76  0000
   44   0.167  4049 151664033  461.627  477.717  75.338 -159.031  -8.49  -1.67  0000
   45   0.200  3442 151664034  462.273  477.856  75.488 -159.126  -8.33  -1.51  0000
   46   0.234  3841 151664035  462.727  477.963  75.597 -159.191  -8.61  -1.79  0000
   47   0.267  3755 151664036  463.237  477.894  75.670 -159.287  -8.50  -1.68  0000
   48   0.300  2856 151664037  464.072  477.978  75.841 -159.421  -7.99  -1.17  0000
   49   0.334  2757 151664038  464.885  477.863  75.958 -159.574  -7.95  -1.13  0000
   50   0.367  1482 151664039  465.138  477.338  75.869 -159.681  -6.35   0.47  0000
