#
#   version : 20090611
#    num_fr : 12
#      time : 20130104 12:53:28.956 UTC
#      unix : 1357304008.956049
#       ntp : LOCK 201 740461 517
#       seq : 56846791
#       mul : 0 [A]
#      site : 01
#    latlon : 45.5749 -94.3965 370.0
#      text : Collegeville
#     label : 
#     plate : metal_20100816_20100506-404-gd3
#      geom : 640 480
#    reject : 0
#
#  fr    time   sum     seq       cx       cy      th      phi    lsp    mag  flag
   29  -0.334  3562 56846781  457.209  223.730  39.799  134.238  -6.34   0.48  0000
   30  -0.300  4547 56846782  456.536  219.040  39.855  132.438  -6.81   0.01  0000
   31  -0.267  2493 56846783  457.440  217.884  40.167  132.085  -7.09  -0.27  0000
   32  -0.234  3907 56846784  459.022  213.892  40.838  130.768  -7.65  -0.83  0000
   33  -0.200  4443 56846785  460.882  210.152  41.589  129.608  -7.81  -0.99  0000
   34  -0.167  4142 56846786  461.066  205.688  41.962  128.065  -8.12  -1.30  0000
   35  -0.133  4656 56846787  460.671  203.545  42.023  127.281  -8.32  -1.50  0000
   36  -0.100  5113 56846788  461.467  199.355  42.581  125.938  -8.39  -1.57  0000
   37  -0.067  4698 56846789  463.073  195.630  43.336  124.882  -8.12  -1.30  0000
   38  -0.033  4586 56846790  463.847  193.448  43.742  124.259  -8.22  -1.40  0000
   39   0.000  6616 56846791  462.593  189.882  43.756  122.940  -8.34  -1.52  0000
   40   0.033  2589 56846792  464.346  186.255  44.582  122.012  -7.51  -0.69  0000
