#
#   version : 20090611
#    num_fr : 13
#      time : 20130424 09:18:54.977 UTC
#      unix : 1366795134.977442
#       ntp : LOCK -18 222921 395
#       seq : 228986314
#       mul : 0 [A]
#      site : 01
#    latlon : 45.5749 -94.3965 370.0
#      text : Collegeville
#     label : 
#     plate : metal_20100816_20100506-404-gd3
#      geom : 640 480
#    reject : 0
#
#  fr    time   sum     seq       cx       cy      th      phi    lsp    mag  flag
   30  -0.200  3229 228986308  461.352  361.078  50.249 -179.566  -7.46  -0.64  0000
   31  -0.167  4619 228986309  463.167  362.909  50.973 -179.437  -7.99  -1.17  0000
   32  -0.133  4393 228986310  464.540  364.836  51.611 -179.211  -8.33  -1.51  0000
   33  -0.100  4444 228986311  464.331  365.303  51.640 -179.062  -8.68  -1.86  0000
   34  -0.067  5183 228986312  464.831  366.781  52.004 -178.796  -8.63  -1.81  0000
   35  -0.033  6948 228986313  466.156  369.026  52.690 -178.498  -8.69  -1.87  0000
   36   0.000  6981 228986314  465.919  370.144  52.825 -178.196  -8.67  -1.85  0000
   37   0.033  5848 228986315  467.620  372.108  53.554 -178.038  -8.77  -1.95  0000
   38   0.067  5294 228986316  468.126  372.618  53.758 -178.009  -8.78  -1.96  0000
   39   0.100  5017 228986317  469.674  375.030  54.532 -177.730  -8.66  -1.84  0000
   40   0.133  5004 228986318  469.504  376.299  54.714 -177.416  -8.81  -1.99  0000
   41   0.167  4676 228986319  470.860  378.085  55.339 -177.253  -8.60  -1.78  0000
   42   0.200  3126 228986320  471.553  378.824  55.628 -177.208  -8.13  -1.31  0000
