#
#   version : 20090611
#    num_fr : 13
#      time : 20101214 06:00:39.635 UTC
#      unix : 1292306439.635548
#       ntp : LOCK 8504 451751 3139
#       seq : 34864664
#       mul : 0 [A]
#      site : 01
#    latlon : 45.5749 -94.3965 370.0
#      text : Collegeville
#     label : 
#     plate : metal_20100816_20100506-404-gd3
#      geom : 640 480
#    reject : 0
#
#  fr    time   sum     seq       cx       cy      th      phi    lsp    mag  flag
   30  -0.267  1674 34864656  284.406  428.085  47.874 -116.718  -6.21  -6.21  0000
   31  -0.234  1851 34864657  284.380  428.955  48.115 -116.750  -6.68  -6.68  0000
   32  -0.200  2105 34864658  286.081  430.595  48.493 -117.362  -6.87  -6.87  0000
   33  -0.167  2159 34864659  286.312  431.532  48.743 -117.474  -6.53  -6.53  0000
   34  -0.133  2103 34864660  288.122  432.693  48.991 -118.089  -6.78  -6.78  0000
   35  -0.100  2174 34864661  287.750  434.987  49.644 -118.059  -6.80  -6.80  0000
   38   0.000  2636 34864664  291.285  440.086  50.940 -119.314  -7.32  -7.32  0000
   39   0.033  2409 34864665  291.679  441.144  51.224 -119.464  -7.14  -7.14  0000
   40   0.067  2206 34864666  292.895  442.809  51.653 -119.875  -7.13  -7.13  0000
   41   0.100  2125 34864667  294.389  444.367  52.048 -120.360  -6.62  -6.62  0000
   42   0.133  2324 34864668  294.645  446.512  52.647 -120.485  -6.96  -6.96  0000
   43   0.167  2218 34864669  295.585  447.023  52.766 -120.773  -6.93  -6.93  0000
   44   0.200  1636 34864670  296.413  448.268  53.097 -121.041  -6.30  -6.30  0000
