#
#   version : 20090611
#    num_fr : 24
#      time : 20101214 07:39:37.398 UTC
#      unix : 1292312377.398811
#       ntp : LOCK -6170 314813 3886
#       seq : 35042618
#       mul : 0 [A]
#      site : 01
#    latlon : 45.5749 -94.3965 370.0
#      text : Collegeville
#     label : 
#     plate : metal_20100816_20100506-404-gd3
#      geom : 640 480
#    reject : 0
#
#  fr    time   sum     seq       cx       cy      th      phi    lsp    mag  flag
   29  -0.501  1983 35042603  455.599   90.454  58.130   96.662  -6.17  -6.17  0000
   30  -0.467  2348 35042604  455.705   89.096  58.437   96.437  -6.39  -6.39  0000
   31  -0.434  2490 35042605  458.610   88.732  59.095   96.950  -6.55  -6.55  0000
   32  -0.400  2761 35042606  459.835   87.527  59.595   96.974  -6.87  -6.87  0000
   33  -0.367  2857 35042607  460.130   86.870  59.793   96.914  -7.31  -7.31  0000
   34  -0.334  3498 35042608  461.260   85.836  60.239   96.951  -7.65  -7.65  0000
   35  -0.300  3571 35042609  462.267   84.990  60.621   96.996  -7.96  -7.96  0000
   36  -0.267  4164 35042610  462.710   84.804  60.750   97.048  -7.88  -7.88  0000
   37  -0.234  4479 35042611  464.736   83.631  61.409   97.229  -8.03  -8.03  0000
   38  -0.200  4020 35042612  465.405   82.645  61.754   97.184  -8.13  -8.13  0000
   39  -0.167  4732 35042613  466.603   81.986  62.138   97.294  -8.39  -8.39  0000
   40  -0.133  4293 35042614  467.056   81.281  62.380   97.257  -8.22  -8.22  0000
   41  -0.100  4683 35042615  468.345   80.301  62.852   97.329  -8.32  -8.32  0000
   42  -0.067  4659 35042616  469.046   79.671  63.129   97.350  -8.30  -8.30  0000
   43  -0.033  4365 35042617  470.167   78.789  63.547   97.406  -7.84  -7.84  0000
   44   0.000  4988 35042618  471.782   77.731  64.106   97.521  -8.50  -8.50  0000
   45   0.033  4599 35042619  471.923   77.315  64.223   97.477  -8.26  -8.26  0000
   46   0.067  4111 35042620  473.508   76.209  64.787   97.577  -7.83  -7.83  0000
   47   0.100  3708 35042621  473.989   75.875  64.958   97.607  -7.55  -7.55  0000
   48   0.133  3209 35042622  476.225   75.611  65.482   97.961  -7.12  -7.12  0000
   49   0.167  2727 35042623  476.989   74.711  65.833   97.946  -6.54  -6.54  0000
   50   0.200  3083 35042624  478.722   72.964  66.569   97.960  -7.06  -7.06  0000
   51   0.234  4092 35042625  479.222   72.800  66.709   98.020  -7.79  -7.79  0000
   52   0.267  3381 35042626  478.844   71.979  66.805   97.819  -7.18  -7.18  0000
