#
#   version : 20090611
#    num_fr : 25
#      time : 20101214 08:51:29.694 UTC
#      unix : 1292316689.694988
#       ntp : LOCK -9284 430731 3247
#       seq : 35171857
#       mul : 0 [A]
#      site : 01
#    latlon : 45.5749 -94.3965 370.0
#      text : Collegeville
#     label : 
#     plate : metal_20100816_20100506-404-gd3
#      geom : 640 480
#    reject : 0
#
#  fr    time   sum     seq       cx       cy      th      phi    lsp    mag  flag
   29  -0.500  2277 35171842  145.534  155.165  52.309   -7.865  -6.63  -6.63  0000
   30  -0.467  2629 35171843  143.577  154.162  52.948   -7.904  -7.15  -7.15  0000
   31  -0.434  2954 35171844  142.985  153.461  53.196   -7.816  -7.56  -7.56  0000
   32  -0.400  3437 35171845  141.835  151.784  53.724   -7.571  -7.96  -7.96  0000
   33  -0.367  4002 35171846  141.480  151.272  53.886   -7.498  -8.21  -8.21  0000
   34  -0.334  4399 35171847  139.689  149.351  54.615   -7.294  -8.31  -8.31  0000
   35  -0.300  4610 35171848  139.157  148.769  54.833   -7.231  -8.41  -8.41  0000
   36  -0.267  4713 35171849  137.732  147.230  55.417   -7.072  -8.45  -8.45  0000
   37  -0.234  5727 35171850  136.706  145.914  55.868   -6.910  -8.79  -8.79  0000
   38  -0.200  5231 35171851  135.762  144.959  56.247   -6.823  -8.66  -8.66  0000
   39  -0.167  5305 35171852  135.038  143.944  56.579   -6.692  -8.73  -8.73  0000
   40  -0.133  5444 35171853  134.466  143.179  56.837   -6.598  -8.78  -8.78  0000
   41  -0.100  5620 35171854  133.020  141.737  57.418   -6.475  -8.67  -8.67  0000
   42  -0.067  6362 35171855  131.540  140.257  58.015   -6.352  -8.79  -8.79  0000
   43  -0.033  5484 35171856  130.995  139.537  58.261   -6.267  -8.56  -8.56  0000
   44   0.000  6637 35171857  129.755  137.805  58.836   -6.058  -8.91  -8.91  0000
   45   0.033  5647 35171858  129.139  136.969  59.119   -5.961  -8.57  -8.57  0000
   46   0.067  5268 35171859  127.817  135.631  59.659   -5.855  -8.52  -8.52  0000
   47   0.100  5670 35171860  127.072  134.619  60.003   -5.740  -8.65  -8.65  0000
   48   0.133  6423 35171861  125.790  133.269  60.537   -5.629  -8.81  -8.81  0000
   49   0.167  5579 35171862  125.240  132.386  60.813   -5.517  -8.64  -8.64  0000
   50   0.200  4709 35171863  124.835  131.635  61.032   -5.414  -8.22  -8.22  0000
   51   0.234  4434 35171864  123.260  130.388  61.629   -5.371  -7.90  -7.90  0000
   52   0.267  3710 35171865  122.892  129.650  61.837   -5.267  -7.39  -7.39  0000
   53   0.300  3028 35171866  121.218  128.769  62.405   -5.316  -6.70  -6.70  0000
