#
#   version : 20090611
#    num_fr : 30
#      time : 20101214 03:17:32.713 UTC
#      unix : 1292296652.713480
#       ntp : LOCK -359 150497 748
#       seq : 34571351
#       mul : 0 [A]
#      site : 01
#    latlon : 45.5749 -94.3965 370.0
#      text : Collegeville
#     label : 
#     plate : metal_20100816_20100506-404-gd3
#      geom : 640 480
#    reject : 0
#
#  fr    time   sum     seq       cx       cy      th      phi    lsp    mag  flag
   30  -0.667  2123 34571331  448.913  312.592  40.468  168.344  -5.99  -5.99  0000
   31  -0.634  2346 34571332  450.710  314.666  41.158  168.774  -6.31  -6.31  0000
   32  -0.601  2318 34571333  451.934  316.147  41.637  169.082  -6.32  -6.32  0000
   33  -0.567  2843 34571334  452.215  317.214  41.831  169.392  -6.87  -6.87  0000
   34  -0.534  2927 34571335  455.037  318.610  42.710  169.419  -7.19  -7.19  0000
   35  -0.501  3022 34571336  455.294  320.096  42.949  169.858  -7.21  -7.21  0000
   36  -0.467  3298 34571337  456.735  322.017  43.542  170.248  -7.61  -7.61  0000
   37  -0.434  4144 34571338  458.304  323.468  44.114  170.464  -8.07  -8.07  0000
   38  -0.400  4333 34571339  459.660  325.037  44.647  170.743  -8.20  -8.20  0000
   39  -0.367  4264 34571340  460.863  326.744  45.161  171.081  -8.21  -8.21  0000
   40  -0.334  4818 34571341  462.418  328.618  45.787  171.408  -8.45  -8.45  0000
   41  -0.300  5135 34571342  462.705  329.789  46.007  171.712  -8.66  -8.66  0000
   42  -0.267  5225 34571343  465.348  331.091  46.838  171.697  -8.75  -8.75  0000
   43  -0.234  5731 34571344  466.079  332.966  47.262  172.129  -8.87  -8.87  0000
   44  -0.200  6277 34571345  466.894  335.037  47.736  172.597  -8.96  -8.96  0000
   45  -0.167  6201 34571346  468.756  336.076  48.340  172.611  -8.89  -8.89  0000
   46  -0.133  6088 34571347  469.555  337.170  48.685  172.797  -9.14  -9.14  0000
   47  -0.100  6833 34571348  470.910  339.437  49.327  173.220  -9.15  -9.15  0000
   48  -0.067  6363 34571349  471.666  340.488  49.658  173.393  -9.05  -9.05  0000
   49  -0.033  6960 34571350  472.670  342.143  50.134  173.690  -9.17  -9.17  0000
   50   0.000  7283 34571351  474.617  344.047  50.883  173.908  -9.22  -9.22  0000
   51   0.033  6661 34571352  475.412  345.330  51.259  174.127  -9.21  -9.21  0000
   52   0.067  6391 34571353  476.578  346.755  51.749  174.327  -8.88  -8.88  0000
   53   0.100  6201 34571354  478.048  348.159  52.314  174.473  -8.80  -8.80  0000
   54   0.133  5435 34571355  478.820  349.112  52.641  174.603  -8.77  -8.77  0000
   55   0.167  5495 34571356  479.343  350.642  52.989  174.913  -8.67  -8.67  0000
   56   0.200  4878 34571357  480.928  352.459  53.646  175.136  -8.47  -8.47  0000
   57   0.234  3272 34571358  481.683  354.009  54.058  175.409  -7.58  -7.58  0000
   58   0.267  3649 34571359  482.572  355.097  54.438  175.547  -7.43  -7.43  0000
   59   0.300  3670 34571360  484.281  356.667  55.095  175.681  -7.82  -7.82  0000
