#
#   version : 20090611
#    num_fr : 14
#      time : 20101214 04:27:07.536 UTC
#      unix : 1292300827.536648
#       ntp : LOCK -2791 185745 1000
#       seq : 34696470
#       mul : 0 [A]
#      site : 01
#    latlon : 45.5749 -94.3965 370.0
#      text : Collegeville
#     label : 
#     plate : metal_20100816_20100506-404-gd3
#      geom : 640 480
#    reject : 0
#
#  fr    time   sum     seq       cx       cy      th      phi    lsp    mag  flag
   30  -0.234  2566 34696463  408.690  184.300  31.107  110.586  -6.63  -6.63  0000
   31  -0.200  2709 34696464  409.066  184.612  31.147  110.815  -6.95  -6.95  0000
   32  -0.167  3363 34696465  412.194  185.103  31.797  111.843  -7.58  -7.58  0000
   33  -0.133  3623 34696466  412.200  185.967  31.675  112.192  -7.48  -7.48  0000
   34  -0.100  3583 34696467  415.304  186.962  32.264  113.372  -7.80  -7.80  0000
   35  -0.067  3361 34696468  418.253  187.865  32.842  114.438  -7.89  -7.89  0000
   36  -0.033  3622 34696469  420.260  188.536  33.235  115.165  -7.88  -7.88  0000
   37   0.000  4092 34696470  422.150  190.240  33.475  116.260  -8.09  -8.09  0000
   38   0.033  3604 34696471  424.012  190.285  33.923  116.675  -7.99  -7.99  0000
   39   0.067  3837 34696472  425.939  191.543  34.243  117.569  -7.91  -7.91  0000
   40   0.100  3183 34696473  428.514  192.235  34.797  118.351  -7.84  -7.84  0000
   41   0.133  3242 34696474  431.126  193.634  35.288  119.390  -7.57  -7.57  0000
   42   0.167  3104 34696475  433.557  194.624  35.790  120.211  -7.57  -7.57  0000
   43   0.200  2474 34696476  434.294  195.591  35.872  120.713  -6.86  -6.86  0000
