#
#   version : 20090611
#    num_fr : 12
#      time : 20101214 04:23:09.831 UTC
#      unix : 1292300589.831483
#       ntp : LOCK -589 585610 676
#       seq : 34689346
#       mul : 0 [A]
#      site : 01
#    latlon : 45.5749 -94.3965 370.0
#      text : Collegeville
#     label : 
#     plate : metal_20100816_20100506-404-gd3
#      geom : 640 480
#    reject : 0
#
#  fr    time   sum     seq       cx       cy      th      phi    lsp    mag  flag
   30  -0.434  1679 34689333  217.011  381.130  43.270  -89.411  -5.97  -5.97  0000
   31  -0.400  1849 34689334  216.032  382.090  43.650  -89.328  -6.11  -6.11  0000
   33  -0.334  1977 34689336  214.979  384.596  44.387  -89.539  -6.03  -6.03  0000
   34  -0.300  2116 34689337  213.843  386.646  45.037  -89.630  -6.22  -6.22  0000
   37  -0.200  2295 34689340  209.380  390.885  46.751  -89.244  -6.77  -6.77  0000
   38  -0.167  2357 34689341  208.451  391.857  47.129  -89.184  -6.88  -6.88  0000
   39  -0.133  2171 34689342  207.397  393.311  47.637  -89.184  -6.78  -6.78  0000
   40  -0.100  2203 34689343  206.247  394.709  48.150  -89.148  -6.73  -6.73  0000
   41  -0.067  2231 34689344  205.269  395.971  48.603  -89.132  -6.72  -6.72  0000
   42  -0.033  2443 34689345  204.758  396.837  48.887  -89.162  -7.01  -7.01  0000
   43   0.000  3465 34689346  203.980  398.767  49.456  -89.318  -7.95  -7.95  0000
   44   0.033  2856 34689347  202.807  400.247  49.995  -89.291  -7.16  -7.16  0000
