#
#   version : 20090611
#    num_fr : 17
#      time : 20101214 02:07:26.190 UTC
#      unix : 1292292446.190512
#       ntp : LOCK 610 620811 995
#       seq : 34445282
#       mul : 0 [A]
#      site : 01
#    latlon : 45.5749 -94.3965 370.0
#      text : Collegeville
#     label : 
#     plate : metal_20100816_20100506-404-gd3
#      geom : 640 480
#    reject : 0
#
#  fr    time   sum     seq       cx       cy      th      phi    lsp    mag  flag
   30  -0.467  3051 34445268  311.403  121.728  33.597   53.377  -6.61  -6.61  0000
   31  -0.434  3163 34445269  313.955  122.804  33.310   54.569  -6.72  -6.72  0000
   32  -0.400  2857 34445270  315.472  124.488  32.867   55.304  -6.70  -6.70  0000
   33  -0.367  2949 34445271  315.096  125.621  32.560   55.144  -6.69  -6.69  0000
   34  -0.334  2646 34445272  317.560  126.150  32.442   56.330  -6.08  -6.08  0000
   35  -0.300  3429 34445273  318.152  127.956  31.966   56.664  -7.15  -7.15  0000
   36  -0.267  3318 34445274  320.365  128.838  31.767   57.767  -7.13  -7.13  0000
   37  -0.234  3466 34445275  320.292  130.000  31.455   57.775  -7.39  -7.39  0000
   38  -0.200  3653 34445276  321.586  131.834  30.993   58.490  -7.67  -7.67  0000
   39  -0.167  3773 34445277  322.677  132.772  30.769   59.079  -7.59  -7.59  0000
   40  -0.133  4280 34445278  324.405  134.410  30.382   60.038  -8.07  -8.07  0000
   41  -0.100  4351 34445279  326.246  135.838  30.062   61.063  -8.27  -8.27  0000
   42  -0.067  5184 34445280  326.926  136.404  29.936   61.450  -8.39  -8.39  0000
   43  -0.033  4678 34445281  328.332  137.593  29.676   62.261  -8.44  -8.44  0000
   44   0.000  5387 34445282  329.004  139.636  29.166   62.777  -8.45  -8.45  0000
   45   0.033  4210 34445283  330.980  140.956  28.909   63.932  -8.06  -8.06  0000
   46   0.067  3411 34445284  332.841  141.909  28.753   65.008  -7.29  -7.29  0000
