#
#   version : 20090611
#    num_fr : 12
#      time : 20101214 06:02:22.872 UTC
#      unix : 1292306542.872638
#       ntp : LOCK 8453 501751 3139
#       seq : 34867758
#       mul : 0 [A]
#      site : 01
#    latlon : 45.5749 -94.3965 370.0
#      text : Collegeville
#     label : 
#     plate : metal_20100816_20100506-404-gd3
#      geom : 640 480
#    reject : 0
#
#  fr    time   sum     seq       cx       cy      th      phi    lsp    mag  flag
   29  -0.200  2493 34867752  401.608   91.781  48.500   83.974  -6.19  -6.19  0000
   30  -0.167  2738 34867753  405.075   91.114  49.163   84.828  -6.89  -6.89  0000
   31  -0.133  3735 34867754  406.015   90.724  49.394   85.021  -7.76  -7.76  0000
   32  -0.100  4432 34867755  408.050   89.986  49.873   85.452  -8.25  -8.25  0000
   33  -0.067  4811 34867756  408.801   89.611  50.075   85.592  -8.50  -8.50  0000
   34  -0.033  5664 34867757  411.097   89.115  50.541   86.120  -8.78  -8.78  0000
   35   0.000  5842 34867758  412.079   88.731  50.783   86.315  -8.86  -8.86  0000
   36   0.033  5593 34867759  413.940   87.700  51.314   86.630  -8.75  -8.75  0000
   37   0.067  5298 34867760  415.814   87.513  51.651   87.081  -8.67  -8.67  0000
   38   0.100  4304 34867761  416.891   87.207  51.893   87.304  -8.27  -8.27  0000
   39   0.133  3195 34867762  418.384   86.187  52.370   87.513  -7.29  -7.29  0000
   41   0.200  2116 34867764  422.024   85.092  53.213   88.235  -6.20  -6.20  0000
