#
#   version : 20090611
#    num_fr : 12
#      time : 20101214 07:36:08.455 UTC
#      unix : 1292312168.455691
#       ntp : LOCK -6246 214813 3886
#       seq : 35036356
#       mul : 0 [A]
#      site : 01
#    latlon : 45.5749 -94.3965 370.0
#      text : Collegeville
#     label : 
#     plate : metal_20100816_20100506-404-gd3
#      geom : 640 480
#    reject : 0
#
#  fr    time   sum     seq       cx       cy      th      phi    lsp    mag  flag
   29  -0.200  1884 35036350  160.793  363.127  51.371  -72.314  -6.28  -6.28  0000
   30  -0.167  1601 35036351  161.010  363.444  51.372  -72.428  -6.24  -6.24  0000
   31  -0.133  2039 35036352  159.813  364.023  51.752  -72.353  -6.57  -6.57  0000
   32  -0.100  2132 35036353  158.978  364.941  52.103  -72.422  -7.06  -7.06  0000
   33  -0.067  2570 35036354  158.830  365.461  52.225  -72.518  -7.28  -7.28  0000
   34  -0.033  2665 35036355  157.890  366.579  52.636  -72.613  -7.29  -7.29  0000
   35   0.000  3052 35036356  156.587  367.295  53.066  -72.551  -7.60  -7.60  0000
   36   0.033  2990 35036357  155.890  368.160  53.377  -72.629  -7.58  -7.58  0000
   37   0.067  2957 35036358  154.985  368.750  53.692  -72.608  -7.44  -7.44  0000
   38   0.100  2426 35036359  153.962  369.909  54.131  -72.695  -6.86  -6.86  0000
   39   0.133  2345 35036360  153.292  370.634  54.414  -72.744  -6.99  -6.99  0000
   40   0.167  1811 35036361  152.606  371.385  54.705  -72.795  -6.23  -6.23  0000
