#
#   version : 20090611
#    num_fr : 22
#      time : 20101214 05:58:18.827 UTC
#      unix : 1292306298.827363
#       ntp : LOCK 8577 381751 3139
#       seq : 34860444
#       mul : 0 [A]
#      site : 01
#    latlon : 45.5749 -94.3965 370.0
#      text : Collegeville
#     label : 
#     plate : metal_20100816_20100506-404-gd3
#      geom : 640 480
#    reject : 0
#
#  fr    time   sum     seq       cx       cy      th      phi    lsp    mag  flag
   30  -0.501  2294 34860429  208.958   91.071  50.906   19.492  -6.67  -6.67  0000
   31  -0.467  2422 34860430  208.437   89.869  51.271   19.552  -6.68  -6.68  0000
   32  -0.434  2581 34860431  209.123   89.437  51.262   19.799  -6.91  -6.91  0000
   33  -0.400  2728 34860432  209.527   88.639  51.386   20.032  -7.16  -7.16  0000
   34  -0.367  2706 34860433  209.999   87.706  51.531   20.302  -7.29  -7.29  0000
   35  -0.334  3138 34860434  210.642   86.572  51.699   20.647  -7.54  -7.54  0000
   36  -0.300  3739 34860435  209.663   85.090  52.205   20.622  -7.85  -7.85  0000
   37  -0.267  3894 34860436  210.172   84.497  52.267   20.845  -7.97  -7.97  0000
   38  -0.234  3871 34860437  210.770   83.417  52.432   21.163  -8.02  -8.02  0000
   39  -0.200  4246 34860438  210.560   82.247  52.745   21.285  -8.24  -8.24  0000
   40  -0.167  4079 34860439  210.449   80.958  53.072   21.448  -8.25  -8.25  0000
   41  -0.133  4808 34860440  211.008   79.993  53.219   21.733  -8.52  -8.52  0000
   42  -0.100  4373 34860441  211.313   79.288  53.344   21.914  -8.30  -8.30  0000
   43  -0.067  4570 34860442  211.502   78.004  53.627   22.148  -8.47  -8.47  0000
   44  -0.033  4390 34860443  211.389   77.186  53.843   22.236  -8.36  -8.36  0000
   45   0.000  4853 34860444  211.491   75.339  54.278   22.523  -8.44  -8.44  0000
   46   0.033  4799 34860445  211.714   74.776  54.383   22.658  -8.49  -8.49  0000
   47   0.067  4782 34860446  211.789   73.615  54.657   22.838  -8.43  -8.43  0000
   48   0.100  4409 34860447  212.069   72.537  54.881   23.056  -8.43  -8.43  0000
   49   0.133  3981 34860448  211.812   71.338  55.214   23.154  -8.16  -8.16  0000
   50   0.167  3408 34860449  212.939   70.105  55.354   23.603  -7.56  -7.56  0000
   51   0.200  2279 34860450  212.914   69.950  55.397   23.617  -6.31  -6.31  0000
