#
#   version : 20090611
#    num_fr : 13
#      time : 20101214 04:56:09.751 UTC
#      unix : 1292302569.751274
#       ntp : LOCK -1422 588076 1045
#       seq : 34748684
#       mul : 0 [A]
#      site : 01
#    latlon : 45.5749 -94.3965 370.0
#      text : Collegeville
#     label : 
#     plate : metal_20100816_20100506-404-gd3
#      geom : 640 480
#    reject : 0
#
#  fr    time   sum     seq       cx       cy      th      phi    lsp    mag  flag
   30  -0.167  3067 34748679  173.246   40.950  68.989   18.539  -6.36  -6.36  0000
   31  -0.133  2809 34748680  173.111   40.538  69.116   18.563  -6.46  -6.46  0000
   32  -0.100  3303 34748681  173.137   39.928  69.263   18.643  -6.76  -6.76  0000
   33  -0.067  3519 34748682  173.210   39.682  69.312   18.687  -7.09  -7.09  0000
   34  -0.033  3385 34748683  173.894   38.897  69.388   18.917  -7.03  -7.03  0000
   35   0.000  3593 34748684  174.019   38.804  69.389   18.953  -6.84  -6.84  0000
   36   0.033  3426 34748685  174.501   37.960  69.517   19.150  -7.02  -7.02  0000
   37   0.067  2826 34748686  174.531   37.577  69.608   19.202  -6.44  -6.44  0000
   38   0.100  3475 34748687  174.630   35.962  69.998   19.414  -6.84  -6.84  0000
   39   0.133  2536 34748688  174.739   35.740  70.035   19.461  -6.46  -6.46  0000
   40   0.167  3165 34748689  174.475   35.621  70.111   19.424  -6.43  -6.43  0000
   41   0.200  3043 34748690  173.258   34.087  70.710   19.368  -6.37  -6.37  0000
   42   0.234  3105 34748691  173.349   33.643  70.806   19.437  -6.39  -6.39  0000
