#
#   version : 20090611
#    num_fr : 39
#      time : 20101214 02:55:30.686 UTC
#      unix : 1292295330.686427
#       ntp : LOCK 255 502172 818
#       seq : 34531730
#       mul : 0 [A]
#      site : 01
#    latlon : 45.5749 -94.3965 370.0
#      text : Collegeville
#     label : 
#     plate : metal_20100816_20100506-404-gd3
#      geom : 640 480
#    reject : 0
#
#  fr    time   sum     seq       cx       cy      th      phi    lsp    mag  flag
   30  -0.767  2166 34531707  167.686  175.698  43.972  -10.119  -5.80  -5.80  0000
   31  -0.734  2431 34531708  167.485  177.021  43.860  -10.558  -6.32  -6.32  0000
   32  -0.701  2825 34531709  167.445  177.330  43.833  -10.660  -6.42  -6.42  0000
   33  -0.667  2616 34531710  166.976  177.990  43.874  -10.938  -6.74  -6.74  0000
   34  -0.634  3275 34531711  168.031  179.762  43.392  -11.323  -7.08  -7.08  0000
   35  -0.601  3007 34531712  168.140  180.268  43.304  -11.464  -7.29  -7.29  0000
   36  -0.567  3539 34531713  167.894  181.924  43.175  -12.025  -7.63  -7.63  0000
   37  -0.534  3538 34531714  167.335  182.885  43.210  -12.416  -7.81  -7.81  0000
   38  -0.501  4120 34531715  167.165  183.885  43.142  -12.760  -7.95  -7.95  0000
   39  -0.467  4573 34531716  168.405  185.021  42.692  -12.937  -8.27  -8.27  0000
   40  -0.434  4578 34531717  168.063  186.022  42.671  -13.312  -8.28  -8.28  0000
   41  -0.400  5215 34531718  167.640  187.949  42.574  -14.000  -8.71  -8.71  0000
   42  -0.367  4779 34531719  167.539  188.668  42.525  -14.250  -8.31  -8.31  0000
   43  -0.334  5939 34531720  167.519  189.810  42.412  -14.627  -8.83  -8.83  0000
   44  -0.300  5998 34531721  167.475  190.621  42.340  -14.900  -8.83  -8.83  0000
   45  -0.267  5304 34531722  167.965  192.006  42.070  -15.291  -8.54  -8.54  0000
   46  -0.234  5396 34531723  167.616  194.009  41.965  -16.008  -8.76  -8.76  0000
   47  -0.200  5546 34531724  167.683  194.957  41.856  -16.318  -8.63  -8.63  0000
   48  -0.167  5522 34531725  167.805  196.016  41.723  -16.660  -8.68  -8.68  0000
   49  -0.133  5855 34531726  168.093  197.765  41.485  -17.218  -8.79  -8.79  0000
   50  -0.100  5920 34531727  167.789  199.788  41.385  -17.950  -8.87  -8.87  0000
   51  -0.067  5810 34531728  167.794  200.592  41.313  -18.227  -8.65  -8.65  0000
   52  -0.033  6275 34531729  167.843  201.539  41.218  -18.549  -9.03  -9.03  0000
   53   0.000  6330 34531730  168.233  203.341  40.962  -19.130  -9.02  -9.02  0000
   54   0.033  6273 34531731  168.278  204.671  40.842  -19.592  -8.93  -8.93  0000
   55   0.067  5606 34531732  168.062  206.524  40.754  -20.270  -8.66  -8.66  0000
   56   0.100  5732 34531733  168.600  208.159  40.484  -20.793  -8.80  -8.80  0000
   57   0.133  5525 34531734  168.273  209.469  40.477  -21.297  -8.75  -8.75  0000
   58   0.167  5352 34531735  168.536  210.798  40.310  -21.747  -8.73  -8.73  0000
   59   0.200  5432 34531736  168.723  212.627  40.133  -22.390  -8.67  -8.67  0000
   60   0.234  4360 34531737  168.829  214.539  39.979  -23.077  -8.30  -8.30  0000
   61   0.267  4038 34531738  168.440  216.160  39.984  -23.706  -8.17  -8.17  0000
   62   0.300  4291 34531739  168.843  218.136  39.756  -24.398  -8.22  -8.22  0000
   63   0.334  3919 34531740  169.239  220.101  39.536  -25.094  -8.13  -8.13  0000
   64   0.367  3687 34531741  169.240  221.895  39.441  -25.763  -7.96  -7.96  0000
   65   0.400  3554 34531742  169.398  223.106  39.336  -26.206  -7.52  -7.52  0000
   66   0.434  3853 34531743  168.988  224.401  39.388  -26.722  -7.73  -7.73  0000
   67   0.467  2622 34531744  169.954  226.362  39.031  -27.397  -6.87  -6.87  0000
   68   0.501  2634 34531745  170.615  228.147  38.772  -28.035  -6.47  -6.47  0000
