#
#   version : 20090611
#    num_fr : 16
#      time : 20101214 03:09:45.177 UTC
#      unix : 1292296185.177520
#       ntp : LOCK -376 411143 800
#       seq : 34557339
#       mul : 0 [A]
#      site : 01
#    latlon : 45.5749 -94.3965 370.0
#      text : Collegeville
#     label : 
#     plate : metal_20100816_20100506-404-gd3
#      geom : 640 480
#    reject : 0
#
#  fr    time   sum     seq       cx       cy      th      phi    lsp    mag  flag
   29  -0.434  2638 34557326  126.341  149.002  58.138   -9.064  -6.07  -6.07  0000
   31  -0.367  2627 34557328  126.238  150.413  57.976   -9.405  -6.63  -6.63  0000
   32  -0.334  3127 34557329  125.953  151.109  57.959   -9.604  -6.73  -6.73  0000
   33  -0.300  3320 34557330  125.058  151.803  58.105   -9.882  -6.76  -6.76  0000
   34  -0.267  3533 34557331  124.969  152.106  58.089   -9.964  -7.08  -7.08  0000
   35  -0.234  3133 34557332  124.255  152.786  58.191  -10.213  -7.00  -7.00  0000
   36  -0.200  3909 34557333  124.083  153.103  58.196  -10.309  -7.24  -7.24  0000
   37  -0.167  3575 34557334  123.547  153.831  58.246  -10.547  -7.05  -7.05  0000
   38  -0.133  3745 34557335  123.262  154.097  58.288  -10.645  -7.15  -7.15  0000
   39  -0.100  3861 34557336  122.503  155.193  58.352  -10.996  -7.14  -7.14  0000
   40  -0.067  3498 34557337  122.415  156.399  58.225  -11.290  -7.06  -7.06  0000
   41  -0.033  3681 34557338  122.243  156.698  58.234  -11.381  -7.44  -7.44  0000
   42   0.000  4082 34557339  122.028  157.151  58.236  -11.514  -7.78  -7.78  0000
   43   0.033  3877 34557340  121.417  157.814  58.319  -11.744  -7.78  -7.78  0000
   44   0.067  3203 34557341  121.133  158.223  58.345  -11.875  -7.38  -7.38  0000
   45   0.100  3447 34557342  121.006  159.105  58.273  -12.099  -6.75  -6.75  0000
