#
#   version : 20090611
#    num_fr : 14
#      time : 20101214 08:56:42.008 UTC
#      unix : 1292317002.008514
#       ntp : LOCK -9110 585731 3247
#       seq : 35181217
#       mul : 0 [A]
#      site : 01
#    latlon : 45.5749 -94.3965 370.0
#      text : Collegeville
#     label : 
#     plate : metal_20100816_20100506-404-gd3
#      geom : 640 480
#    reject : 0
#
#  fr    time   sum     seq       cx       cy      th      phi    lsp    mag  flag
   29  -0.334  1518 35181207  281.360  371.939  32.979 -111.504  -6.23  -6.23  0000
   30  -0.300  1873 35181208  281.290  372.620  33.161 -111.547  -6.59  -6.59  0000
   31  -0.267  2101 35181209  281.099  372.940  33.258 -111.496  -6.84  -6.84  0000
   32  -0.234  2275 35181210  280.827  373.927  33.534 -111.482  -7.06  -7.06  0000
   33  -0.200  2479 35181211  280.432  374.811  33.793 -111.403  -7.36  -7.36  0000
   34  -0.167  2492 35181212  280.599  375.265  33.899 -111.525  -7.33  -7.33  0000
   35  -0.133  2505 35181213  280.099  376.225  34.185 -111.409  -7.52  -7.52  0000
   36  -0.100  2320 35181214  279.388  377.105  34.465 -111.195  -7.32  -7.32  0000
   37  -0.067  2055 35181215  278.938  377.906  34.707 -111.088  -6.98  -6.98  0000
   38  -0.033  2321 35181216  278.953  378.767  34.931 -111.186  -7.27  -7.27  0000
   39   0.000  2600 35181217  279.133  379.209  35.033 -111.309  -7.50  -7.50  0000
   40   0.033  2061 35181218  278.236  380.185  35.353 -111.033  -7.09  -7.09  0000
   41   0.067  1999 35181219  277.834  381.369  35.692 -110.990  -6.85  -6.85  0000
   42   0.100  1509 35181220  277.029  382.048  35.928 -110.727  -6.08  -6.08  0000
