#
#   version : 20090611
#    num_fr : 13
#      time : 20101214 03:14:17.484 UTC
#      unix : 1292296457.484183
#       ntp : LOCK -370 546143 800
#       seq : 34565500
#       mul : 0 [A]
#      site : 01
#    latlon : 45.5749 -94.3965 370.0
#      text : Collegeville
#     label : 
#     plate : metal_20100816_20100506-404-gd3
#      geom : 640 480
#    reject : 0
#
#  fr    time   sum     seq       cx       cy      th      phi    lsp    mag  flag
   30  -0.267  2552 34565492  461.875   90.919  59.301   97.985  -6.10  -6.10  0000
   32  -0.200  2598 34565494  464.009   92.640  59.388   98.712  -6.43  -6.43  0000
   33  -0.167  2718 34565495  466.096   93.776  59.593   99.318  -6.44  -6.44  0000
   34  -0.133  2960 34565496  466.895   94.035  59.709   99.517  -6.70  -6.70  0000
   35  -0.100  2975 34565497  469.155   94.661  60.062  100.054  -6.65  -6.65  0000
   36  -0.067  3225 34565498  469.552   95.134  60.052  100.216  -6.80  -6.80  0000
   37  -0.033  3134 34565499  471.480   95.788  60.336  100.692  -7.36  -7.36  0000
   38   0.000  3618 34565500  472.341   96.798  60.322  101.039  -7.30  -7.30  0000
   39   0.033  3238 34565501  474.882   97.852  60.670  101.694  -7.20  -7.20  0000
   40   0.067  2959 34565502  476.664   98.507  60.935  102.133  -6.94  -6.94  0000
   41   0.100  3005 34565503  477.128   98.823  60.977  102.275  -6.94  -6.94  0000
   42   0.133  3170 34565504  479.133  100.422  61.117  102.930  -6.90  -6.90  0000
   44   0.200  2561 34565506  482.062  101.536  61.566  103.644  -6.21  -6.21  0000
