#
#   version : 20090611
#    num_fr : 17
#      time : 20101214 06:10:28.827 UTC
#      unix : 1292307028.827557
#       ntp : LOCK -3404 217160 5246
#       seq : 34882322
#       mul : 0 [A]
#      site : 01
#    latlon : 45.5749 -94.3965 370.0
#      text : Collegeville
#     label : 
#     plate : metal_20100816_20100506-404-gd3
#      geom : 640 480
#    reject : 0
#
#  fr    time   sum     seq       cx       cy      th      phi    lsp    mag  flag
   30  -0.434  1840 34882309  341.823  180.598  19.692   77.830  -5.98  -5.98  0000
   31  -0.400  1729 34882310  341.816  179.626  19.925   77.527  -6.25  -6.25  0000
   32  -0.367  2092 34882311  345.320  179.266  20.405   79.831  -6.68  -6.68  0000
   33  -0.334  2598 34882312  345.796  179.012  20.521   80.069  -7.23  -7.23  0000
   34  -0.300  3372 34882313  348.472  178.748  20.910   81.745  -7.74  -7.74  0000
   35  -0.267  3934 34882314  349.181  178.671  21.017   82.176  -8.24  -8.24  0000
   36  -0.234  4507 34882315  350.742  178.260  21.314   83.028  -8.48  -8.48  0000
   37  -0.200  5134 34882316  352.495  178.338  21.530   84.145  -8.69  -8.69  0000
   38  -0.167  5252 34882317  354.129  177.716  21.894   84.918  -8.71  -8.71  0000
   39  -0.133  6036 34882318  355.773  177.033  22.278   85.650  -8.99  -8.99  0000
   40  -0.100  6270 34882319  357.551  177.133  22.512   86.715  -9.01  -9.01  0000
   41  -0.067  6596 34882320  359.467  176.399  22.957   87.531  -9.07  -9.07  0000
   42  -0.033  6647 34882321  361.347  176.537  23.211   88.615  -9.11  -9.11  0000
   43   0.000  6686 34882322  362.937  175.881  23.599   89.228  -9.22  -9.22  0000
   44   0.033  5917 34882323  365.037  176.218  23.860   90.453  -8.93  -8.93  0000
   45   0.067  5429 34882324  366.425  175.635  24.207   90.945  -8.75  -8.75  0000
   46   0.100  2705 34882325  368.272  175.666  24.505   91.881  -7.47  -7.47  0000
