#
#   version : 20090611
#    num_fr : 35
#      time : 20140426 04:58:22.753 UTC
#      unix : 1398488302.753839
#       ntp : LOCK -613 326594 1287
#       seq : 84516288
#       mul : 0 [A]
#      site : 01
#    latlon : 45.5749 -94.3965 370.0
#      text : Collegeville
#     label : 
#     plate : metal_20100816_20100506-404-gd3
#      geom : 640 480
#    reject : 0
#
#  fr    time   sum     seq       cx       cy      th      phi    lsp    mag  flag
   29  -0.801  1456 84516264  235.170  408.784  47.095  -99.506  -5.80   1.02  0000
   30  -0.767  1516 84516265  238.110  409.150  46.815 -100.431  -6.06   0.76  0000
   31  -0.734  1609 84516266  238.080  408.992  46.778 -100.400  -6.27   0.55  0000
   33  -0.667  2016 84516268  240.933  409.845  46.644 -101.373  -6.74   0.08  0000
   34  -0.634  1934 84516269  241.645  410.086  46.620 -101.621  -6.51   0.31  0000
   35  -0.601  2115 84516270  243.559  410.279  46.444 -102.229  -6.71   0.11  0000
   36  -0.567  2124 84516271  244.455  410.653  46.436 -102.551  -6.61   0.21  0000
   37  -0.534  1811 84516272  246.405  411.198  46.355 -103.219  -6.54   0.28  0000
   38  -0.500  1756 84516273  246.834  411.164  46.299 -103.347  -6.73   0.09  0000
   39  -0.467  2104 84516274  249.147  411.734  46.193 -104.134  -6.68   0.14  0000
   40  -0.434  2298 84516275  249.350  411.865  46.205 -104.213  -7.05  -0.23  0000
   41  -0.400  2019 84516276  250.863  412.693  46.260 -104.782  -6.52   0.30  0000
   42  -0.367  2021 84516277  251.804  412.523  46.119 -105.057  -6.57   0.25  0000
   43  -0.334  2025 84516278  254.400  413.219  46.039 -105.954  -6.65   0.17  0000
   44  -0.300  1901 84516279  255.104  413.130  45.946 -106.167  -6.59   0.23  0000
   45  -0.267  2037 84516280  257.850  413.159  45.692 -107.047  -6.58   0.24  0000
   46  -0.234  1828 84516281  258.173  413.366  45.716 -107.173  -6.53   0.29  0000
   47  -0.200  1978 84516282  260.615  414.132  45.697 -108.036  -6.25   0.57  0000
   48  -0.167  1788 84516283  261.095  414.613  45.782 -108.238  -6.48   0.34  0000
   49  -0.133  2073 84516284  264.327  414.629  45.511 -109.288  -6.37   0.45  0000
   50  -0.100  2104 84516285  264.906  414.896  45.535 -109.501  -6.94  -0.12  0000
   51  -0.067  2143 84516286  265.673  415.306  45.582 -109.789  -6.65   0.17  0000
   52  -0.033  1932 84516287  267.631  415.595  45.505 -110.455  -6.90  -0.08  0000
   53   0.000  2424 84516288  268.356  415.090  45.315 -110.651  -7.01  -0.19  0000
   54   0.033  2143 84516289  271.045  416.210  45.418 -111.630  -6.98  -0.16  0000
   55   0.067  2115 84516290  271.899  416.236  45.365 -111.915  -6.98  -0.16  0000
   56   0.100  2165 84516291  273.839  416.062  45.185 -112.547  -6.76   0.06  0000
   57   0.133  1866 84516292  275.598  416.971  45.317 -113.198  -6.54   0.28  0000
   58   0.167  1982 84516293  276.649  416.989  45.256 -113.551  -6.57   0.25  0000
   59   0.200  1864 84516294  279.519  417.268  45.161 -114.531  -6.34   0.48  0000
   60   0.234  2005 84516295  280.071  417.295  45.138 -114.719  -6.56   0.26  0000
   61   0.267  1683 84516296  282.859  417.456  45.032 -115.669  -6.18   0.64  0000
   62   0.300  1630 84516297  283.018  418.013  45.176 -115.753  -6.17   0.65  0000
   63   0.334  1399 84516298  286.019  417.920  45.005 -116.765  -5.56   1.26  0000
   64   0.367  1837 84516299  286.187  418.111  45.050 -116.831  -6.06   0.76  0000
