#
#   version : 20090611
#    num_fr : 20
#      time : 20110807 05:08:18.651 UTC
#      unix : 1312693698.651010
#       ntp : LOCK 2800 346999 4471
#       seq : 9348719
#       mul : 0 [A]
#      site : 01
#    latlon : 45.5749 -94.3965 370.0
#      text : Collegeville
#     label : 
#     plate : metal_20100816_20100506-404-gd3
#      geom : 640 480
#    reject : 0
#
#  fr    time   sum     seq       cx       cy      th      phi    lsp    mag  flag
   30  -0.267  1613 9348711  552.436  172.335  70.289  126.933  -6.40   0.42  0000
   31  -0.234  2263 9348712  552.734  173.379  70.284  127.177  -7.14  -0.32  0000
   32  -0.200  2857 9348713  553.070  174.298  70.302  127.397  -7.45  -0.63  0000
   33  -0.167  3360 9348714  553.739  174.934  70.443  127.580  -7.80  -0.98  0000
   34  -0.133  4016 9348715  555.205  175.785  70.804  127.862  -8.31  -1.49  0000
   35  -0.100  4614 9348716  555.218  176.750  70.726  128.069  -8.52  -1.70  0000
   36  -0.067  4954 9348717  556.326  177.681  70.977  128.341  -8.64  -1.82  0000
   37  -0.033  4881 9348718  556.721  178.488  71.027  128.539  -8.64  -1.82  0000
   38   0.000  5676 9348719  557.146  179.460  71.074  128.774  -9.02  -2.20  0000
   39   0.033  5422 9348720  558.092  180.328  71.287  129.019  -8.81  -1.99  0000
   40   0.067  5010 9348721  558.797  180.982  71.445  129.203  -8.76  -1.94  0000
   41   0.100  4673 9348722  559.046  182.227  71.422  129.483  -8.53  -1.71  0000
   42   0.133  3825 9348723  559.823  183.219  71.579  129.742  -8.20  -1.38  0000
   43   0.167  3970 9348724  560.502  184.151  71.712  129.981  -8.23  -1.41  0000
   44   0.200  3268 9348725  561.113  185.249  71.813  130.251  -7.76  -0.94  0000
   45   0.234  2373 9348726  561.655  186.338  71.897  130.514  -7.21  -0.39  0000
   46   0.267  2439 9348727  562.601  187.330  72.111  130.779  -7.29  -0.47  0000
   47   0.300  2147 9348728  562.227  188.002  71.950  130.901  -6.81   0.01  0000
   48   0.334  2188 9348729  563.568  189.714  72.237  131.339  -6.81   0.01  0000
   49   0.367  2099 9348730  563.891  189.854  72.325  131.386  -6.79   0.03  0000
