#
#   version : 20090611
#    num_fr : 20
#      time : 20130506 09:08:46.192 UTC
#      unix : 1367831326.192456
#       ntp : LOCK 206 791198 226
#       seq : 260040659
#       mul : 0 [A]
#      site : 01
#    latlon : 45.5749 -94.3965 370.0
#      text : Collegeville
#     label : 
#     plate : metal_20100816_20100506-404-gd3
#      geom : 640 480
#    reject : 0
#
#  fr    time   sum     seq       cx       cy      th      phi    lsp    mag  flag
   29  -0.567  2231 260040642  398.636    1.830  71.837   73.171  -6.95  -0.13  0000
   30  -0.534  2416 260040643  398.604    2.438  71.661   73.212  -6.96  -0.14  0000
   31  -0.501  2499 260040644  401.273    2.633  71.887   73.795  -7.03  -0.21  0000
   32  -0.467  2889 260040645  403.879    3.253  71.994   74.395  -7.15  -0.33  0000
   33  -0.434  3128 260040646  404.220    3.295  72.020   74.471  -7.35  -0.53  0000
   34  -0.400  3103 260040647  406.390    4.025  72.057   74.987  -7.53  -0.71  0000
   35  -0.367  3244 260040648  408.769    4.485  72.200   75.524  -7.40  -0.58  0000
   36  -0.334  3333 260040649  410.173    4.588  72.335   75.825  -7.42  -0.60  0000
   37  -0.300  3367 260040650  412.006    5.367  72.334   76.274  -7.54  -0.72  0000
   38  -0.267  3168 260040651  414.802    5.986  72.500   76.906  -7.31  -0.49  0000
   39  -0.234  3147 260040652  415.309    6.099  72.531   77.020  -7.70  -0.88  0000
   40  -0.200  3403 260040653  418.652    6.656  72.796   77.756  -7.94  -1.12  0000
   41  -0.167  4617 260040654  418.818    7.580  72.560   77.875  -8.36  -1.54  0000
   42  -0.133  4285 260040655  420.749    8.198  72.638   78.326  -8.24  -1.42  0000
   43  -0.100  4202 260040656  423.678    8.772  72.866   78.974  -8.11  -1.29  0000
   44  -0.067  4266 260040657  424.049    9.628  72.680   79.131  -8.15  -1.33  0000
   45  -0.033  4311 260040658  426.301   10.353  72.786   79.655  -8.38  -1.56  0000
   46   0.000  4767 260040659  428.917   10.742  73.041   80.217  -8.43  -1.61  0000
   47   0.033  4665 260040660  429.087   11.566  72.840   80.334  -8.06  -1.24  0000
   48   0.067  3082 260040661  431.395   12.172  73.002   80.854  -7.45  -0.63  0000
