#
#   version : 20090611
#    num_fr : 13
#      time : 20130506 09:48:55.504 UTC
#      unix : 1367833735.504042
#       ntp : LOCK -63 458990 219
#       seq : 260112865
#       mul : 0 [A]
#      site : 01
#    latlon : 45.5749 -94.3965 370.0
#      text : Collegeville
#     label : 
#     plate : metal_20100816_20100506-404-gd3
#      geom : 640 480
#    reject : 0
#
#  fr    time   sum     seq       cx       cy      th      phi    lsp    mag  flag
   30  -0.033  4417 260112864  273.840   39.192  57.482   42.672  -7.11  -0.29  0000
   31   0.000  5366 260112865  276.800   38.928  57.399   43.494  -7.59  -0.77  0000
   32   0.033  3021 260112866  278.216   37.994  57.592   43.920  -7.32  -0.50  0000
   33   0.067  5230 260112867  281.055   37.892  57.488   44.703  -7.39  -0.57  0000
   34   0.100  3287 260112868  283.976   37.854  57.373   45.509  -7.38  -0.56  0000
   35   0.133  3853 260112869  288.702   36.621  57.547   46.848  -7.34  -0.52  0000
   37   0.200  3327 260112871  291.053   35.928  57.669   47.513  -7.49  -0.67  0000
   38   0.234  4321 260112872  294.187   35.720  57.639   48.382  -7.39  -0.57  0000
   39   0.267  3477 260112873  298.796   34.743  57.812   49.669  -7.78  -0.96  0000
   40   0.300  4575 260112874  301.462   34.729  57.769   50.404  -7.60  -0.78  0000
   41   0.334  4539 260112875  303.148   34.141  57.913   50.874  -7.71  -0.89  0000
   42   0.367  4514 260112876  306.307   34.073  57.896   51.745  -7.64  -0.82  0000
   43   0.400  5081 260112877  309.156   33.779  57.960   52.531  -6.37   0.45  0000
