#
#   version : 20090611
#    num_fr : 29
#      time : 20130506 08:17:52.101 UTC
#      unix : 1367828272.101484
#       ntp : LOCK 9 794123 220
#       seq : 259949129
#       mul : 0 [A]
#      site : 01
#    latlon : 45.5749 -94.3965 370.0
#      text : Collegeville
#     label : 
#     plate : metal_20100816_20100506-404-gd3
#      geom : 640 480
#    reject : 0
#
#  fr    time   sum     seq       cx       cy      th      phi    lsp    mag  flag
   30  -0.601  1745 259949111  275.752    2.893  67.863   44.492  -6.04   0.78  0000
   31  -0.567  2032 259949112  277.391    3.229  67.688   44.871  -6.17   0.65  0000
   32  -0.534  1868 259949113  280.560    2.896  67.649   45.632  -6.19   0.63  0000
   33  -0.501  1726 259949114  280.958    3.313  67.510   45.716  -5.98   0.84  0000
   34  -0.467  1783 259949115  283.513    3.335  67.403   46.325  -6.12   0.70  0000
   36  -0.400  2477 259949117  286.760    3.910  67.117   47.090  -6.83  -0.01  0000
   37  -0.367  2400 259949118  290.047    3.992  66.989   47.879  -6.63   0.19  0000
   38  -0.334  2287 259949119  290.826    4.016  66.959   48.066  -6.48   0.34  0000
   39  -0.300  2224 259949120  293.463    3.938  66.912   48.703  -6.55   0.27  0000
   40  -0.267  2424 259949121  295.854    4.574  66.667   49.273  -6.77   0.05  0000
   41  -0.234  2390 259949122  298.610    4.536  66.622   49.941  -6.85  -0.03  0000
   42  -0.200  2637 259949123  300.284    4.215  66.688   50.349  -6.79   0.03  0000
   43  -0.167  2536 259949124  302.214    5.089  66.400   50.812  -7.08  -0.26  0000
   44  -0.133  2432 259949125  304.853    5.354  66.289   51.454  -6.94  -0.12  0000
   45  -0.100  2730 259949126  305.493    5.774  66.158   51.609  -6.92  -0.10  0000
   46  -0.067  3044 259949127  308.297    6.088  66.042   52.294  -7.35  -0.53  0000
   47  -0.033  2884 259949128  311.600    6.631  65.868   53.104  -7.16  -0.34  0000
   48   0.000  3081 259949129  311.475    6.033  66.046   53.071  -7.13  -0.31  0000
   49   0.033  2686 259949130  315.620    6.943  65.779   54.092  -7.29  -0.47  0000
   50   0.067  2955 259949131  318.417    6.904  65.804   54.777  -7.20  -0.38  0000
   51   0.100  2306 259949132  318.593    8.036  65.471   54.833  -6.64   0.18  0000
   52   0.133  2464 259949133  321.565    8.332  65.410   55.569  -6.64   0.18  0000
   53   0.167  2097 259949134  324.327    8.636  65.356   56.254  -6.38   0.44  0000
   54   0.200  2221 259949135  325.954    9.535  65.117   56.671  -6.56   0.26  0000
   55   0.234  2218 259949136  328.678   10.330  64.933   57.360  -6.20   0.62  0000
   56   0.267  2666 259949137  331.681   10.644  64.907   58.110  -6.76   0.06  0000
   57   0.300  2490 259949138  333.256   10.029  65.128   58.484  -6.48   0.34  0000
   59   0.367  2280 259949140  337.937   11.881  64.722   59.692  -6.30   0.52  0000
   60   0.400  2153 259949141  341.926   12.611  64.648   60.701  -5.80   1.02  0000
