#
#   version : 20090611
#    num_fr : 16
#      time : 20100725 03:53:13.701 UTC
#      unix : 1280029993.701363
#       ntp : LOCK -5531 1128757 2904
#       seq : 23387269
#       mul : 0 [A]
#      site : 01
#    latlon : 45.5749 -94.3965 370.0
#      text : Collegeville
#     label : 
#     plate : metal 20090611
#      geom : 640 480
#    reject : 0
#
#  fr    time   sum     seq       cx       cy      th      phi    lsp    mag  flag
   30  -0.200  3134 23387263  426.057  460.945  67.790 -152.099  -6.35  -6.35  0000
   31  -0.167  4459 23387264  426.270  461.296  67.911 -152.109  -7.85  -7.85  0000
   32  -0.133  5667 23387265  426.361  461.642  68.012 -152.093  -8.42  -8.42  0000
   33  -0.100  6220 23387266  426.465  462.934  68.360 -151.985  -8.59  -8.59  0000
   34  -0.067  8063 23387267  426.317  463.084  68.378 -151.939  -9.28  -9.28  0000
   35  -0.033  8446 23387268  426.379  464.162  68.665 -151.845  -9.35  -9.35  0000
   36   0.000  8608 23387269  426.376  464.609  68.780 -151.800  -9.35  -9.35  0000
   37   0.033  7405 23387270  426.689  465.746  69.118 -151.754  -8.91  -8.91  0000
   38   0.067  6516 23387271  426.628  466.231  69.236 -151.694  -8.56  -8.56  0000
   39   0.100  5747 23387272  427.160  466.499  69.379 -151.780  -8.30  -8.30  0000
   40   0.133  5183 23387273  426.773  466.774  69.397 -151.672  -7.95  -7.95  0000
   41   0.167  4519 23387274  426.647  467.433  69.551 -151.581  -7.49  -7.49  0000
   42   0.200  4183 23387275  427.737  468.229  69.910 -151.732  -7.41  -7.41  0000
   43   0.234  4031 23387276  426.722  469.301  70.048 -151.417  -7.45  -7.45  0000
   44   0.267  5195 23387277  427.391  470.458  70.443 -151.446  -8.28  -8.28  0000
   45   0.300  2937 23387278  427.441  470.711  70.516 -151.433  -6.96  -6.96  0000
