#
#   version : 20090611
#    num_fr : 12
#      time : 20140107 03:59:07.374 UTC
#      unix : 1389067147.374636
#       ntp : LOCK 4671 608367 6004
#       seq : 344456800
#       mul : 0 [A]
#      site : 01
#    latlon : 45.5749 -94.3965 370.0
#      text : Collegeville
#     label : 
#     plate : metal_20100816_20100506-404-gd3
#      geom : 640 480
#    reject : 0
#
#  fr    time   sum     seq       cx       cy      th      phi    lsp    mag  flag
   30  -0.467  2139 344456786  451.094  240.593  37.560  140.470  -6.11   0.71  0000
   32  -0.400  1913 344456788  454.458  240.045  38.501  140.353  -5.98   0.84  0000
   34  -0.334  2183 344456790  457.325  241.569  39.271  141.022  -6.21   0.61  0000
   36  -0.267  2162 344456792  461.531  242.483  40.428  141.466  -6.20   0.62  0000
   37  -0.234  1919 344456793  463.053  242.859  40.848  141.637  -5.95   0.87  0000
   38  -0.200  1879 344456794  465.829  243.021  41.621  141.752  -5.88   0.94  0000
   39  -0.167  2041 344456795  466.582  243.094  41.831  141.793  -5.89   0.93  0000
   40  -0.133  1998 344456796  469.825  242.707  42.744  141.716  -6.05   0.77  0000
   43  -0.033  2476 344456799  474.669  244.731  44.083  142.503  -6.49   0.33  0000
   44   0.000  2567 344456800  475.940  244.355  44.445  142.392  -6.64   0.18  0000
   45   0.033  2404 344456801  477.994  244.833  45.020  142.583  -6.49   0.33  0000
   47   0.100  2099 344456803  480.933  246.068  45.841  143.032  -6.28   0.54  0000
