#
#   version : 20090611
#    num_fr : 29
#      time : 20120225 02:40:12.194 UTC
#      unix : 1330137612.194093
#       ntp : LOCK -407 928850 1376
#       seq : 84205046
#       mul : 0 [A]
#      site : 01
#    latlon : 45.5749 -94.3965 370.0
#      text : Collegeville
#     label : 
#     plate : metal_20100816_20100506-404-gd3
#      geom : 640 480
#    reject : 0
#
#  fr    time   sum     seq       cx       cy      th      phi    lsp    mag  flag
   30  -0.200  3721 84205040  489.187  130.030  58.313  110.710  -6.74   0.08  0000
   31  -0.167  2737 84205041  489.725  129.219  58.574  110.611  -6.89  -0.07  0000
   32  -0.133  3472 84205042  489.667  129.161  58.569  110.590  -6.99  -0.17  0000
   33  -0.100  3614 84205043  490.864  128.008  59.045  110.516  -7.06  -0.24  0000
   34  -0.067  3414 84205044  491.052  128.014  59.091  110.546  -6.81   0.01  0000
   35  -0.033  2679 84205045  491.171  127.135  59.260  110.372  -6.86  -0.04  0000
   36   0.000  4370 84205046  491.002  126.198  59.369  110.142  -6.79   0.03  0000
   37   0.033  3470 84205047  491.072  125.133  59.557  109.922  -6.54   0.28  0000
   38   0.067  3625 84205048  491.368  124.967  59.657  109.931  -6.21   0.61  0000
   39   0.100  3722 84205049  491.336  124.886  59.662  109.909  -6.72   0.10  0000
   40   0.133  4124 84205050  492.246  123.996  60.029  109.855  -6.81   0.01  0000
   41   0.167  2085 84205051  493.118  123.264  60.361  109.829  -6.90  -0.08  0000
   42   0.200  4158 84205052  493.294  123.107  60.429  109.822  -6.85  -0.03  0000
   43   0.234  4024 84205053  494.183  122.089  60.813  109.739  -6.68   0.14  0000
   44   0.267  3293 84205054  494.489  121.761  60.941  109.715  -7.28  -0.46  0000
   45   0.300  2219 84205055  494.784  121.401  61.073  109.683  -6.89  -0.07  0000
   46   0.334  4306 84205056  495.185  120.950  61.245  109.648  -6.85  -0.03  0000
   47   0.367  3904 84205057  496.888  120.065  61.808  109.715  -6.80   0.02  0000
   48   0.400  4251 84205058  497.049  119.796  61.891  109.683  -7.17  -0.35  0000
   49   0.434  3005 84205059  497.848  119.157  62.193  109.667  -6.80   0.02  0000
   50   0.467  3094 84205060  498.194  118.883  62.323  109.661  -5.97   0.85  0000
   51   0.501  2763 84205061  498.785  118.001  62.614  109.566  -6.64   0.18  0000
   52   0.534  2796 84205062  498.905  117.174  62.780  109.414  -6.85  -0.03  0000
   53   0.567  3467 84205063  499.671  116.967  63.003  109.483  -6.62   0.20  0000
   54   0.601  4114 84205064  497.451  115.861  62.643  108.932  -6.96  -0.14  0000
   55   0.634  4019 84205065  498.347  115.061  62.996  108.902  -6.91  -0.09  0000
   56   0.667  3968 84205066  498.412  114.959  63.029  108.891  -6.94  -0.12  0000
   58   0.734  3023 84205068  500.634  114.237  63.695  109.070  -6.00   0.82  0000
   64   0.934  3271 84205074  503.031  111.057  64.821  108.784  -5.84   0.98  0000
