#
#   version : 20090611
#    num_fr : 25
#      time : 20101127 05:48:28.418 UTC
#      unix : 1290836908.418874
#       ntp : LOCK -1589 297003 782
#       seq : 6316621
#       mul : 0 [A]
#      site : 01
#    latlon : 45.5749 -94.3965 370.0
#      text : Collegeville
#     label : 
#     plate : metal_20100816_20100506-404-gd3
#      geom : 640 480
#    reject : 0
#
#  fr    time   sum     seq       cx       cy      th      phi    lsp    mag  flag
   30  -0.501  1850 6316606  260.733  325.956  24.055  -91.445  -5.81  -5.81  0000
   31  -0.467  1981 6316607  261.069  326.726  24.171  -91.887  -6.36  -6.36  0000
   32  -0.434  2101 6316608  260.898  327.001  24.258  -91.892  -6.48  -6.48  0000
   33  -0.400  1968 6316609  260.152  327.533  24.489  -91.688  -6.22  -6.22  0000
   34  -0.367  1937 6316610  261.382  327.751  24.348  -92.399  -6.22  -6.22  0000
   35  -0.334  2208 6316611  262.091  328.769  24.466  -93.110  -6.77  -6.77  0000
   36  -0.300  2355 6316612  262.257  328.900  24.471  -93.240  -6.93  -6.93  0000
   37  -0.267  2652 6316613  262.152  329.258  24.566  -93.302  -7.26  -7.26  0000
   38  -0.234  2796 6316614  262.452  329.392  24.551  -93.502  -7.51  -7.51  0000
   39  -0.200  2732 6316615  262.158  330.566  24.857  -93.726  -7.20  -7.20  0000
   40  -0.167  3212 6316616  262.753  330.727  24.806  -94.087  -7.52  -7.52  0000
   41  -0.133  3420 6316617  263.374  330.852  24.745  -94.452  -7.57  -7.57  0000
   42  -0.100  3307 6316618  264.611  331.585  24.735  -95.332  -7.67  -7.67  0000
   43  -0.067  3062 6316619  264.884  331.833  24.753  -95.553  -7.77  -7.77  0000
   44  -0.033  3090 6316620  264.483  332.754  25.019  -95.618  -7.86  -7.86  0000
   45   0.000  4044 6316621  264.831  333.254  25.086  -95.950  -8.26  -8.26  0000
   46   0.033  4042 6316622  265.970  333.803  25.057  -96.713  -8.12  -8.12  0000
   47   0.067  3460 6316623  266.470  333.946  25.023  -97.021  -7.89  -7.89  0000
   48   0.100  3279 6316624  266.185  334.296  25.142  -96.969  -7.91  -7.91  0000
   49   0.133  2833 6316625  266.130  335.136  25.344  -97.178  -7.48  -7.48  0000
   50   0.167  2655 6316626  267.315  335.932  25.374  -98.027  -7.15  -7.15  0000
   51   0.200  2803 6316627  267.849  336.231  25.376  -98.393  -7.13  -7.13  0000
   52   0.234  2570 6316628  268.049  336.389  25.388  -98.542  -7.19  -7.19  0000
   53   0.267  3103 6316629  268.115  337.758  25.702  -98.940  -7.68  -7.68  0000
   54   0.300  2582 6316630  268.239  338.091  25.765  -99.092  -7.24  -7.24  0000
