#
#   version : 20090611
#    num_fr : 15
#      time : 20101127 07:29:51.489 UTC
#      unix : 1290842991.489947
#       ntp : LOCK -932 248241 753
#       seq : 6498930
#       mul : 0 [A]
#      site : 01
#    latlon : 45.5749 -94.3965 370.0
#      text : Collegeville
#     label : 
#     plate : metal_20100816_20100506-404-gd3
#      geom : 640 480
#    reject : 0
#
#  fr    time   sum     seq       cx       cy      th      phi    lsp    mag  flag
   29  -0.200  2400 6498924  330.923  153.089  25.742   65.192  -6.22  -6.22  0000
   30  -0.167  2488 6498925  331.307  151.867  26.080   65.271  -6.49  -6.49  0000
   31  -0.133  2173 6498926  332.006  149.258  26.795   65.365  -6.12  -6.12  0000
   32  -0.100  2472 6498927  332.102  148.914  26.890   65.379  -6.14  -6.14  0000
   33  -0.067  2764 6498928  332.791  147.640  27.258   65.615  -6.65  -6.65  0000
   34  -0.033  3121 6498929  332.301  144.882  27.949   65.037  -7.51  -7.51  0000
   35   0.000  3897 6498930  332.228  143.161  28.394   64.814  -7.91  -7.91  0000
   36   0.033  3758 6498931  333.117  142.015  28.740   65.164  -7.73  -7.73  0000
   37   0.067  3563 6498932  333.756  140.830  29.084   65.372  -7.58  -7.58  0000
   38   0.100  3831 6498933  332.935  138.717  29.592   64.728  -7.62  -7.62  0000
   39   0.133  3407 6498934  334.439  137.593  29.966   65.379  -7.51  -7.51  0000
   40   0.167  3378 6498935  333.365  135.482  30.462   64.627  -7.46  -7.46  0000
   41   0.200  3058 6498936  335.180  133.936  30.963   65.371  -7.19  -7.19  0000
   42   0.234  2601 6498937  334.806  132.336  31.362   65.030  -6.52  -6.52  0000
   43   0.267  2553 6498938  335.083  131.591  31.572   65.091  -6.21  -6.21  0000
