#
#   version : 20090611
#    num_fr : 30
#      time : 20101127 12:34:53.225 UTC
#      unix : 1290861293.225582
#       ntp : LOCK 3738 826900 1940
#       seq : 7047431
#       mul : 0 [A]
#      site : 01
#    latlon : 45.5749 -94.3965 370.0
#      text : Collegeville
#     label : 
#     plate : metal_20100816_20100506-404-gd3
#      geom : 640 480
#    reject : 0
#
#  fr    time   sum     seq       cx       cy      th      phi    lsp    mag  flag
   30   0.000 10518 7047431  306.189  403.687  40.516 -123.580 -10.80 -10.80  0000
   32   0.067  9643 7047433  307.978  405.192  40.910 -124.270 -10.55 -10.55  0000
   33   0.100  9849 7047434  308.031  406.770  41.342 -124.299 -10.39 -10.39  0000
   34   0.133  4294 7047435  317.156  416.082  43.904 -127.558    nan    nan  0000
   35   0.167  3721 7047436  318.729  417.892  44.418 -128.079    nan    nan  0000
   36   0.200  3813 7047437  318.234  419.199  44.775 -127.885    nan    nan  0000
   37   0.234  4116 7047438  319.022  420.242  45.071 -128.138    nan    nan  0000
   38   0.267  3714 7047439  320.106  422.320  45.660 -128.467  -6.92  -6.92  0000
   39   0.300  3980 7047440  321.058  422.754  45.793 -128.780  -7.29  -7.29  0000
   40   0.334  4855 7047441  322.114  424.676  46.342 -129.090  -7.67  -7.67  0000
   41   0.367  3786 7047442  321.338  425.805  46.644 -128.807  -7.48  -7.48  0000
   42   0.400  3879 7047443  322.634  426.519  46.862 -129.219  -7.37  -7.37  0000
   43   0.434  3800 7047444  324.800  427.898  47.285 -129.895  -7.46  -7.46  0000
   44   0.467  4351 7047445  325.811  430.489  48.027 -130.149  -7.16  -7.16  0000
   45   0.501  2712 7047446  325.868  430.514  48.035 -130.167  -7.25  -7.25  0000
   46   0.534  2933 7047447  326.391  432.473  48.593 -130.278  -7.10  -7.10  0000
   47   0.567  3665 7047448  327.937  433.595  48.942 -130.733  -7.35  -7.35  0000
   48   0.601  3496 7047449  327.375  434.936  49.303 -130.515  -7.29  -7.29  0000
   49   0.634  2559 7047450  329.345  435.932  49.631 -131.099  -7.24  -7.24  0000
   54   0.801  1898 7047455  332.786  442.263  51.503 -131.928  -7.10  -7.10  0000
   56   0.868  2466 7047457  335.304  445.223  52.417 -132.564  -7.24  -7.24  0000
   57   0.901  2394 7047458  335.300  445.927  52.615 -132.535  -7.40  -7.40  0000
   58   0.934  2535 7047459  336.331  446.762  52.886 -132.803  -6.95  -6.95  0000
   59   0.968  2972 7047460  336.883  448.172  53.303 -132.906  -7.23  -7.23  0000
   61   1.034  2173 7047462  338.732  451.110  54.201 -133.316  -7.15  -7.15  0000
   62   1.068  4072 7047463  339.002  451.218  54.241 -133.388  -7.40  -7.40  0000
   63   1.101  2280 7047464  340.828  453.196  54.873 -133.818  -6.45  -6.45  0000
   64   1.134  1872 7047465  340.222  454.316  55.166 -133.599  -7.27  -7.27  0000
   66   1.201  2265 7047467  342.057  457.117  56.035 -133.986  -6.83  -6.83  0000
   70   1.335  1798 7047471  345.841  460.985  57.303 -134.837  -6.90  -6.90  0000
