#
#   version : 20090611
#    num_fr : 26
#      time : 20101127 05:59:20.306 UTC
#      unix : 1290837560.306639
#       ntp : LOCK -1527 622003 782
#       seq : 6336158
#       mul : 0 [A]
#      site : 01
#    latlon : 45.5749 -94.3965 370.0
#      text : Collegeville
#     label : 
#     plate : metal_20100816_20100506-404-gd3
#      geom : 640 480
#    reject : 0
#
#  fr    time   sum     seq       cx       cy      th      phi    lsp    mag  flag
   30  -0.567  3056 6336141  329.183   66.699  48.860   58.997  -6.38  -6.38  0000
   32  -0.501  3181 6336143  332.102   64.883  49.448   59.864  -6.80  -6.80  0000
   33  -0.467  3347 6336144  333.660   63.166  49.975   60.288  -7.07  -7.07  0000
   34  -0.434  3357 6336145  334.689   61.895  50.363   60.558  -7.00  -7.00  0000
   35  -0.400  3390 6336146  335.005   61.609  50.454   60.645  -7.15  -7.15  0000
   36  -0.367  3437 6336147  335.212   59.944  50.924   60.640  -7.14  -7.14  0000
   37  -0.334  3155 6336148  335.807   58.728  51.283   60.772  -7.17  -7.17  0000
   38  -0.300  3020 6336149  336.878   57.612  51.634   61.052  -7.03  -7.03  0000
   39  -0.267  2921 6336150  338.193   56.247  52.064   61.390  -7.25  -7.25  0000
   40  -0.234  3154 6336151  339.055   54.865  52.483   61.587  -6.83  -6.83  0000
   41  -0.200  2856 6336152  341.501   54.063  52.809   62.278  -6.29  -6.29  0000
   42  -0.167  3348 6336153  342.024   52.973  53.136   62.380  -6.88  -6.88  0000
   43  -0.133  3703 6336154  343.069   51.672  53.546   62.623  -7.53  -7.53  0000
   44  -0.100  4270 6336155  343.828   50.276  53.970   62.775  -7.85  -7.85  0000
   45  -0.067  3636 6336156  345.695   48.893  54.445   63.244  -7.78  -7.78  0000
   46  -0.033  4182 6336157  345.392   47.546  54.807   63.088  -8.03  -8.03  0000
   47   0.000  4823 6336158  346.722   46.164  55.259   63.396  -8.42  -8.42  0000
   48   0.033  4045 6336159  347.420   45.093  55.594   63.538  -8.03  -8.03  0000
   49   0.067  4372 6336160  348.467   44.004  55.953   63.774  -8.08  -8.08  0000
   50   0.100  3559 6336161  349.184   42.881  56.305   63.915  -7.75  -7.75  0000
   51   0.133  3780 6336162  349.767   41.363  56.762   63.995  -7.34  -7.34  0000
   52   0.167  3786 6336163  351.873   40.845  57.021   64.546  -7.45  -7.45  0000
   53   0.200  3415 6336164  352.717   39.662  57.401   64.710  -7.11  -7.11  0000
   54   0.234  2993 6336165  353.684   38.652  57.740   64.916  -6.56  -6.56  0000
   55   0.267  2819 6336166  355.016   37.499  58.141   65.208  -6.54  -6.54  0000
   58   0.367  2674 6336169  357.092   33.813  59.304   65.547  -6.32  -6.32  0000
