#
#   version : 20090611
#    num_fr : 37
#      time : 20101127 05:34:26.540 UTC
#      unix : 1290836066.540311
#       ntp : LOCK -1936 398589 824
#       seq : 6291390
#       mul : 0 [A]
#      site : 01
#    latlon : 45.5749 -94.3965 370.0
#      text : Collegeville
#     label : 
#     plate : metal_20100816_20100506-404-gd3
#      geom : 640 480
#    reject : 0
#
#  fr    time   sum     seq       cx       cy      th      phi    lsp    mag  flag
   29  -0.567  1713 6291373  412.587  201.425  29.798  118.926  -5.94  -5.94  0000
   30  -0.534  2074 6291374  413.881  201.213  30.142  119.113  -6.02  -6.02  0000
   31  -0.501  1904 6291375  415.497  199.779  30.704  118.822  -6.42  -6.42  0000
   32  -0.467  2116 6291376  415.936  199.010  30.900  118.578  -6.44  -6.44  0000
   33  -0.434  2200 6291377  415.628  197.833  30.961  117.996  -6.51  -6.51  0000
   34  -0.400  2358 6291378  417.917  197.675  31.543  118.423  -6.47  -6.47  0000
   35  -0.367  2416 6291379  418.898  196.836  31.882  118.273  -6.68  -6.68  0000
   36  -0.334  2334 6291380  419.983  195.889  32.260  118.103  -6.95  -6.95  0000
   37  -0.300  2475 6291381  420.868  195.072  32.574  117.949  -6.95  -6.95  0000
   38  -0.267  2625 6291382  421.367  194.124  32.809  117.662  -7.07  -7.07  0000
   39  -0.234  2488 6291383  422.490  192.913  33.230  117.404  -7.13  -7.13  0000
   40  -0.200  2578 6291384  424.522  192.272  33.806  117.568  -6.98  -6.98  0000
   41  -0.167  2885 6291385  425.297  191.489  34.091  117.417  -7.44  -7.44  0000
   42  -0.133  3072 6291386  426.264  190.281  34.475  117.141  -7.65  -7.65  0000
   43  -0.100  3524 6291387  427.350  188.984  34.900  116.860  -7.95  -7.95  0000
   44  -0.067  4143 6291388  428.205  188.794  35.133  116.961  -8.23  -8.23  0000
   45  -0.033  4087 6291389  429.269  187.648  35.535  116.741  -8.21  -8.21  0000
   46   0.000  4612 6291390  431.693  186.783  36.237  116.899  -8.44  -8.44  0000
   47   0.033  3842 6291391  431.869  185.646  36.421  116.514  -8.21  -8.21  0000
   48   0.067  4193 6291392  432.735  184.764  36.743  116.363  -8.28  -8.28  0000
   49   0.100  3788 6291393  433.941  184.003  37.134  116.325  -8.02  -8.02  0000
   50   0.133  3896 6291394  435.855  183.512  37.666  116.519  -7.93  -7.93  0000
   51   0.167  3956 6291395  436.185  182.105  37.924  116.085  -8.03  -8.03  0000
   52   0.200  3589 6291396  438.369  181.344  38.556  116.236  -8.07  -8.07  0000
   53   0.234  3821 6291397  438.670  179.923  38.811  115.803  -7.98  -7.98  0000
   54   0.267  4060 6291398  439.684  179.265  39.144  115.771  -7.96  -7.96  0000
   55   0.300  4065 6291399  441.918  178.685  39.766  115.993  -8.01  -8.01  0000
   56   0.334  3658 6291400  443.152  177.527  40.218  115.834  -7.95  -7.95  0000
   57   0.367  3420 6291401  444.262  176.465  40.627  115.688  -7.81  -7.81  0000
   58   0.400  3287 6291402  445.346  175.576  41.009  115.595  -7.83  -7.83  0000
   59   0.434  3136 6291403  446.307  174.416  41.396  115.395  -7.46  -7.46  0000
   60   0.467  3262 6291404  448.043  173.585  41.931  115.443  -7.36  -7.36  0000
   61   0.501  3054 6291405  448.938  172.856  42.247  115.372  -7.45  -7.45  0000
   62   0.534  2865 6291406  450.126  171.544  42.711  115.172  -7.36  -7.36  0000
   63   0.567  2523 6291407  450.495  170.578  42.930  114.938  -6.84  -6.84  0000
   64   0.601  2061 6291408  451.417  169.974  43.237  114.916  -6.32  -6.32  0000
   66   0.667  1933 6291410  454.974  168.022  44.371  114.945  -6.03  -6.03  0000
