#
#   version : 20090611
#    num_fr : 19
#      time : 20131022 07:18:42.737 UTC
#      unix : 1382426322.737090
#       ntp : LOCK -954 773836 434
#       seq : 145435948
#       mul : 0 [A]
#      site : 01
#    latlon : 45.5749 -94.3965 370.0
#      text : Collegeville
#     label : 
#     plate : metal_20100816_20100506-404-gd3
#      geom : 640 480
#    reject : 0
#
#  fr    time   sum     seq       cx       cy      th      phi    lsp    mag  flag
   29  -0.200  3829 145435942   89.996  285.020  62.606  -45.414  -5.14   1.68  0000
   30  -0.167  5857 145435943   89.071  285.933  62.926  -45.602  -7.17  -0.35  0000
   31  -0.133  4518 145435944   88.233  286.966  63.227  -45.820  -7.98  -1.16  0000
   32  -0.100  4810 145435945   87.822  288.073  63.404  -46.070  -8.39  -1.57  0000
   33  -0.067  4727 145435946   87.813  288.535  63.429  -46.180  -8.54  -1.72  0000
   34  -0.033  5567 145435947   86.941  290.813  63.807  -46.689  -8.59  -1.77  0000
   35   0.000  7232 145435948   86.850  291.303  63.860  -46.801  -8.87  -2.05  0000
   36   0.033  5103 145435949   87.766  292.839  63.666  -47.204  -8.80  -1.98  0000
   37   0.067  5738 145435950   87.017  293.865  63.949  -47.415  -8.63  -1.81  0000
   38   0.100  5366 145435951   86.885  294.499  64.024  -47.559  -8.63  -1.81  0000
   39   0.133  3359 145435952   86.132  296.791  64.383  -48.064  -8.46  -1.64  0000
   40   0.167  5259 145435953   85.316  297.901  64.695  -48.286  -8.34  -1.52  0000
   41   0.200  4936 145435954   85.328  299.036  64.760  -48.551  -8.43  -1.61  0000
   42   0.234  3945 145435955   84.330  300.288  65.139  -48.793  -8.10  -1.28  0000
   43   0.267  4734 145435956   84.064  302.115  65.336  -49.202  -7.74  -0.92  0000
   44   0.300  4654 145435957   84.826  304.350  65.256  -49.755  -8.18  -1.36  0000
   45   0.334  4494 145435958   84.763  304.886  65.311  -49.874  -8.48  -1.66  0000
   46   0.367  4475 145435959   83.844  306.155  65.675  -50.116  -8.10  -1.28  0000
   47   0.400  5765 145435960   83.926  308.019  65.783  -50.545  -4.84   1.98  0000
