#
#   version : 20090611
#    num_fr : 15
#      time : 20100103 04:48:41.478 UTC
#      unix : 1262494121.478834
#       ntp : LOCK -1141 90216 1100
#       seq : 41593309
#       mul : 0 [A]
#      site : 01
#    latlon : 45.5749 -94.3965 370.0
#      text : Collegeville
#     label : 
#     plate : metal 20090611
#      geom : 640 480
#    reject : 0
#
#  fr    time   sum     seq       cx       cy      th      phi    lsp    mag  flag
   30  -0.300  2908 41593300  212.807  268.241  27.465  -50.327  -7.15  -7.15  0000
   31  -0.267  4220 41593301  211.021  270.151  28.075  -50.986  -7.59  -7.59  0000
   32  -0.234  5240 41593302  210.834  272.271  28.300  -52.008  -7.80  -7.80  0000
   33  -0.200  4125 41593303  209.937  273.559  28.640  -52.475  -8.13  -8.13  0000
   34  -0.167  5286 41593304  209.121  274.909  28.967  -52.976  -8.29  -8.29  0000
   35  -0.133  5847 41593305  208.093  276.368  29.360  -53.477  -8.32  -8.32  0000
   36  -0.100  4565 41593306  207.352  278.809  29.778  -54.476  -8.53  -8.53  0000
   37  -0.067  6738 41593307  206.298  280.282  30.186  -54.945  -8.51  -8.51  0000
   38  -0.033  5468 41593308  205.474  282.290  30.593  -55.688  -8.53  -8.53  0000
   39   0.000  7192 41593309  204.298  284.818  31.148  -56.567  -8.43  -8.43  0000
   40   0.033  6600 41593310  203.504  286.010  31.471  -56.921  -8.52  -8.52  0000
   41   0.067  6056 41593311  202.506  288.442  31.982  -57.751  -8.34  -8.34  0000
   42   0.100  5600 41593312  201.583  290.010  32.384  -58.214  -8.21  -8.21  0000
   43   0.133  4962 41593313  200.695  291.788  32.804  -58.758  -7.91  -7.91  0000
   44   0.167  5837 41593314  199.391  294.594  33.450  -59.611  -7.73  -7.73  0000
