#
#   version : 20090611
#    num_fr : 19
#      time : 20140313 10:35:10.511 UTC
#      unix : 1394706910.511658
#       ntp : LOCK 369 176681 1299
#       seq : 22021454
#       mul : 0 [A]
#      site : 01
#    latlon : 45.5749 -94.3965 370.0
#      text : Collegeville
#     label : 
#     plate : metal_20100816_20100506-404-gd3
#      geom : 640 480
#    reject : 0
#
#  fr    time   sum     seq       cx       cy      th      phi    lsp    mag  flag
   30  -0.267  1867 22021446  282.154  113.248  36.818   40.875  -6.06   0.76  0000
   31  -0.234  2571 22021447  283.156  111.407  37.245   41.441  -7.00  -0.18  0000
   32  -0.200  3697 22021448  285.799  111.040  37.193   42.555  -8.05  -1.23  0000
   33  -0.167  4116 22021449  287.638  109.406  37.534   43.425  -8.34  -1.52  0000
   34  -0.133  6137 22021450  289.940  107.854  37.841   44.463  -8.93  -2.11  0000
   35  -0.100  5169 22021451  291.556  106.720  38.075   45.184  -8.89  -2.07  0000
   36  -0.067  5906 22021452  293.859  105.256  38.380   46.189  -9.13  -2.31  0000
   37  -0.033  5958 22021453  297.120  103.477  38.752   47.575  -8.92  -2.10  0000
   38   0.000  7273 22021454  298.804  102.057  39.089   48.296  -9.45  -2.63  0000
   39   0.033  5879 22021455  301.395  100.781  39.374   49.359  -8.99  -2.17  0000
   40   0.067  5583 22021456  304.033   99.088  39.785   50.434  -9.11  -2.29  0000
   41   0.100  5719 22021457  307.287   97.453  40.189   51.725  -8.81  -1.99  0000
   42   0.133  6136 22021458  309.093   96.025  40.564   52.432  -9.12  -2.30  0000
   43   0.167  6050 22021459  312.035   94.892  40.863   53.562  -9.18  -2.36  0000
   44   0.200  5617 22021460  315.370   92.282  41.584   54.807  -8.84  -2.02  0000
   45   0.234  4884 22021461  318.188   91.219  41.898   55.848  -8.63  -1.81  0000
   46   0.267  4547 22021462  321.027   89.782  42.328   56.871  -8.44  -1.62  0000
   47   0.300  4753 22021463  325.888   87.648  43.007   58.588  -8.50  -1.68  0000
   48   0.334  2998 22021464  327.424   86.376  43.394   59.097  -7.09  -0.27  0000
