#
#   version : 20090611
#    num_fr : 16
#      time : 20131230 04:53:12.298 UTC
#      unix : 1388379192.298938
#       ntp : LOCK 2931 468513 3722
#       seq : 323839298
#       mul : 0 [A]
#      site : 01
#    latlon : 45.5749 -94.3965 370.0
#      text : Collegeville
#     label : 
#     plate : metal_20100816_20100506-404-gd3
#      geom : 640 480
#    reject : 0
#
#  fr    time   sum     seq       cx       cy      th      phi    lsp    mag  flag
   30  -0.334  1357 323839288  237.896  271.410  20.545  -52.048  -5.65   1.17  0000
   32  -0.267  1946 323839290  241.065  271.092  19.695  -52.480  -6.42   0.40  0000
   33  -0.234  1917 323839291  244.957  270.950  18.673  -53.252  -6.69   0.13  0000
   34  -0.200  2230 323839292  247.467  271.088  18.035  -53.977  -6.72   0.10  0000
   35  -0.167  2138 323839293  248.772  271.025  17.694  -54.267  -6.51   0.31  0000
   36  -0.133  2137 323839294  251.702  270.858  16.928  -54.939  -6.99  -0.17  0000
   37  -0.100  2493 323839295  254.855  271.255  16.159  -56.233  -7.29  -0.47  0000
   38  -0.067  2521 323839296  257.481  271.317  15.500  -57.168  -7.17  -0.35  0000
   39  -0.033  2415 323839297  260.865  271.131  14.633  -58.247  -6.96  -0.14  0000
   40   0.000  2979 323839298  261.631  271.667  14.496  -59.055  -7.46  -0.64  0000
   41   0.033  2663 323839299  264.537  271.730  13.785  -60.359  -7.52  -0.70  0000
   42   0.067  2536 323839300  267.761  271.010  12.918  -61.157  -7.55  -0.73  0000
   43   0.100  2340 323839301  270.914  271.568  12.221  -63.423  -7.29  -0.47  0000
   44   0.133  2493 323839302  274.587  271.199  11.306  -65.251  -7.15  -0.33  0000
   45   0.167  2263 323839303  275.335  271.603  11.183  -66.212  -6.90  -0.08  0000
   46   0.200  1970 323839304  277.904  271.296  10.550  -67.690  -6.44   0.38  0000
