#
#   version : 20090611
#    num_fr : 20
#      time : 20140920 02:24:23.777 UTC
#      unix : 1411179863.777872
#       ntp : LOCK 1632 294819 2495
#       seq : 83912618
#       mul : 0 [A]
#      site : 01
#    latlon : 45.5749 -94.3965 370.0
#      text : Collegeville
#     label : 
#     plate : metal_20100816_20100506-404-gd3
#      geom : 640 480
#    reject : 0
#
#  fr    time   sum     seq       cx       cy      th      phi    lsp    mag  flag
   30  -0.467  2335 83912604  342.999   52.100  53.423   62.624  -6.33   0.49  0000
   31  -0.434  2089 83912605  343.106   50.638  53.836   62.583  -5.86   0.96  0000
   33  -0.367  2333 83912607  344.091   50.052  54.045   62.840  -6.40   0.42  0000
   34  -0.334  2631 83912608  344.485   50.100  54.050   62.956  -6.46   0.36  0000
   35  -0.300  2653 83912609  345.318   49.004  54.396   63.141  -6.41   0.41  0000
   36  -0.267  2657 83912610  345.325   48.745  54.469   63.130  -6.12   0.70  0000
   37  -0.234  2685 83912611  347.686   47.939  54.811   63.763  -6.50   0.32  0000
   38  -0.200  2502 83912612  347.947   47.175  55.038   63.797  -6.66   0.16  0000
   39  -0.167  2481 83912613  348.143   47.202  55.040   63.854  -6.64   0.18  0000
   40  -0.133  2674 83912614  349.146   46.005  55.427   64.072  -6.78   0.04  0000
   41  -0.100  2655 83912615  349.010   45.849  55.464   64.026  -6.91  -0.09  0000
   42  -0.067  2642 83912616  349.257   45.995  55.436   64.103  -6.68   0.14  0000
   43  -0.033  2438 83912617  350.104   44.783  55.821   64.274  -6.49   0.33  0000
   44   0.000  2784 83912618  350.820   44.249  56.009   64.444  -6.63   0.19  0000
   45   0.033  2569 83912619  351.866   43.297  56.333   64.681  -6.71   0.11  0000
   49   0.167  2595 83912623  354.085   41.722  56.902   65.202  -6.27   0.55  0000
   52   0.267  2659 83912626  355.936   39.786  57.555   65.591  -6.45   0.37  0000
   53   0.300  2627 83912627  357.093   38.830  57.894   65.845  -6.43   0.39  0000
   55   0.367  2599 83912629  358.780   37.465  58.383   66.213  -6.33   0.49  0000
   56   0.400  2440 83912630  359.057   36.960  58.542   66.255  -6.22   0.60  0000
