#
#   version : 20090611
#    num_fr : 12
#      time : 20140920 08:21:59.347 UTC
#      unix : 1411201319.347043
#       ntp : LOCK 184 246418 1139
#       seq : 84555626
#       mul : 0 [A]
#      site : 01
#    latlon : 45.5749 -94.3965 370.0
#      text : Collegeville
#     label : 
#     plate : metal_20100816_20100506-404-gd3
#      geom : 640 480
#    reject : 0
#
#  fr    time   sum     seq       cx       cy      th      phi    lsp    mag  flag
   30  -0.200  1493 84555620  314.072  311.156  15.827 -128.233  -5.92   0.90  0000
   31  -0.167  1771 84555621  316.128  310.315  15.637 -130.264  -6.35   0.47  0000
   32  -0.133  1842 84555622  318.959  310.022  15.633 -133.030  -6.76   0.06  0000
   33  -0.100  2096 84555623  322.812  308.476  15.394 -136.992  -6.94  -0.12  0000
   34  -0.067  1869 84555624  325.357  307.904  15.391 -139.564  -6.80   0.02  0000
   35  -0.033  2401 84555625  330.549  306.641  15.460 -144.814  -6.99  -0.17  0000
   36   0.000  2690 84555626  333.971  305.211  15.432 -148.447  -7.46  -0.64  0000
   37   0.033  2558 84555627  336.464  304.394  15.504 -151.002  -7.50  -0.68  0000
   38   0.067  2394 84555628  339.548  303.767  15.724 -153.949  -7.37  -0.55  0000
   39   0.100  2548 84555629  343.928  302.511  16.027 -158.159  -7.21  -0.39  0000
   40   0.133  1841 84555630  347.648  301.521  16.367 -161.555  -6.92  -0.10  0000
   41   0.167  1869 84555631  351.002  300.326  16.660 -164.657  -6.59   0.23  0000
