#
#   version : 20090611
#    num_fr : 28
#      time : 20141018 07:23:03.334 UTC
#      unix : 1413616983.334821
#       ntp : LOCK -506 252083 1453
#       seq : 156951469
#       mul : 0 [A]
#      site : 01
#    latlon : 45.5749 -94.3965 370.0
#      text : Collegeville
#     label : 
#     plate : metal_20100816_20100506-404-gd3
#      geom : 640 480
#    reject : 0
#
#  fr    time   sum     seq       cx       cy      th      phi    lsp    mag  flag
   29  -0.701  1744 156951448  354.471  364.371  31.985 -146.719  -5.90   0.92  0000
   30  -0.667  1721 156951449  354.759  366.045  32.432 -146.563  -6.48   0.34  0000
   32  -0.601  2285 156951451  357.259  371.837  34.130 -146.686  -6.70   0.12  0000
   33  -0.567  2112 156951452  357.317  374.912  34.911 -146.227  -6.80   0.02  0000
   34  -0.534  2615 156951453  358.006  378.213  35.812 -146.007  -7.18  -0.36  0000
   35  -0.500  2813 156951454  359.689  380.499  36.553 -146.335  -7.44  -0.62  0000
   36  -0.467  2927 156951455  360.222  382.663  37.154 -146.224  -7.59  -0.77  0000
   37  -0.434  3162 156951456  361.250  386.122  38.132 -146.121  -7.79  -0.97  0000
   38  -0.400  3135 156951457  361.655  388.461  38.768 -145.945  -7.80  -0.98  0000
   39  -0.367  3340 156951458  361.888  390.904  39.414 -145.698  -7.66  -0.84  0000
   40  -0.334  3188 156951459  363.940  393.084  40.170 -146.148  -7.65  -0.83  0000
   41  -0.300  3463 156951460  364.586  395.986  40.975 -145.990  -7.87  -1.05  0000
   42  -0.267  3327 156951461  364.433  398.186  41.526 -145.651  -7.80  -0.98  0000
   43  -0.234  3260 156951462  365.317  400.711  42.261 -145.636  -7.93  -1.11  0000
   44  -0.200  3762 156951463  365.866  403.014  42.909 -145.535  -8.02  -1.20  0000
   45  -0.167  3377 156951464  367.140  404.993  43.542 -145.717  -8.06  -1.24  0000
   46  -0.133  3546 156951465  367.897  408.073  44.413 -145.592  -8.05  -1.23  0000
   47  -0.100  3550 156951466  367.775  409.668  44.816 -145.362  -8.03  -1.21  0000
   48  -0.067  3563 156951467  369.152  411.872  45.522 -145.545  -8.04  -1.22  0000
   49  -0.033  3721 156951468  369.120  414.474  46.197 -145.234  -7.99  -1.17  0000
   50   0.000  4241 156951469  370.072  416.639  46.854 -145.285  -8.38  -1.56  0000
   51   0.033  4041 156951470  370.468  418.240  47.312 -145.228  -8.26  -1.44  0000
   52   0.067  3121 156951471  371.161  420.372  47.938 -145.203  -7.74  -0.92  0000
   53   0.100  2721 156951472  371.606  422.182  48.456 -145.139  -7.29  -0.47  0000
   54   0.133  2303 156951473  372.410  424.066  49.029 -145.174  -6.91  -0.09  0000
   55   0.167  2231 156951474  373.725  426.229  49.726 -145.329  -6.44   0.38  0000
   56   0.200  2125 156951475  373.237  428.371  50.246 -144.960  -6.38   0.44  0000
   57   0.234  1877 156951476  373.567  429.492  50.575 -144.938  -6.03   0.79  0000
