#
#   version : 20090611
#    num_fr : 13
#      time : 20141018 08:17:15.523 UTC
#      unix : 1413620235.523004
#       ntp : LOCK -541 857562 1362
#       seq : 157048935
#       mul : 0 [A]
#      site : 01
#    latlon : 45.5749 -94.3965 370.0
#      text : Collegeville
#     label : 
#     plate : metal_20100816_20100506-404-gd3
#      geom : 640 480
#    reject : 0
#
#  fr    time   sum     seq       cx       cy      th      phi    lsp    mag  flag
   30  -0.234  1980 157048928  201.870   31.297  66.898   25.551  -6.05   0.77  0000
   31  -0.200  2202 157048929  202.152   31.014  66.933   25.641  -6.23   0.59  0000
   32  -0.167  2259 157048930  202.340   30.794  66.964   25.705  -6.44   0.38  0000
   33  -0.133  2537 157048931  202.450   30.462  67.037   25.762  -6.70   0.12  0000
   34  -0.100  2301 157048932  202.520   29.362  67.319   25.889  -6.49   0.33  0000
   35  -0.067  2850 157048933  202.377   29.236  67.373   25.870  -6.90  -0.08  0000
   36  -0.033  2692 157048934  202.696   29.266  67.320   25.936  -7.16  -0.34  0000
   37   0.000  3619 157048935  203.007   29.111  67.317   26.019  -7.62  -0.80  0000
   38   0.033  3582 157048936  203.573   28.198  67.481   26.232  -7.81  -0.99  0000
   39   0.067  3568 157048937  203.520   28.075  67.522   26.233  -7.79  -0.97  0000
   40   0.100  2853 157048938  203.697   28.053  67.503   26.274  -7.42  -0.60  0000
   41   0.133  2804 157048939  203.232   27.709  67.660   26.207  -7.16  -0.34  0000
   42   0.167  1905 157048940  203.755   26.909  67.801   26.399  -5.90   0.92  0000
