#
#   version : 20090611
#    num_fr : 20
#      time : 20141018 07:52:34.974 UTC
#      unix : 1413618754.974467
#       ntp : LOCK -329 1137083 1453
#       seq : 157004564
#       mul : 0 [A]
#      site : 01
#    latlon : 45.5749 -94.3965 370.0
#      text : Collegeville
#     label : 
#     plate : metal_20100816_20100506-404-gd3
#      geom : 640 480
#    reject : 0
#
#  fr    time   sum     seq       cx       cy      th      phi    lsp    mag  flag
   30  -0.434  2309 157004551  357.434  281.409  14.572  177.806  -6.26   0.56  0000
   31  -0.400  2435 157004552  358.412  281.890  14.859  177.652  -6.98  -0.16  0000
   32  -0.367  3149 157004553  363.861  282.710  16.201  175.467  -7.62  -0.80  0000
   33  -0.334  3777 157004554  367.429  282.842  17.040  173.919  -8.10  -1.28  0000
   34  -0.300  4460 157004555  370.640  283.429  17.864  172.993  -8.45  -1.63  0000
   35  -0.267  5411 157004556  374.253  284.094  18.798  172.052  -8.90  -2.08  0000
   36  -0.234  6249 157004557  377.460  284.711  19.636  171.309  -9.00  -2.18  0000
   37  -0.200  6774 157004558  380.862  285.499  20.545  170.675  -9.36  -2.54  0000
   38  -0.167  6604 157004559  384.059  285.770  21.348  169.834  -9.44  -2.62  0000
   39  -0.133  7092 157004560  387.919  286.165  22.333  168.941  -9.50  -2.68  0000
   40  -0.100  7846 157004561  391.968  287.102  23.429  168.389  -9.61  -2.79  0000
   41  -0.067  7404 157004562  395.862  287.612  24.446  167.687  -9.45  -2.63  0000
   42  -0.033  8130 157004563  400.455  287.464  25.576  166.527  -9.67  -2.85  0000
   43   0.000  9272 157004564  405.360  288.294  26.892  165.909  -9.69  -2.87  0000
   44   0.033  8196 157004565  409.018  288.841  27.870  165.450  -9.69  -2.87  0000
   45   0.067  7273 157004566  412.140  289.678  28.743  165.264  -9.61  -2.79  0000
   46   0.100  8604 157004567  417.478  290.525  30.185  164.700  -9.62  -2.80  0000
   47   0.133  7892 157004568  421.888  290.596  31.324  163.991  -9.51  -2.69  0000
   48   0.167  7850 157004569  426.043  290.799  32.415  163.428  -9.69  -2.87  0000
   49   0.200  7948 157004570  428.996  291.051  33.204  163.096  -9.79  -2.97  0000
