#
#   version : 20090611
#    num_fr : 22
#      time : 20130401 08:03:54.038 UTC
#      unix : 1364803434.038765
#       ntp : LOCK -85 158376 227
#       seq : 169295785
#       mul : 0 [A]
#      site : 01
#    latlon : 45.5749 -94.3965 370.0
#      text : Collegeville
#     label : 
#     plate : metal_20100816_20100506-404-gd3
#      geom : 640 480
#    reject : 0
#
#  fr    time   sum     seq       cx       cy      th      phi    lsp    mag  flag
   30  -0.501  2395 169295770  181.812  118.035  50.086    7.760  -5.67   1.15  0000
   31  -0.467  2719 169295771  180.399  117.020  50.579    7.662  -6.40   0.42  0000
   32  -0.434  3381 169295772  180.088  116.704  50.706    7.660  -6.91  -0.09  0000
   33  -0.400  3153 169295773  180.583  115.662  50.809    7.990  -7.04  -0.22  0000
   34  -0.367  3533 169295774  178.448  114.909  51.401    7.678  -7.12  -0.30  0000
   35  -0.334  3290 169295775  178.186  113.204  51.793    7.974  -7.30  -0.48  0000
   36  -0.300  3942 169295776  178.114  112.808  51.887    8.040  -7.58  -0.76  0000
   37  -0.267  4325 169295777  177.191  111.155  52.408    8.177  -7.87  -1.05  0000
   38  -0.234  4768 169295778  176.638  110.828  52.588    8.124  -8.23  -1.41  0000
   39  -0.200  5099 169295779  175.702  109.405  53.067    8.210  -8.40  -1.58  0000
   40  -0.167  5180 169295780  175.417  108.848  53.238    8.261  -8.34  -1.52  0000
   41  -0.133  5663 169295781  174.461  107.734  53.660    8.279  -8.66  -1.84  0000
   42  -0.100  5638 169295782  174.136  106.639  53.949    8.426  -8.59  -1.77  0000
   43  -0.067  5878 169295783  173.307  105.908  54.268    8.394  -8.78  -1.96  0000
   44  -0.033  5507 169295784  172.565  105.282  54.549    8.360  -8.52  -1.70  0000
   45   0.000  6281 169295785  172.020  103.630  54.997    8.566  -8.90  -2.08  0000
   46   0.033  5933 169295786  171.049  103.222  55.281    8.443  -8.71  -1.89  0000
   47   0.067  5646 169295787  170.642  102.099  55.594    8.573  -8.65  -1.83  0000
   48   0.100  5081 169295788  170.375  101.698  55.731    8.594  -8.27  -1.45  0000
   49   0.133  4784 169295789  169.481  100.105  56.242    8.711  -7.97  -1.15  0000
   50   0.167  3617 169295790  169.124   99.671  56.406    8.719  -7.55  -0.73  0000
   52   0.234  2868 169295792  167.151   97.723  57.216    8.681  -6.17   0.65  0000
