#
#   version : 20090611
#    num_fr : 26
#      time : 20091213 12:36:00.289 UTC
#      unix : 1260707760.289385
#       ntp : LOCK 993 445320 1113
#       seq : 105332979
#       mul : 0 [A]
#      site : 01
#    latlon : 45.5749 -94.3965 370.0
#      text : Collegeville
#     label : 
#     plate : 
#      geom : 640 480
#    reject : 0
#
#  fr    time   sum     seq       cx       cy      th      phi    lsp    mag  flag
   29  -0.667  1897 105332959  462.921  280.818  42.355  161.749  -6.24  -6.24  0000
   30  -0.634  2174 105332960  463.446  280.148  42.448  161.466  -6.50  -6.50  0000
   31  -0.601  2139 105332961  463.346  280.001  42.410  161.427  -6.66  -6.66  0000
   32  -0.567  2339 105332962  463.414  279.839  42.417  161.365  -6.82  -6.82  0000
   33  -0.534  2633 105332963  463.233  279.509  42.344  161.272  -7.13  -7.13  0000
   34  -0.501  3011 105332964  463.664  278.953  42.421  161.039  -7.27  -7.27  0000
   35  -0.467  4128 105332965  462.372  278.465  42.039  161.006  -8.19  -8.19  0000
   36  -0.434  4172 105332966  462.338  278.170  42.009  160.909  -8.22  -8.22  0000
   37  -0.400  4408 105332967  462.197  277.887  41.952  160.826  -8.34  -8.34  0000
   38  -0.367  4664 105332968  462.140  277.444  41.906  160.680  -8.41  -8.41  0000
   39  -0.334  5072 105332969  461.966  277.395  41.855  160.681  -8.54  -8.54  0000
   40  -0.300  4924 105332970  461.978  276.539  41.801  160.384  -8.50  -8.50  0000
   41  -0.267  5092 105332971  461.733  276.166  41.710  160.280  -8.53  -8.53  0000
   42  -0.234  4832 105332972  461.707  275.806  41.679  160.158  -8.46  -8.46  0000
   43  -0.200  4971 105332973  461.710  275.480  41.658  160.045  -8.45  -8.45  0000
   44  -0.167  5220 105332974  461.513  275.250  41.590  159.984  -8.61  -8.61  0000
   45  -0.133  5285 105332975  461.150  274.323  41.432  159.696  -8.65  -8.65  0000
   46  -0.100  5028 105332976  461.057  273.843  41.376  159.538  -8.56  -8.56  0000
   47  -0.067  5716 105332977  460.949  273.384  41.318  159.387  -8.67  -8.67  0000
   48  -0.033  5830 105332978  460.816  272.912  41.253  159.234  -8.71  -8.71  0000
   49   0.000  6184 105332979  460.611  272.580  41.177  159.136  -8.83  -8.83  0000
   50   0.033  5296 105332980  461.038  271.912  41.253  158.862  -8.52  -8.52  0000
   51   0.067  4389 105332981  459.843  271.434  40.900  158.802  -8.13  -8.13  0000
   52   0.100  3941 105332982  459.764  270.884  40.846  158.614  -7.98  -7.98  0000
   53   0.133  3161 105332983  459.577  270.552  40.776  158.513  -7.43  -7.43  0000
   54   0.167  2092 105332984  458.797  269.866  40.524  158.337  -6.37  -6.37  0000
