#
#   version : 20090611
#    num_fr : 23
#      time : 20091213 05:25:41.159 UTC
#      unix : 1260681941.159524
#       ntp : LOCK 4930 339124 1402
#       seq : 104559183
#       mul : 0 [A]
#      site : 01
#    latlon : 45.5749 -94.3965 370.0
#      text : Collegeville
#     label : 
#     plate : 
#      geom : 640 480
#    reject : 0
#
#  fr    time   sum     seq       cx       cy      th      phi    lsp    mag  flag
   29  -0.501  1622 104559168  376.002  462.657  62.608 -140.412  -5.89  -5.89  0000
   30  -0.467  2041 104559169  377.825  462.532  62.728 -140.869  -6.48  -6.48  0000
   31  -0.434  2359 104559170  378.191  463.909  63.135 -140.867  -7.07  -7.07  0000
   32  -0.400  2640 104559171  379.203  464.569  63.403 -141.069  -7.43  -7.43  0000
   33  -0.367  3205 104559172  380.246  465.614  63.779 -141.252  -7.72  -7.72  0000
   34  -0.334  3153 104559173  381.705  466.554  64.165 -141.540  -7.84  -7.84  0000
   35  -0.300  3455 104559174  382.336  467.180  64.392 -141.648  -7.97  -7.97  0000
   36  -0.267  3458 104559175  382.290  468.133  64.649 -141.573  -8.08  -8.08  0000
   37  -0.234  4072 104559176  383.792  469.112  65.052 -141.863  -8.09  -8.09  0000
   38  -0.200  3812 104559177  385.152  470.083  65.443 -142.118  -8.24  -8.24  0000
   39  -0.167  4308 104559178  385.902  470.913  65.739 -142.236  -8.33  -8.33  0000
   40  -0.133  4338 104559179  386.752  471.982  66.111 -142.361  -8.35  -8.35  0000
   41  -0.100  4788 104559180  387.495  472.492  66.321 -142.499  -8.53  -8.53  0000
   42  -0.067  5051 104559181  388.667  473.679  66.758 -142.688  -8.68  -8.68  0000
   43  -0.033  5249 104559182  389.286  474.230  66.968 -142.792  -8.72  -8.72  0000
   44   0.000  6416 104559183  390.347  475.115  67.313 -142.973  -9.05  -9.05  0000
   45   0.033  5199 104559184  391.425  475.946  67.646 -143.161  -8.82  -8.82  0000
   46   0.067  5922 104559185  392.209  476.409  67.851 -143.306  -9.02  -9.02  0000
   47   0.100  5329 104559186  392.723  476.836  68.019 -143.392  -8.92  -8.92  0000
   48   0.133  4286 104559187  394.215  477.624  68.384 -143.672  -8.71  -8.71  0000
   49   0.167  3574 104559188  394.463  477.618  68.408 -143.728  -8.28  -8.28  0000
   50   0.200  2756 104559189  395.935  478.067  68.681 -144.025  -8.01  -8.01  0000
   51   0.234  1991 104559190  396.638  478.103  68.763 -144.179  -7.27  -7.27  0000
