#
#   version : 20090611
#    num_fr : 13
#      time : 20091213 05:07:10.409 UTC
#      unix : 1260680830.409681
#       ntp : LOCK 5625 794190 1444
#       seq : 104525894
#       mul : 0 [A]
#      site : 01
#    latlon : 45.5749 -94.3965 370.0
#      text : Collegeville
#     label : 
#     plate : 
#      geom : 640 480
#    reject : 0
#
#  fr    time   sum     seq       cx       cy      th      phi    lsp    mag  flag
   30  -0.267  1694 104525886  346.267  340.107  28.363 -142.533  -6.03  -6.03  0000
   31  -0.234  1936 104525887  348.182  341.513  28.882 -143.268  -6.39  -6.39  0000
   32  -0.200  2003 104525888  349.673  343.000  29.387 -143.756  -6.48  -6.48  0000
   33  -0.167  1853 104525889  351.370  344.221  29.848 -144.374  -6.51  -6.51  0000
   34  -0.133  2270 104525890  353.273  346.378  30.563 -144.907  -6.75  -6.75  0000
   35  -0.100  2629 104525891  355.520  348.367  31.274 -145.605  -7.11  -7.11  0000
   36  -0.067  3002 104525892  356.816  350.070  31.823 -145.897  -7.41  -7.41  0000
   37  -0.033  3364 104525893  358.233  350.909  32.175 -146.383  -7.73  -7.73  0000
   38   0.000  3616 104525894  359.853  353.160  32.894 -146.700  -7.77  -7.77  0000
   39   0.033  3237 104525895  361.779  354.525  33.433 -147.288  -7.73  -7.73  0000
   40   0.067  2902 104525896  363.813  356.421  34.116 -147.809  -7.38  -7.38  0000
   41   0.100  2540 104525897  365.604  358.254  34.760 -148.224  -6.99  -6.99  0000
   43   0.167  1774 104525899  368.594  361.691  35.932 -148.820  -6.15  -6.15  0000
