#
#   version : 20090611
#    num_fr : 12
#      time : 20091213 09:46:41.292 UTC
#      unix : 1260697601.292899
#       ntp : LOCK -2806 487263 1160
#       seq : 105028515
#       mul : 0 [A]
#      site : 01
#    latlon : 45.5749 -94.3965 370.0
#      text : Collegeville
#     label : 
#     plate : 
#      geom : 640 480
#    reject : 0
#
#  fr    time   sum     seq       cx       cy      th      phi    lsp    mag  flag
   30  -0.133  1701 105028511  430.794  440.701  63.402 -155.360  -6.18  -6.18  0000
   31  -0.100  1711 105028512  430.762  441.007  63.472 -155.316  -6.43  -6.43  0000
   32  -0.067  2180 105028513  430.638  441.949  63.684 -155.176  -6.91  -6.91  0000
   33  -0.033  2644 105028514  430.893  442.330  63.817 -155.187  -7.38  -7.38  0000
   34   0.000  2880 105028515  431.984  443.311  64.224 -155.308  -7.48  -7.48  0000
   35   0.033  2559 105028516  432.075  444.201  64.457 -155.222  -7.55  -7.55  0000
   36   0.067  2626 105028517  431.936  444.226  64.442 -155.189  -7.49  -7.49  0000
   37   0.100  2496 105028518  432.786  445.454  64.875 -155.229  -7.29  -7.29  0000
   38   0.133  2297 105028519  433.722  446.188  65.199 -155.344  -7.06  -7.06  0000
   39   0.167  2062 105028520  434.262  447.043  65.493 -155.360  -6.83  -6.83  0000
   40   0.200  1704 105028521  433.859  448.002  65.668 -155.163  -6.29  -6.29  0000
   43   0.300  1792 105028524  435.443  449.977  66.401 -155.272  -6.49  -6.49  0000
