#
#   version : 20090611
#    num_fr : 35
#      time : 20091213 05:35:50.839 UTC
#      unix : 1260682550.839230
#       ntp : LOCK 4750 644124 1402
#       seq : 104577455
#       mul : 0 [A]
#      site : 01
#    latlon : 45.5749 -94.3965 370.0
#      text : Collegeville
#     label : 
#     plate : 
#      geom : 640 480
#    reject : 0
#
#  fr    time   sum     seq       cx       cy      th      phi    lsp    mag  flag
   30  -1.101  2822 104577422  486.253  105.943  59.363  109.908  -6.21  -6.21  0000
   33  -1.001  3095 104577425  487.278  110.537  58.839  111.023  -6.91  -6.91  0000
   34  -0.968  3282 104577426  487.349  110.920  58.793  111.114  -6.94  -6.94  0000
   35  -0.934  3179 104577427  489.662  111.999  59.179  111.677  -6.93  -6.93  0000
   36  -0.901  3054 104577428  489.034  114.403  58.637  112.103  -6.73  -6.73  0000
   38  -0.834  3544 104577430  490.771  116.863  58.673  112.879  -6.98  -6.98  0000
   39  -0.801  3513 104577431  490.636  118.102  58.446  113.131  -7.19  -7.19  0000
   40  -0.767  3894 104577432  492.336  119.017  58.726  113.564  -7.59  -7.59  0000
   41  -0.734  4324 104577433  492.424  120.571  58.509  113.918  -7.79  -7.79  0000
   42  -0.701  4519 104577434  493.578  122.207  58.551  114.434  -8.08  -8.08  0000
   43  -0.667  5195 104577435  493.665  123.615  58.362  114.759  -8.25  -8.25  0000
   44  -0.634  5619 104577436  495.307  124.691  58.618  115.214  -8.42  -8.42  0000
   45  -0.601  5505 104577437  495.413  126.263  58.415  115.580  -8.53  -8.53  0000
   46  -0.567  6362 104577438  495.166  128.044  58.094  115.951  -8.86  -8.86  0000
   47  -0.534  6603 104577439  496.015  130.074  58.022  116.520  -8.91  -8.91  0000
   48  -0.501  7108 104577440  496.898  130.749  58.154  116.784  -8.94  -8.94  0000
   49  -0.467  6923 104577441  497.874  132.435  58.171  117.291  -8.90  -8.90  0000
   50  -0.434  6286 104577442  497.710  134.646  57.827  117.781  -8.66  -8.66  0000
   51  -0.400  5923 104577443  498.916  136.334  57.914  118.317  -8.71  -8.71  0000
   52  -0.367  5902 104577444  499.000  137.769  57.746  118.662  -8.75  -8.75  0000
   53  -0.334  6356 104577445  499.796  139.225  57.764  119.096  -8.77  -8.77  0000
   54  -0.300  6396 104577446  500.634  140.695  57.796  119.538  -8.73  -8.73  0000
   55  -0.267  6123 104577447  500.861  142.171  57.669  119.912  -8.63  -8.63  0000
   56  -0.234  5807 104577448  501.766  144.203  57.655  120.495  -8.68  -8.68  0000
   57  -0.200  6371 104577449  502.284  146.117  57.560  121.008  -8.89  -8.89  0000
   58  -0.167  5436 104577450  502.779  148.209  57.442  121.564  -8.56  -8.56  0000
   59  -0.133  5914 104577451  503.267  150.154  57.346  122.085  -8.66  -8.66  0000
   60  -0.100  7261 104577452  504.304  151.954  57.419  122.627  -9.09  -9.09  0000
   61  -0.067  6967 104577453  504.361  153.671  57.242  123.052  -9.05  -9.05  0000
   62  -0.033  6898 104577454  505.474  155.032  57.393  123.493  -9.01  -9.01  0000
   63   0.000  7615 104577455  505.858  156.829  57.303  123.971  -9.13  -9.13  0000
   64   0.033  6369 104577456  506.169  158.522  57.209  124.417  -8.88  -8.88  0000
   65   0.067  5374 104577457  506.951  160.730  57.195  125.036  -8.48  -8.48  0000
   66   0.100  4409 104577458  507.946  162.276  57.312  125.507  -8.01  -8.01  0000
   67   0.133  2910 104577459  508.039  164.335  57.135  126.029  -7.04  -7.04  0000
