#
#   version : 20090611
#    num_fr : 13
#      time : 20091213 09:29:46.941 UTC
#      unix : 1260696586.941293
#       ntp : LOCK -2260 992069 1230
#       seq : 104998115
#       mul : 0 [A]
#      site : 01
#    latlon : 45.5749 -94.3965 370.0
#      text : Collegeville
#     label : 
#     plate : 
#      geom : 640 480
#    reject : 0
#
#  fr    time   sum     seq       cx       cy      th      phi    lsp    mag  flag
   30  -0.300  1353 104998106  455.625  374.411  53.393 -171.385  -5.90  -5.90  0000
   31  -0.267  1525 104998107  456.700  375.769  53.875 -171.329  -6.16  -6.16  0000
   33  -0.200  1535 104998109  457.947  379.821  54.907 -170.776  -6.11  -6.11  0000
   34  -0.167  1386 104998110  458.651  381.833  55.441 -170.526  -6.13  -6.13  0000
   35  -0.133  1212 104998111  459.106  384.187  55.991 -170.165  -5.71  -5.71  0000
   36  -0.100  1590 104998112  460.331  386.266  56.651 -170.018  -6.12  -6.12  0000
   37  -0.067  1920 104998113  459.629  388.120  56.870 -169.530  -6.92  -6.92  0000
   38  -0.033  2948 104998114  460.765  389.937  57.462 -169.422  -7.54  -7.54  0000
   39   0.000  3240 104998115  461.414  392.008  58.007 -169.174  -7.92  -7.92  0000
   40   0.033  2802 104998116  461.554  393.234  58.281 -168.981  -7.60  -7.60  0000
   41   0.067  1970 104998117  462.290  395.997  58.986 -168.636  -6.78  -6.78  0000
   42   0.100  2199 104998118  462.357  397.015  59.206 -168.470  -6.98  -6.98  0000
   43   0.133  1662 104998119  463.182  399.754  59.930 -168.158  -6.12  -6.12  0000
