#
#   version : 20090611
#    num_fr : 22
#      time : 20091213 09:38:58.528 UTC
#      unix : 1260697138.528370
#       ntp : LOCK -2885 257263 1160
#       seq : 105014646
#       mul : 0 [A]
#      site : 01
#    latlon : 45.5749 -94.3965 370.0
#      text : Collegeville
#     label : 
#     plate : 
#      geom : 640 480
#    reject : 0
#
#  fr    time   sum     seq       cx       cy      th      phi    lsp    mag  flag
   30  -0.234  1898 105014639  365.580  253.022  14.906  163.363  -6.51  -6.51  0000
   31  -0.200  2657 105014640  365.134  252.118  14.726  162.636  -7.24  -7.24  0000
   32  -0.167  3440 105014641  365.730  251.267  14.820  161.650  -7.97  -7.97  0000
   33  -0.133  4462 105014642  365.752  250.714  14.789  161.113  -8.36  -8.36  0000
   34  -0.100  5678 105014643  366.243  249.958  14.868  160.259  -8.69  -8.69  0000
   35  -0.067  6633 105014644  366.532  249.517  14.916  159.764  -8.92  -8.92  0000
   36  -0.033  7628 105014645  366.453  248.607  14.844  158.905  -9.18  -9.18  0000
   37   0.000  8100 105014646  366.669  248.045  14.870  158.313  -9.31  -9.31  0000
   38   0.033  7553 105014647  366.953  247.213  14.902  157.447  -9.19  -9.19  0000
   39   0.067  8011 105014648  367.838  246.451  15.098  156.541  -9.22  -9.22  0000
   40   0.100  6534 105014649  368.085  245.971  15.142  156.037  -8.89  -8.89  0000
   41   0.133  5191 105014650  368.370  245.348  15.191  155.392  -8.51  -8.51  0000
   42   0.167  4473 105014651  368.905  244.677  15.307  154.667  -8.30  -8.30  0000
   43   0.200  3801 105014652  369.346  243.752  15.391  153.726  -7.94  -7.94  0000
   44   0.234  2859 105014653  369.177  242.578  15.311  152.628  -7.47  -7.47  0000
   45   0.267  3446 105014654  369.536  241.615  15.382  151.671  -7.66  -7.66  0000
   46   0.300  3575 105014655  369.937  240.830  15.472  150.888  -7.66  -7.66  0000
   47   0.334  3094 105014656  370.778  239.899  15.680  149.946  -7.48  -7.48  0000
   48   0.367  3171 105014657  371.531  238.788  15.866  148.866  -7.50  -7.50  0000
   49   0.400  3284 105014658  371.015  237.870  15.721  148.032  -7.69  -7.69  0000
   50   0.434  2371 105014659  371.432  237.274  15.829  147.463  -6.91  -6.91  0000
   51   0.467  1633 105014660  371.969  236.037  15.971  146.309  -6.05  -6.05  0000
