#
#   version : 20090611
#    num_fr : 47
#      time : 20131121 00:41:40.139 UTC
#      unix : 1384994500.139329
#       ntp : LOCK -6037 201431 2615
#       seq : 222402471
#       mul : 0 [A]
#      site : 01
#    latlon : 45.5749 -94.3965 370.0
#      text : Collegeville
#     label : 
#     plate : metal_20100816_20100506-404-gd3
#      geom : 640 480
#    reject : 0
#
#  fr    time   sum     seq       cx       cy      th      phi    lsp    mag  flag
   29  -1.068  1750 222402439  320.678  307.580  15.066 -135.053  -5.67   1.15  0000
   30  -1.034  1595 222402440  322.275  307.460  15.107 -136.657  -5.73   1.09  0000
   31  -1.001  1928 222402441  321.603  307.672  15.130 -135.955  -6.43   0.39  0000
   32  -0.968  1861 222402442  321.983  306.963  14.965 -136.459  -6.01   0.81  0000
   35  -0.868  1795 222402445  324.047  306.043  14.840 -138.706  -5.99   0.83  0000
   36  -0.834  1852 222402446  324.048  305.711  14.756 -138.782  -6.20   0.62  0000
   37  -0.801  1838 222402447  324.524  305.782  14.802 -139.242  -6.71   0.11  0000
   38  -0.767  2025 222402448  324.956  305.457  14.746 -139.750  -6.77   0.05  0000
   39  -0.734  2229 222402449  324.871  305.051  14.638 -139.764  -6.73   0.09  0000
   40  -0.701  2298 222402450  325.078  304.775  14.582 -140.041  -6.83  -0.01  0000
   41  -0.667  2096 222402451  326.337  304.244  14.533 -141.450  -6.58   0.24  0000
   42  -0.634  2234 222402452  326.106  304.362  14.546 -141.185  -6.40   0.42  0000
   43  -0.601  2055 222402453  327.102  303.452  14.390 -142.447  -6.32   0.50  0000
   44  -0.567  2398 222402454  328.369  303.774  14.569 -143.618  -6.69   0.13  0000
   45  -0.534  2014 222402455  329.095  303.820  14.640 -144.321  -6.32   0.50  0000
   46  -0.500  1994 222402456  329.798  302.986  14.494 -145.290  -6.55   0.27  0000
   47  -0.467  2134 222402457  330.029  303.132  14.550 -145.467  -6.84  -0.02  0000
   48  -0.434  2260 222402458  330.090  302.904  14.500 -145.606  -6.84  -0.02  0000
   49  -0.400  2485 222402459  330.908  302.327  14.434 -146.617  -7.14  -0.32  0000
   50  -0.367  2532 222402460  331.157  301.778  14.324 -147.065  -7.28  -0.46  0000
   51  -0.334  2693 222402461  331.035  301.683  14.289 -146.979  -7.43  -0.61  0000
   52  -0.300  2523 222402462  331.847  301.138  14.236 -147.993  -7.26  -0.44  0000
   53  -0.267  3009 222402463  332.127  300.886  14.203 -148.368  -7.29  -0.47  0000
   54  -0.234  2377 222402464  333.844  300.316  14.248 -150.285  -6.93  -0.11  0000
   55  -0.200  2495 222402465  334.238  300.012  14.219 -150.799  -7.15  -0.33  0000
   56  -0.167  2459 222402466  334.856  299.548  14.180 -151.604  -7.31  -0.49  0000
   57  -0.133  2555 222402467  334.981  299.396  14.159 -151.793  -7.31  -0.49  0000
   58  -0.100  2356 222402468  335.402  298.835  14.077 -152.460  -7.24  -0.42  0000
   59  -0.067  2941 222402469  336.011  298.472  14.066 -153.218  -7.48  -0.66  0000
   60  -0.033  5268 222402470  336.562  298.315  14.098 -153.821  -8.83  -2.01  0000
   61   0.000  5335 222402471  336.920  297.907  14.049 -154.364  -8.84  -2.02  0000
   62   0.033  4755 222402472  338.472  297.740  14.212 -155.903  -8.49  -1.67  0000
   63   0.067  3730 222402473  338.750  297.532  14.203 -156.268  -8.10  -1.28  0000
   64   0.100  3615 222402474  339.450  297.142  14.211 -157.119  -7.91  -1.09  0000
   65   0.133  4003 222402475  339.765  296.415  14.093 -157.806  -8.28  -1.46  0000
   66   0.167  4297 222402476  340.418  296.000  14.095 -158.633  -8.54  -1.72  0000
   67   0.200  3638 222402477  340.739  295.802  14.098 -159.036  -8.24  -1.42  0000
   68   0.234  3571 222402478  340.847  295.609  14.071 -159.246  -8.14  -1.32  0000
   69   0.267  3234 222402479  341.486  294.911  14.015 -160.229  -7.84  -1.02  0000
   70   0.300  4128 222402480  342.183  294.905  14.119 -160.850  -8.07  -1.25  0000
   71   0.334  3920 222402481  343.746  294.022  14.176 -162.749  -8.10  -1.28  0000
   72   0.367  3117 222402482  344.120  293.797  14.190 -163.209  -7.95  -1.13  0000
   73   0.400  2662 222402483  344.512  293.777  14.249 -163.553  -7.49  -0.67  0000
   74   0.434  2392 222402484  344.582  293.277  14.158 -163.933  -6.91  -0.09  0000
   75   0.467  2013 222402485  345.350  293.070  14.242 -164.709  -6.19   0.63  0000
   76   0.501  2018 222402486  345.893  292.243  14.167 -165.704  -5.98   0.84  0000
   77   0.534  2003 222402487  346.315  292.083  14.207 -166.156  -6.08   0.74  0000
