#
#   version : 20090611
#    num_fr : 27
#      time : 20091215 10:39:05.864 UTC
#      unix : 1260873545.864320
#       ntp : LOCK 1207 349678 832
#       seq : 110301556
#       mul : 0 [A]
#      site : 01
#    latlon : 45.5749 -94.3965 370.0
#      text : Collegeville
#     label : 
#     plate : 
#      geom : 640 480
#    reject : 0
#
#  fr    time   sum     seq       cx       cy      th      phi    lsp    mag  flag
   30  -0.534  1145 110301540  431.839  401.714  54.456 -161.071  -5.54  -5.54  0000
   31  -0.500  1304 110301541  431.972  401.742  54.485 -161.098  -5.78  -5.78  0000
   32  -0.467  1542 110301542  432.339  402.824  54.789 -161.008  -6.31  -6.31  0000
   33  -0.434  1971 110301543  432.991  403.937  55.149 -160.981  -6.44  -6.44  0000
   34  -0.400  1983 110301544  434.007  404.453  55.440 -161.134  -6.68  -6.68  0000
   35  -0.367  1948 110301545  434.299  404.834  55.575 -161.141  -6.81  -6.81  0000
   36  -0.334  2297 110301546  434.196  405.667  55.743 -160.984  -7.15  -7.15  0000
   37  -0.300  2895 110301547  435.485  406.411  56.132 -161.163  -7.58  -7.58  0000
   38  -0.267  3305 110301548  435.368  406.952  56.233 -161.050  -7.86  -7.86  0000
   39  -0.234  3480 110301549  435.890  407.413  56.426 -161.097  -8.07  -8.07  0000
   40  -0.200  3575 110301550  435.822  408.137  56.577 -160.968  -8.22  -8.22  0000
   41  -0.167  3799 110301551  435.992  408.925  56.783 -160.883  -8.17  -8.17  0000
   42  -0.133  4093 110301552  436.758  409.485  57.041 -160.970  -8.30  -8.30  0000
   43  -0.100  4059 110301553  437.380  410.623  57.404 -160.934  -8.31  -8.31  0000
   44  -0.067  3744 110301554  437.677  411.146  57.573 -160.921  -8.23  -8.23  0000
   45  -0.033  4074 110301555  437.970  411.966  57.809 -160.861  -8.43  -8.43  0000
   46   0.000  4096 110301556  438.852  412.705  58.128 -160.945  -8.28  -8.28  0000
   47   0.033  3738 110301557  438.807  413.460  58.291 -160.820  -8.18  -8.18  0000
   48   0.067  3538 110301558  438.921  414.115  58.458 -160.747  -8.06  -8.06  0000
   49   0.100  3416 110301559  439.633  415.196  58.826 -160.742  -7.97  -7.97  0000
   50   0.133  3374 110301560  439.987  415.712  59.004 -160.743  -7.95  -7.95  0000
   51   0.167  3891 110301561  440.865  416.666  59.373 -160.794  -8.15  -8.15  0000
   52   0.200  3203 110301562  441.273  417.523  59.638 -160.756  -7.79  -7.79  0000
   53   0.234  3659 110301563  441.791  418.541  59.960 -160.719  -7.98  -7.98  0000
   54   0.267  3514 110301564  442.196  419.108  60.159 -160.724  -7.84  -7.84  0000
   55   0.300  2893 110301565  442.096  419.906  60.323 -160.586  -7.67  -7.67  0000
   56   0.334  1912 110301566  441.939  420.216  60.367 -160.507  -6.73  -6.73  0000
