#
#   version : 20090611
#    num_fr : 17
#      time : 20091215 11:24:09.175 UTC
#      unix : 1260876249.175307
#       ntp : LOCK 1341 659576 730
#       seq : 110382574
#       mul : 0 [A]
#      site : 01
#    latlon : 45.5749 -94.3965 370.0
#      text : Collegeville
#     label : 
#     plate : 
#      geom : 640 480
#    reject : 0
#
#  fr    time   sum     seq       cx       cy      th      phi    lsp    mag  flag
   30  -0.434  1325 110382561  425.291  389.951  50.735 -161.480  -5.83  -5.83  0000
   31  -0.400  1675 110382562  425.602  389.044  50.591 -161.719  -6.22  -6.22  0000
   32  -0.367  1840 110382563  426.735  387.873  50.535 -162.211  -6.72  -6.72  0000
   33  -0.334  1911 110382564  428.299  387.266  50.680 -162.708  -6.55  -6.55  0000
   34  -0.300  1846 110382565  429.408  386.199  50.649 -163.175  -6.93  -6.93  0000
   35  -0.267  2338 110382566  431.444  385.303  50.826 -163.836  -7.20  -7.20  0000
   36  -0.234  2573 110382567  432.337  384.873  50.898 -164.132  -7.54  -7.54  0000
   37  -0.200  2811 110382568  432.633  384.083  50.786 -164.351  -7.53  -7.53  0000
   38  -0.167  2688 110382569  435.243  383.323  51.110 -165.117  -7.65  -7.65  0000
   39  -0.133  2738 110382570  436.288  382.096  51.052 -165.597  -7.60  -7.60  0000
   40  -0.100  2914 110382571  437.257  381.360  51.084 -165.966  -7.89  -7.89  0000
   41  -0.067  2799 110382572  438.769  380.396  51.175 -166.505  -7.64  -7.64  0000
   42  -0.033  2910 110382573  439.888  379.351  51.179 -166.967  -7.58  -7.58  0000
   43   0.000  2956 110382574  442.174  378.573  51.468 -167.642  -7.88  -7.88  0000
   44   0.033  2406 110382575  442.720  377.385  51.338 -168.002  -7.39  -7.39  0000
   45   0.067  2477 110382576  444.257  376.487  51.465 -168.527  -7.43  -7.43  0000
   46   0.100  2502 110382577  446.707  375.298  51.724 -169.309  -7.27  -7.27  0000
