#
#   version : 20090611
#    num_fr : 14
#      time : 20100728 08:26:23.962 UTC
#      unix : 1280305583.962509
#       ntp : LOCK 3615 376090 1295
#       seq : 31646718
#       mul : 0 [A]
#      site : 01
#    latlon : 45.5749 -94.3965 370.0
#      text : Collegeville
#     label : 
#     plate : metal 20090611
#      geom : 640 480
#    reject : 0
#
#  fr    time   sum     seq       cx       cy      th      phi    lsp    mag  flag
   30  -0.367  4093 31646707  464.197   80.685  59.128  101.313  -7.27  -7.27  0000
   31  -0.334  3874 31646708  466.830   80.565  59.708  101.762  -7.11  -7.11  0000
   32  -0.300  4137 31646709  467.964   79.935  60.077  101.848  -7.65  -7.65  0000
   33  -0.267  4230 31646710  469.037   79.854  60.322  102.021  -7.60  -7.60  0000
   34  -0.234  4838 31646711  471.313   79.946  60.792  102.433  -7.92  -7.92  0000
   35  -0.200  4645 31646712  472.292   79.629  61.067  102.543  -7.98  -7.98  0000
   36  -0.167  5181 31646713  475.458   79.728  61.736  103.096  -8.18  -8.18  0000
   37  -0.133  5626 31646714  477.194   80.008  62.062  103.435  -8.27  -8.27  0000
   38  -0.100  5394 31646715  478.842   79.603  62.506  103.633  -8.24  -8.24  0000
   39  -0.067  5603 31646716  481.661   78.913  63.269  103.964  -8.32  -8.32  0000
   40  -0.033  5599 31646717  483.059   79.136  63.538  104.227  -8.49  -8.49  0000
   41   0.000  6374 31646718  485.337   79.288  64.022  104.613  -8.67  -8.67  0000
   42   0.033  5815 31646719  486.237   79.321  64.219  104.759  -8.46  -8.46  0000
   43   0.067  2850 31646720  488.398   79.688  64.641  105.158  -6.35  -6.35  0000
