#
#   version : 20090611
#    num_fr : 40
#      time : 20121108 09:15:07.324 UTC
#      unix : 1352366107.324794
#       ntp : LOCK 413 128601 577
#       seq : 195033132
#       mul : 0 [A]
#      site : 01
#    latlon : 45.5749 -94.3965 370.0
#      text : Collegeville
#     label : 
#     plate : metal_20100816_20100506-404-gd3
#      geom : 640 480
#    reject : 0
#
#  fr    time   sum     seq       cx       cy      th      phi    lsp    mag  flag
   29  -1.134  1862 195033098  274.893  184.994  19.556   23.357  -5.64   1.18  0000
   30  -1.101  1620 195033099  273.270  183.508  20.116   22.835  -5.96   0.86  0000
   31  -1.068  2049 195033100  273.750  181.973  20.399   23.715  -6.29   0.53  0000
   32  -1.034  2129 195033101  271.470  179.487  21.276   23.144  -6.45   0.37  0000
   33  -1.001  2413 195033102  272.184  177.940  21.532   24.123  -6.78   0.04  0000
   34  -0.968  2442 195033103  271.023  176.090  22.112   24.027  -6.86  -0.04  0000
   35  -0.934  2453 195033104  270.753  174.219  22.579   24.472  -6.87  -0.05  0000
   36  -0.901  2653 195033105  268.819  172.617  23.206   23.844  -7.28  -0.46  0000
   37  -0.868  2715 195033106  269.076  171.526  23.423   24.333  -7.33  -0.51  0000
   38  -0.834  3010 195033107  268.314  168.946  24.120   24.679  -7.47  -0.65  0000
   39  -0.801  3265 195033108  267.374  167.606  24.555   24.551  -7.81  -0.99  0000
   40  -0.767  3427 195033109  266.238  165.103  25.286   24.654  -7.78  -0.96  0000
   41  -0.734  3275 195033110  265.798  163.514  25.713   24.863  -7.74  -0.92  0000
   42  -0.701  3423 195033111  265.195  161.428  26.278   25.115  -7.83  -1.01  0000
   43  -0.667  3342 195033112  264.218  159.500  26.856   25.125  -7.88  -1.06  0000
   44  -0.634  3786 195033113  264.128  157.643  27.303   25.559  -8.06  -1.24  0000
   45  -0.601  3756 195033114  263.439  155.890  27.804   25.657  -8.09  -1.27  0000
   46  -0.567  3650 195033115  262.546  153.894  28.389   25.712  -8.08  -1.26  0000
   47  -0.534  3909 195033116  261.562  151.491  29.082   25.818  -8.23  -1.41  0000
   48  -0.501  4704 195033117  260.793  149.655  29.614   25.887  -8.49  -1.67  0000
   49  -0.467  5058 195033118  259.921  147.506  30.235   25.978  -8.55  -1.73  0000
   50  -0.434  5209 195033119  258.935  145.305  30.883   26.025  -8.60  -1.78  0000
   51  -0.400  5904 195033120  258.230  143.565  31.387   26.093  -8.84  -2.02  0000
   52  -0.367  5855 195033121  257.319  141.296  32.043   26.182  -8.83  -2.01  0000
   53  -0.334  6154 195033122  257.063  139.395  32.530   26.470  -8.91  -2.09  0000
   54  -0.300  5805 195033123  255.717  137.209  33.223   26.349  -8.78  -1.96  0000
   55  -0.267  5694 195033124  255.510  135.177  33.736   26.670  -8.78  -1.96  0000
   56  -0.234  5464 195033125  254.701  132.972  34.368   26.770  -8.72  -1.90  0000
   57  -0.200  5719 195033126  253.942  130.854  34.974   26.870  -8.83  -2.01  0000
   58  -0.167  5388 195033127  253.064  128.988  35.534   26.873  -8.74  -1.92  0000
   59  -0.133  5697 195033128  252.054  126.923  36.160   26.860  -8.83  -2.01  0000
   60  -0.100  4730 195033129  251.106  125.202  36.696   26.809  -8.54  -1.72  0000
   61  -0.067  4760 195033130  250.502  122.793  37.355   27.011  -8.60  -1.78  0000
   62  -0.033  5798 195033131  249.599  119.975  38.154   27.165  -8.95  -2.13  0000
   63   0.000  6381 195033132  248.964  118.466  38.601   27.190  -9.02  -2.20  0000
   64   0.033  6096 195033133  248.314  116.245  39.225   27.327  -9.01  -2.19  0000
   65   0.067  4580 195033134  247.652  114.943  39.625   27.305  -8.48  -1.66  0000
   66   0.100  4557 195033135  247.205  113.422  40.054   27.395  -8.27  -1.45  0000
   67   0.133  3396 195033136  246.364  111.020  40.748   27.486  -7.77  -0.95  0000
   68   0.167  2612 195033137  245.461  108.905  41.380   27.508  -6.96  -0.14  0000
