#
#   version : 20090611
#    num_fr : 14
#      time : 20110405 01:46:30.693 UTC
#      unix : 1301967990.693474
#       ntp : LOCK -927 413694 521
#       seq : 212863749
#       mul : 0 [A]
#      site : 01
#    latlon : 45.5749 -94.3965 370.0
#      text : Collegeville
#     label : 
#     plate : metal_20100816_20100506-404-gd3
#      geom : 640 480
#    reject : 0
#
#  fr    time   sum     seq       cx       cy      th      phi    lsp    mag  flag
   30  -0.167  3682 212863744  276.124  165.823  23.917   30.036  -6.30  -6.30  0000
   31  -0.133  2867 212863745  274.562  164.652  24.373   29.411  -7.09  -7.09  0000
   32  -0.100  4358 212863746  272.645  163.020  24.984   28.724  -7.15  -7.15  0000
   33  -0.067  3682 212863747  272.176  162.891  25.069   28.493  -7.28  -7.28  0000
   34  -0.033  3288 212863748  271.381  161.941  25.390   28.289  -7.26  -7.26  0000
   35   0.000  4456 212863749  269.471  161.019  25.837   27.479  -6.87  -6.87  0000
   36   0.033  3821 212863750  269.791  160.109  26.016   27.877  -7.20  -7.20  0000
   37   0.067  4180 212863751  267.474  158.992  26.562   26.930  -6.95  -6.95  0000
   38   0.100  3660 212863752  267.228  158.769  26.646   26.857  -6.94  -6.94  0000
   39   0.133  2535 212863753  265.644  158.362  26.940   26.144  -6.65  -6.65  0000
   40   0.167  3958 212863754  265.124  157.842  27.129   26.011  -6.91  -6.91  0000
   41   0.200  4201 212863755  264.838  156.105  27.575   26.299  -7.05  -7.05  0000
   42   0.234  3454 212863756  262.359  155.011  28.150   25.347  -6.63  -6.63  0000
   44   0.300  3264 212863758  260.126  154.168  28.642   24.486  -6.95  -6.95  0000
