#
#   version : 20090611
#    num_fr : 12
#      time : 20131020 04:38:14.155 UTC
#      unix : 1382243894.155440
#       ntp : LOCK -1041 183137 823
#       seq : 139968684
#       mul : 0 [A]
#      site : 01
#    latlon : 45.5749 -94.3965 370.0
#      text : Collegeville
#     label : 
#     plate : metal_20100816_20100506-404-gd3
#      geom : 640 480
#    reject : 0
#
#  fr    time   sum     seq       cx       cy      th      phi    lsp    mag  flag
   30  -0.400  3195 139968672   84.871  137.062  71.093  -11.352  -7.75  -0.93  0000
   32  -0.334  3142 139968674   84.048  138.361  71.156  -11.690  -7.81  -0.99  0000
   33  -0.300  2751 139968675   82.984  140.932  71.128  -12.302  -8.44  -1.62  0000
   34  -0.267  3817 139968676   83.143  141.227  71.044  -12.344  -8.22  -1.40  0000
   35  -0.234  2307 139968677   81.500  143.122  71.277  -12.881  -7.95  -1.13  0000
   36  -0.200  2253 139968678   81.423  144.014  71.188  -13.064  -8.07  -1.25  0000
   37  -0.167  2586 139968679   80.697  145.708  71.189  -13.470  -8.32  -1.50  0000
   38  -0.133  3866 139968680   79.568  146.915  71.370  -13.817  -8.02  -1.20  0000
   39  -0.100  5173 139968681   79.402  148.102  71.275  -14.068  -8.23  -1.41  0000
   40  -0.067  3166 139968682   79.969  149.898  70.898  -14.375  -8.11  -1.29  0000
   41  -0.033  3275 139968683   78.827  151.106  71.090  -14.722  -7.89  -1.07  0000
   42   0.000  5211 139968684   77.671  152.143  71.309  -15.035  -7.82  -1.00  0000
