#
#   version : 20090611
#    num_fr : 20
#      time : 20131013 01:09:34.159 UTC
#      unix : 1381626574.159602
#       ntp : LOCK -944 460246 971
#       seq : 121468035
#       mul : 0 [A]
#      site : 01
#    latlon : 45.5749 -94.3965 370.0
#      text : Collegeville
#     label : 
#     plate : metal_20100816_20100506-404-gd3
#      geom : 640 480
#    reject : 0
#
#  fr    time   sum     seq       cx       cy      th      phi    lsp    mag  flag
   29  -0.501  3124 121468020  416.908   45.304  62.216   81.425  -6.09   0.73  0000
   30  -0.467  3026 121468021  416.861   45.137  62.252   81.395  -6.03   0.79  0000
   31  -0.434  2810 121468022  415.285   43.885  62.359   80.888  -6.39   0.43  0000
   32  -0.400  3411 121468023  415.290   43.265  62.521   80.817  -6.43   0.39  0000
   33  -0.367  3410 121468024  414.345   42.174  62.677   80.475  -6.89  -0.07  0000
   34  -0.334  3407 121468025  414.944   41.241  63.000   80.505  -6.85  -0.03  0000
   35  -0.300  3373 121468026  414.829   40.910  63.071   80.441  -6.53   0.29  0000
   36  -0.267  4146 121468027  413.788   39.325  63.347   80.026  -7.61  -0.79  0000
   37  -0.234  5279 121468028  413.624   38.681  63.494   79.917  -8.38  -1.56  0000
   38  -0.200  4151 121468029  414.211   37.813  63.799   79.953  -7.69  -0.87  0000
   39  -0.167  3433 121468030  414.010   37.495  63.856   79.872  -6.96  -0.14  0000
   40  -0.133  3630 121468031  413.963   36.231  64.183   79.722  -7.07  -0.25  0000
   41  -0.100  3307 121468032  413.862   35.877  64.263   79.661  -6.73   0.09  0000
   42  -0.067  3303 121468033  412.508   34.761  64.381   79.236  -6.56   0.26  0000
   43  -0.033  3329 121468034  412.962   33.772  64.703   79.231  -6.82   0.00  0000
   44   0.000  9364 121468035  411.818   32.295  64.948   78.819  -9.90  -3.08  0000
   45   0.033  9296 121468036  411.709   32.166  64.968   78.781  -9.70  -2.88  0000
   46   0.067  6709 121468037  411.897   30.293  65.492   78.627  -8.86  -2.04  0000
   47   0.100  3555 121468038  411.855   30.946  65.312   78.686  -7.11  -0.29  0000
   48   0.133  3665 121468039  411.675   29.938  65.559   78.541  -7.46  -0.64  0000
