#
#   version : 20090611
#    num_fr : 20
#      time : 20100105 09:36:17.094 UTC
#      unix : 1262684177.094801
#       ntp : LOCK 421 623745 439
#       seq : 47289261
#       mul : 0 [A]
#      site : 01
#    latlon : 45.5749 -94.3965 370.0
#      text : Collegeville
#     label : 
#     plate : metal 20090611
#      geom : 640 480
#    reject : 0
#
#  fr    time   sum     seq       cx       cy      th      phi    lsp    mag  flag
   29  -0.334  2806 47289251  343.506  393.252  41.764 -135.516  -6.34  -6.34  0000
   30  -0.300  3021 47289252  342.500  395.111  42.196 -135.022  -6.58  -6.58  0000
   31  -0.267  3370 47289253  342.278  397.053  42.696 -134.814  -7.01  -7.01  0000
   32  -0.234  3622 47289254  343.470  399.136  43.311 -135.103  -7.16  -7.16  0000
   33  -0.200  3710 47289255  342.655  400.995  43.758 -134.698  -7.39  -7.39  0000
   34  -0.167  3925 47289256  342.627  402.795  44.233 -134.577  -7.44  -7.44  0000
   35  -0.133  4603 47289257  343.619  404.718  44.796 -134.801  -7.78  -7.78  0000
   36  -0.100  4612 47289258  343.144  406.158  45.153 -134.551  -7.95  -7.95  0000
   37  -0.067  4260 47289259  342.931  408.367  45.729 -134.350  -7.81  -7.81  0000
   38  -0.033  4702 47289260  343.819  410.143  46.248 -134.544  -8.13  -8.13  0000
   39   0.000  5080 47289261  343.360  411.781  46.661 -134.299  -8.15  -8.15  0000
   40   0.033  4500 47289262  343.281  412.728  46.909 -134.220  -7.86  -7.86  0000
   41   0.067  4498 47289263  342.951  414.888  47.470 -133.995  -7.84  -7.84  0000
   42   0.100  4538 47289264  343.957  416.715  48.011 -134.222  -7.91  -7.91  0000
   43   0.133  3821 47289265  343.576  418.133  48.371 -134.024  -7.77  -7.77  0000
   44   0.167  4123 47289266  344.317  419.904  48.884 -134.167  -7.58  -7.58  0000
   45   0.200  3756 47289267  342.780  420.966  49.092 -133.626  -7.21  -7.21  0000
   46   0.234  3395 47289268  344.146  422.846  49.666 -133.961  -7.05  -7.05  0000
   47   0.267  3163 47289269  343.284  424.096  49.960 -133.630  -6.59  -6.59  0000
   48   0.300  2946 47289270  344.851  426.089  50.576 -134.015  -6.39  -6.39  0000
