#
#   version : 20090611
#    num_fr : 17
#      time : 20140506 09:49:54.237 UTC
#      unix : 1399369794.237326
#       ntp : LOCK -463 1003537 701
#       seq : 110933930
#       mul : 0 [A]
#      site : 01
#    latlon : 45.5749 -94.3965 370.0
#      text : Collegeville
#     label : 
#     plate : metal_20100816_20100506-404-gd3
#      geom : 640 480
#    reject : 0
#
#  fr    time   sum     seq       cx       cy      th      phi    lsp    mag  flag
   30  -0.567  3830 110933913  365.876  171.907  24.914   89.320  -5.49   1.33  0000
   34  -0.434  4184 110933917  381.022  173.920  27.102   96.998  -6.16   0.66  0000
   37  -0.334  3766 110933920  394.499  175.275  29.485  102.628  -6.91  -0.09  0000
   38  -0.300  4374 110933921  396.968  175.987  29.871  103.740  -6.89  -0.07  0000
   39  -0.267  3505 110933922  400.849  176.153  30.660  105.065  -7.14  -0.32  0000
   40  -0.234  3605 110933923  406.309  177.058  31.689  107.074  -7.48  -0.66  0000
   41  -0.200  3013 110933924  409.034  177.112  32.280  107.879  -7.69  -0.87  0000
   42  -0.167  4782 110933925  411.501  178.331  32.641  109.023  -8.02  -1.20  0000
   43  -0.133  5940 110933926  415.217  178.652  33.433  110.129  -8.33  -1.51  0000
   44  -0.100  5128 110933927  418.240  179.493  34.003  111.208  -8.53  -1.71  0000
   45  -0.067  4918 110933928  421.522  179.839  34.717  112.130  -8.61  -1.79  0000
   46  -0.033  5220 110933929  425.320  180.185  35.561  113.132  -8.55  -1.73  0000
   47   0.000  6365 110933930  430.465  181.004  36.678  114.544  -8.44  -1.62  0000
   48   0.033  5550 110933931  433.488  181.939  37.287  115.496  -8.44  -1.62  0000
   49   0.067  5819 110933932  437.128  182.088  38.157  116.260  -8.11  -1.29  0000
   50   0.100  4933 110933933  439.410  183.558  38.537  117.202  -7.83  -1.01  0000
   51   0.133  4333 110933934  442.175  184.109  39.158  117.892  -5.93   0.89  0000
