#
#   version : 20090611
#    num_fr : 17
#      time : 20141113 18:14:16.298 UTC
#      unix : 1415902456.298701
#       ntp : LOCK 321 175968 877
#       seq : 225445555
#       mul : 0 [A]
#      site : 01
#    latlon : 45.5749 -94.3965 370.0
#      text : Collegeville
#     label : 
#     plate : metal_20100816_20100506-404-gd3
#      geom : 640 480
#    reject : 0
#
#  fr    time   sum     seq       cx       cy      th      phi    lsp    mag  flag
   29  -0.133  8259 225445551  236.210  287.417  22.474  -61.979  -8.91  -2.09  0000
   33   0.000  8561 225445555  236.092  287.437  22.506  -61.956  -9.11  -2.29  0000
   53   0.667  8160 225445575  234.203  288.411  23.081  -61.981  -8.93  -2.11  0002
   99   2.202  7731 225445621  230.155  290.386  24.304  -61.968  -8.96  -2.14  0002
  104   2.369  6928 225445626  229.419  292.034  24.677  -62.666  -8.72  -1.90  0000
  113   2.669  7782 225445635  229.043  290.485  24.590  -61.723  -9.07  -2.25  0000
  114   2.703  7951 225445636  229.007  290.487  24.599  -61.714  -9.10  -2.28  0000
  119   2.870  7644 225445641  228.173  291.331  24.901  -61.951  -8.89  -2.07  0000
  120   2.903  7581 225445642  228.166  291.346  24.905  -61.956  -8.94  -2.12  0000
  122   2.970  7639 225445644  228.108  291.349  24.919  -61.943  -9.05  -2.23  0000
  123   3.003  7724 225445645  228.070  291.361  24.930  -61.940  -9.13  -2.31  0000
  127   3.136  7397 225445649  227.242  291.393  25.138  -61.739  -8.65  -1.83  0000
  128   3.170  7423 225445650  227.239  291.411  25.141  -61.748  -8.68  -1.86  0000
  131   3.270  7662 225445653  227.134  291.414  25.168  -61.722  -8.87  -2.05  0000
  132   3.303  7768 225445654  227.086  291.416  25.180  -61.711  -8.93  -2.11  0000
  141   3.604  7613 225445663  226.140  291.460  25.419  -61.490  -8.67  -1.85  0000
  143   3.670  7618 225445665  226.106  292.295  25.522  -61.922  -9.03  -2.21  0000
