#
#   version : 20090611
#    num_fr : 14
#      time : 20120926 06:57:50.769 UTC
#      unix : 1348642670.769826
#       ntp : LOCK -67 310212 754
#       seq : 83442762
#       mul : 0 [A]
#      site : 01
#    latlon : 45.5749 -94.3965 370.0
#      text : Collegeville
#     label : 
#     plate : metal_20100816_20100506-404-gd3
#      geom : 640 480
#    reject : 0
#
#  fr    time   sum     seq       cx       cy      th      phi    lsp    mag  flag
   30  -0.167  2992 83442757  268.100  150.583  28.508   29.188  -6.95  -0.13  0000
   31  -0.133  3529 83442758  268.020  152.205  28.124   28.797  -7.59  -0.77  0000
   32  -0.100  3889 83442759  268.818  154.691  27.431   28.646  -8.04  -1.22  0000
   33  -0.067  4119 83442760  267.634  157.890  26.805   27.284  -8.03  -1.21  0000
   34  -0.033  3938 83442761  268.120  160.798  26.054   26.814  -8.02  -1.20  0000
   35   0.000  4924 83442762  267.421  162.720  25.688   25.941  -8.49  -1.67  0000
   36   0.033  4487 83442763  268.199  166.415  24.723   25.348  -8.30  -1.48  0000
   37   0.067  4899 83442764  266.939  169.955  24.072   23.607  -8.51  -1.69  0000
   38   0.100  4676 83442765  267.760  172.293  23.425   23.339  -8.32  -1.50  0000
   39   0.133  4309 83442766  267.075  175.878  22.710   21.760  -8.41  -1.59  0000
   40   0.167  4418 83442767  266.284  178.090  22.333   20.523  -8.15  -1.33  0000
   41   0.200  3891 83442768  266.638  182.171  21.384   19.196  -8.02  -1.20  0000
   42   0.234  3175 83442769  266.189  183.960  21.068   18.215  -7.19  -0.37  0000
   43   0.267  2330 83442770  266.919  187.817  20.130   17.028  -6.18   0.64  0000
