#
#   version : 20090611
#    num_fr : 20
#      time : 20120926 06:43:26.935 UTC
#      unix : 1348641806.935067
#       ntp : LOCK 324 763475 781
#       seq : 83416873
#       mul : 0 [A]
#      site : 01
#    latlon : 45.5749 -94.3965 370.0
#      text : Collegeville
#     label : 
#     plate : metal_20100816_20100506-404-gd3
#      geom : 640 480
#    reject : 0
#
#  fr    time   sum     seq       cx       cy      th      phi    lsp    mag  flag
   30  -0.267  3068 83416865  218.127  455.071  61.207 -100.630  -6.37   0.45  0000
   31  -0.234  3380 83416866  218.271  455.391  61.273 -100.697  -6.57   0.25  0000
   32  -0.200  3882 83416867  218.115  456.963  61.712 -100.823  -6.83  -0.01  0000
   33  -0.167  3826 83416868  218.171  457.012  61.717 -100.841  -6.96  -0.14  0000
   34  -0.133  3754 83416869  217.834  457.178  61.805 -100.780  -7.08  -0.26  0000
   35  -0.100  3751 83416870  217.377  458.253  62.151 -100.784  -6.84  -0.02  0000
   36  -0.067  3298 83416871  217.182  459.320  62.461 -100.848  -7.19  -0.37  0000
   37  -0.033  4236 83416872  216.705  459.465  62.562 -100.754  -7.29  -0.47  0000
   38   0.000  4602 83416873  217.838  461.121  62.859 -101.178  -7.66  -0.84  0000
   39   0.033  4138 83416874  217.788  461.213  62.891 -101.176  -7.54  -0.72  0000
   40   0.067  3983 83416875  217.032  462.260  63.269 -101.108  -7.68  -0.86  0000
   41   0.100  4587 83416876  217.125  462.588  63.345 -101.161  -7.64  -0.82  0000
   42   0.133  3457 83416877  216.989  463.872  63.708 -101.256  -7.39  -0.57  0000
   43   0.167  3388 83416878  216.830  464.754  63.967 -101.306  -7.50  -0.68  0000
   44   0.200  3880 83416879  216.081  464.917  64.107 -101.154  -7.03  -0.21  0000
   45   0.234  4018 83416880  215.924  465.862  64.382 -101.211  -6.93  -0.11  0000
   46   0.267  3901 83416881  215.059  467.060  64.818 -101.134  -6.76   0.06  0000
   47   0.300  3457 83416882  214.976  467.069  64.831 -101.117  -6.58   0.24  0000
   48   0.334  2673 83416883  214.207  468.022  65.189 -101.038  -6.55   0.27  0000
   49   0.367  3388 83416884  214.153  468.356  65.286 -101.059  -6.36   0.46  0000
