#
#   version : 20090611
#    num_fr : 14
#      time : 20120926 09:38:17.880 UTC
#      unix : 1348652297.880863
#       ntp : LOCK 200 519614 546
#       seq : 83731281
#       mul : 0 [A]
#      site : 01
#    latlon : 45.5749 -94.3965 370.0
#      text : Collegeville
#     label : 
#     plate : metal_20100816_20100506-404-gd3
#      geom : 640 480
#    reject : 0
#
#  fr    time   sum     seq       cx       cy      th      phi    lsp    mag  flag
   29  -0.234  2103 83731274  504.533  118.904  63.892  110.571  -6.66   0.16  0000
   30  -0.200  2680 83731275  504.797  118.107  64.087  110.446  -7.33  -0.51  0000
   31  -0.167  2892 83731276  506.206  117.000  64.620  110.418  -7.76  -0.94  0000
   32  -0.133  3171 83731277  507.724  115.866  65.185  110.401  -8.04  -1.22  0000
   33  -0.100  3447 83731278  508.353  114.910  65.500  110.297  -8.04  -1.22  0000
   34  -0.067  4578 83731279  510.388  113.752  66.201  110.346  -8.39  -1.57  0000
   35  -0.033  4200 83731280  511.168  113.007  66.521  110.306  -8.48  -1.66  0000
   36   0.000  4611 83731281  512.663  111.729  67.108  110.258  -8.49  -1.67  0000
   37   0.033  4289 83731282  513.488  110.934  67.449  110.215  -8.62  -1.80  0000
   38   0.067  4027 83731283  514.945  109.656  68.029  110.164  -8.34  -1.52  0000
   39   0.100  4443 83731284  516.185  108.710  68.501  110.148  -8.32  -1.50  0000
   40   0.133  3197 83731285  517.687  107.469  69.090  110.111  -8.05  -1.23  0000
   41   0.167  2151 83731286  518.206  106.589  69.369  110.014  -7.03  -0.21  0000
   42   0.200  1609 83731287  518.988  106.096  69.651  110.024  -6.10   0.72  0000
