#
#   version : 20090611
#    num_fr : 23
#      time : 20140928 04:47:35.190 UTC
#      unix : 1411879655.190967
#       ntp : LOCK 1045 267787 4155
#       seq : 104884904
#       mul : 0 [A]
#      site : 01
#    latlon : 45.5749 -94.3965 370.0
#      text : Collegeville
#     label : 
#     plate : metal_20100816_20100506-404-gd3
#      geom : 640 480
#    reject : 0
#
#  fr    time   sum     seq       cx       cy      th      phi    lsp    mag  flag
   29  -0.534  1897 104884888  334.984   40.302  56.437   59.836  -6.13   0.69  0000
   30  -0.501  2174 104884889  335.971   39.638  56.657   60.089  -6.43   0.39  0000
   31  -0.467  2212 104884890  333.433   39.175  56.709   59.365  -6.45   0.37  0000
   32  -0.434  2399 104884891  333.909   38.604  56.886   59.480  -6.86  -0.04  0000
   33  -0.400  2639 104884892  333.645   37.488  57.196   59.370  -6.87  -0.05  0000
   34  -0.367  2373 104884893  332.140   36.876  57.327   58.935  -6.93  -0.11  0000
   35  -0.334  2358 104884894  332.060   36.509  57.430   58.902  -6.86  -0.04  0000
   36  -0.300  2729 104884895  331.763   35.754  57.637   58.798  -7.39  -0.57  0000
   37  -0.267  2708 104884896  330.858   35.431  57.706   58.540  -7.13  -0.31  0000
   38  -0.234  2619 104884897  329.643   34.360  57.983   58.177  -6.97  -0.15  0000
   39  -0.200  2469 104884898  329.503   33.614  58.193   58.119  -7.12  -0.30  0000
   40  -0.167  2798 104884899  328.004   32.954  58.349   57.694  -7.24  -0.42  0000
   41  -0.133  2492 104884900  328.116   32.118  58.591   57.704  -7.14  -0.32  0000
   42  -0.100  2723 104884901  327.975   31.703  58.707   57.656  -7.17  -0.35  0000
   43  -0.067  2646 104884902  326.115   30.537  59.006   57.126  -7.22  -0.40  0000
   44  -0.033  3026 104884903  325.726   30.375  59.045   57.018  -7.25  -0.43  0000
   45   0.000  3721 104884904  325.220   29.170  59.383   56.857  -7.90  -1.08  0000
   46   0.033  3474 104884905  325.017   28.686  59.519   56.793  -7.85  -1.03  0000
   47   0.067  2923 104884906  323.625   27.971  59.704   56.407  -7.17  -0.35  0000
   48   0.100  2385 104884907  323.332   27.583  59.812   56.322  -6.89  -0.07  0000
   49   0.133  2336 104884908  323.785   26.800  60.044   56.429  -6.60   0.22  0000
   51   0.200  2752 104884910  321.274   25.544  60.375   55.741  -7.14  -0.32  0000
   52   0.234  2481 104884911  321.101   24.170  60.771   55.675  -6.73   0.09  0000
