#
#   version : 20090611
#    num_fr : 12
#      time : 20141014 07:58:48.534 UTC
#      unix : 1413273528.534730
#       ntp : LOCK -1219 115284 2480
#       seq : 146658351
#       mul : 0 [A]
#      site : 01
#    latlon : 45.5749 -94.3965 370.0
#      text : Collegeville
#     label : 
#     plate : metal_20100816_20100506-404-gd3
#      geom : 640 480
#    reject : 0
#
#  fr    time   sum     seq       cx       cy      th      phi    lsp    mag  flag
   30  -0.334  2018 146658341  332.971  243.467   5.866  127.293  -5.44   1.38  0000
   31  -0.300  2097 146658342  336.321  243.920   6.691  130.424  -6.16   0.66  0000
   32  -0.267  2475 146658343  342.095  243.133   8.227  131.550  -6.64   0.18  0000
   33  -0.234  2227 146658344  345.713  243.225   9.161  132.987  -6.80   0.02  0000
   34  -0.200  2896 146658345  349.129  243.763  10.029  134.754  -7.18  -0.36  0000
   35  -0.167  2717 146658346  352.946  243.640  11.035  135.441  -7.23  -0.41  0000
   36  -0.133  2970 146658347  359.124  243.439  12.669  136.322  -7.12  -0.30  0000
   37  -0.100  2936 146658348  362.894  243.378  13.667  136.825  -7.34  -0.52  0000
   38  -0.067  2915 146658349  366.522  243.778  14.615  137.707  -7.16  -0.34  0000
   39  -0.033  2952 146658350  369.782  243.788  15.480  138.075  -7.12  -0.30  0000
   40   0.000  3024 146658351  375.991  243.667  17.135  138.558  -7.11  -0.29  0000
   41   0.033  2504 146658352  379.484  244.062  18.057  139.171  -6.43   0.39  0000
