#
#   version : 20090611
#    num_fr : 16
#      time : 20130701 06:51:19.353 UTC
#      unix : 1372661479.353895
#       ntp : LOCK 2755 198389 873
#       seq : 22245436
#       mul : 0 [A]
#      site : 01
#    latlon : 45.5749 -94.3965 370.0
#      text : Collegeville
#     label : 
#     plate : metal_20100816_20100506-404-gd3
#      geom : 640 480
#    reject : 0
#
#  fr    time   sum     seq       cx       cy      th      phi    lsp    mag  flag
   30  -0.434  2837 22245423   96.814  243.375  59.772  -35.069  -6.58   0.24  0000
   31  -0.400  3129 22245424   95.340  244.469  60.208  -35.364  -7.34  -0.52  0000
   32  -0.367  3577 22245425   95.137  246.365  60.259  -35.847  -7.74  -0.92  0000
   33  -0.334  4530 22245426   94.554  247.233  60.431  -36.072  -8.38  -1.56  0000
   34  -0.300  4961 22245427   93.288  248.706  60.810  -36.452  -8.38  -1.56  0000
   35  -0.267  4741 22245428   91.564  250.437  61.332  -36.893  -8.35  -1.53  0000
   36  -0.234  6319 22245429   90.661  251.786  61.608  -37.232  -8.88  -2.06  0000
   37  -0.200  6667 22245430   89.447  253.209  61.981  -37.586  -9.05  -2.23  0000
   38  -0.167  6232 22245431   87.887  254.970  62.466  -38.019  -9.10  -2.28  0000
   39  -0.133  5930 22245432   87.891  256.090  62.473  -38.294  -8.85  -2.03  0000
   40  -0.100  7274 22245433   86.310  257.685  62.969  -38.678  -9.16  -2.34  0000
   41  -0.067  7909 22245434   84.640  259.944  63.505  -39.217  -9.51  -2.69  0000
   42  -0.033  8181 22245435   84.103  261.265  63.687  -39.531  -9.35  -2.53  0000
   43   0.000  8659 22245436   82.556  263.041  64.188  -39.944  -9.51  -2.69  0000
   44   0.033  8233 22245437   79.892  264.889  65.038  -40.354  -9.56  -2.74  0000
   45   0.067  7745 22245438   80.757  265.930  64.793  -40.611  -9.23  -2.41  0000
