#
#   version : 20090611
#    num_fr : 23
#      time : 20091130 04:30:33.373 UTC
#      unix : 1259555433.373014
#       ntp : LOCK 143 1087893 811
#       seq : 70797813
#       mul : 0 [A]
#      site : 01
#    latlon : 45.5749 -94.3965 370.0
#      text : Collegeville
#     label : 
#     plate : 
#      geom : 640 480
#    reject : 0
#
#  fr    time   sum     seq       cx       cy      th      phi    lsp    mag  flag
   30  -0.667  3579 70797793  570.408  250.221  72.196  147.961  -6.72  -6.72  0000
   31  -0.634  4818 70797794  571.950  253.101  72.717  148.536  -6.75  -6.75  0000
   32  -0.601  3260 70797795  571.325  254.141  72.541  148.771  -7.00  -7.00  0000
   33  -0.567  3728 70797796  572.057  256.535  72.813  149.258  -7.09  -7.09  0000
   35  -0.500  4132 70797798  573.954  260.468  73.490  150.029  -7.01  -7.01  0000
   36  -0.467  4088 70797799  573.502  261.906  73.386  150.342  -7.45  -7.45  0000
   37  -0.434  4562 70797800  573.542  262.420  73.412  150.448  -7.59  -7.59  0000
   38  -0.400  3996 70797801  575.005  264.717  73.930  150.879  -7.91  -7.91  0000
   39  -0.367  4454 70797802  575.158  266.508  74.032  151.244  -7.87  -7.87  0000
   40  -0.334  4442 70797803  575.829  268.617  74.308  151.656  -8.08  -8.08  0000
   41  -0.300  4078 70797804  575.650  270.092  74.303  151.965  -7.94  -7.94  0000
   42  -0.267  4122 70797805  575.393  271.780  74.284  152.322  -7.66  -7.66  0000
   43  -0.234  4407 70797806  576.352  274.007  74.667  152.741  -7.90  -7.90  0000
   44  -0.200  4767 70797807  575.863  275.332  74.568  153.031  -7.73  -7.73  0000
   45  -0.167  4197 70797808  576.125  277.052  74.721  153.371  -7.87  -7.87  0000
   46  -0.133  3994 70797809  577.244  279.083  75.156  153.735  -7.85  -7.85  0000
   47  -0.100  3736 70797810  576.978  280.219  75.125  153.977  -7.76  -7.76  0000
   48  -0.067  3772 70797811  577.894  282.006  75.493  154.296  -7.74  -7.74  0000
   49  -0.033  4601 70797812  578.130  284.042  75.665  154.694  -7.82  -7.82  0000
   50   0.000  5199 70797813  577.482  285.008  75.513  154.918  -7.43  -7.43  0000
   51   0.033  3322 70797814  578.389  287.977  75.950  155.468  -7.49  -7.49  0000
   52   0.067  3981 70797815  579.097  288.992  76.225  155.634  -7.46  -7.46  0000
   53   0.100  3928 70797816  578.310  289.975  76.036  155.869  -7.13  -7.13  0000
