#
#   version : 20090611
#    num_fr : 14
#      time : 20160210 02:43:38.678 UTC
#      unix : 1455072218.678054
#       ntp : LOCK 157 693662 1425
#       seq : 11089920
#       mul : 0 [A]
#      site : 01
#    latlon : 45.5749 -94.3965 370.0
#      text : Collegeville
#     label : 
#     plate : metal_20100816_20100506-404-gd3
#      geom : 640 480
#    reject : 0
#
#  fr    time   sum     seq       cx       cy      th      phi    lsp    mag  flag
   30  -0.100  1739 11089917  315.371  154.761  24.808   55.891  -5.88   0.94  0000
   31  -0.067  1778 11089918  317.263  155.055  24.754   57.075  -6.10   0.72  0000
   33   0.000  2195 11089920  319.002  153.744  25.131   58.090  -6.51   0.31  0000
   34   0.033  1901 11089921  319.743  152.824  25.389   58.493  -6.39   0.43  0000
   35   0.067  1987 11089922  320.777  151.868  25.665   59.062  -6.47   0.35  0000
   36   0.100  1796 11089923  321.234  151.629  25.740   59.321  -6.33   0.49  0000
   37   0.133  1869 11089924  320.947  151.284  25.824   59.129  -6.45   0.37  0000
   38   0.167  1939 11089925  320.733  151.333  25.806   59.006  -6.30   0.52  0000
   40   0.234  1676 11089927  324.590  148.852  26.572   61.097  -5.74   1.08  0000
   41   0.267  1578 11089928  325.401  148.270  26.754   61.517  -5.45   1.37  0000
   42   0.300  1537 11089929  326.002  147.876  26.880   61.828  -5.74   1.08  0000
   46   0.434  1708 11089933  328.125  145.160  27.678   62.783  -6.04   0.78  0000
   49   0.534  1262 11089936  331.169  143.353  28.291   64.267  -5.81   1.01  0000
   52   0.634  1585 11089939  331.905  141.774  28.740   64.500  -6.08   0.74  0000
