#
#   version : 20090611
#    num_fr : 17
#      time : 20120924 07:14:47.619 UTC
#      unix : 1348470887.619233
#       ntp : LOCK 7 990509 479
#       seq : 78294469
#       mul : 0 [A]
#      site : 01
#    latlon : 45.5749 -94.3965 370.0
#      text : Collegeville
#     label : 
#     plate : metal_20100816_20100506-404-gd3
#      geom : 640 480
#    reject : 0
#
#  fr    time   sum     seq       cx       cy      th      phi    lsp    mag  flag
   30  -0.434  1675 78294456  266.967  374.579  34.867 -105.621  -6.32   0.50  0000
   31  -0.400  2142 78294457  268.179  378.707  35.803 -106.698  -6.89  -0.07  0000
   32  -0.367  2314 78294458  269.385  381.955  36.527 -107.608  -6.91  -0.09  0000
   33  -0.334  2806 78294459  271.068  384.740  37.101 -108.617  -7.56  -0.74  0000
   34  -0.300  2979 78294460  272.031  388.873  38.097 -109.461  -7.91  -1.09  0000
   35  -0.267  3462 78294461  273.278  392.080  38.839 -110.277  -8.03  -1.21  0000
   36  -0.234  3944 78294462  274.672  395.200  39.556 -111.110  -8.34  -1.52  0000
   37  -0.200  3870 78294463  275.108  398.077  40.286 -111.536  -8.34  -1.52  0000
   38  -0.167  4342 78294464  276.669  401.235  41.019 -112.382  -8.50  -1.68  0000
   39  -0.133  4373 78294465  277.783  404.367  41.783 -113.035  -8.47  -1.65  0000
   40  -0.100  4642 78294466  278.669  408.048  42.717 -113.624  -8.59  -1.77  0000
   41  -0.067  4522 78294467  280.471  410.720  43.331 -114.440  -8.55  -1.73  0000
   42  -0.033  5243 78294468  281.360  413.533  44.044 -114.928  -8.95  -2.13  0000
   43   0.000  5964 78294469  281.914  416.325  44.773 -115.284  -9.03  -2.21  0000
   44   0.033  4351 78294470  283.730  418.687  45.324 -116.030  -8.43  -1.61  0000
   45   0.067  2728 78294471  284.451  421.680  46.109 -116.425  -7.35  -0.53  0000
   46   0.100  1697 78294472  286.332  424.053  46.675 -117.158  -5.95   0.87  0000
