#
#   version : 20090611
#    num_fr : 39
#      time : 20101108 04:36:12.473 UTC
#      unix : 1289190972.473997
#       ntp : LOCK 2067 496330 706
#       seq : 10388146
#       mul : 0 [A]
#      site : 01
#    latlon : 45.5749 -94.3965 370.0
#      text : Collegeville
#     label : 
#     plate : metal_20100816_20100506-404-gd3
#      geom : 640 480
#    reject : 0
#
#  fr    time   sum     seq       cx       cy      th      phi    lsp    mag  flag
   29  -1.068  1716 10388114  451.468   83.600  58.789   94.603  -6.02  -6.02  0000
   32  -0.968  2093 10388117  454.078   81.112  59.834   94.706  -6.72  -6.72  0000
   33  -0.934  2395 10388118  453.979   81.387  59.755   94.733  -7.10  -7.10  0000
   34  -0.901  2434 10388119  454.247   80.721  59.952   94.673  -7.06  -7.06  0000
   35  -0.868  2264 10388120  455.038   79.948  60.274   94.701  -7.07  -7.07  0000
   36  -0.834  2257 10388121  455.856   79.202  60.596   94.738  -7.02  -7.02  0000
   37  -0.801  2642 10388122  456.091   78.969  60.692   94.746  -7.42  -7.42  0000
   38  -0.767  2827 10388123  455.522   78.538  60.676   94.559  -7.54  -7.54  0000
   39  -0.734  2819 10388124  455.787   77.844  60.880   94.496  -7.38  -7.38  0000
   40  -0.701  3133 10388125  457.607   77.496  61.309   94.798  -7.45  -7.45  0000
   41  -0.667  3001 10388126  458.467   76.662  61.659   94.828  -7.57  -7.57  0000
   42  -0.634  3154 10388127  458.870   76.436  61.787   94.869  -7.61  -7.61  0000
   43  -0.601  4044 10388128  459.748   75.406  62.185   94.869  -8.19  -8.19  0000
   44  -0.567  3696 10388129  460.139   75.218  62.303   94.914  -8.15  -8.15  0000
   45  -0.534  4110 10388130  460.441   74.552  62.508   94.863  -8.31  -8.31  0000
   46  -0.501  4336 10388131  461.227   73.860  62.814   94.901  -8.40  -8.40  0000
   47  -0.467  3466 10388132  461.529   73.530  62.946   94.904  -8.25  -8.25  0000
   48  -0.434  3762 10388133  461.872   73.222  63.081   94.920  -8.27  -8.27  0000
   49  -0.400  3807 10388134  462.449   72.355  63.386   94.889  -8.39  -8.39  0000
   50  -0.367  4011 10388135  462.415   71.804  63.501   94.793  -8.39  -8.39  0000
   51  -0.334  4978 10388136  462.875   71.371  63.687   94.810  -8.77  -8.77  0000
   52  -0.300  5260 10388137  464.171   70.707  64.089   94.949  -8.82  -8.82  0000
   53  -0.267  5664 10388138  464.596   70.272  64.269   94.959  -8.86  -8.86  0000
   54  -0.234  5787 10388139  464.766   69.757  64.416   94.908  -8.99  -8.99  0000
   55  -0.200  6962 10388140  465.667   68.928  64.778   94.944  -9.24  -9.24  0000
   56  -0.167  6290 10388141  466.330   68.288  65.051   94.966  -8.97  -8.97  0000
   57  -0.133  6234 10388142  466.847   68.562  65.093   95.106  -9.07  -9.07  0000
   58  -0.100  6264 10388143  467.693   67.975  65.391   95.169  -9.02  -9.02  0000
   59  -0.067  5585 10388144  467.871   67.754  65.475   95.167  -8.82  -8.82  0000
   60  -0.033  4637 10388145  468.739   66.969  65.822   95.202  -8.57  -8.57  0000
   61   0.000  7511 10388146  469.256   65.827  66.179   95.117  -9.25  -9.25  0000
   62   0.033  6210 10388147  469.138   65.962  66.125   95.116  -8.98  -8.98  0000
   63   0.067  5580 10388148  469.469   65.673  66.256   95.131  -8.86  -8.86  0000
   64   0.100  6049 10388149  470.262   65.017  66.560   95.173  -8.85  -8.85  0000
   65   0.133  4681 10388150  471.219   65.207  66.710   95.377  -8.42  -8.42  0000
   66   0.167  3364 10388151  470.947   64.163  66.888   95.164  -7.72  -7.72  0000
   67   0.200  3182 10388152  471.971   64.504  67.017   95.402  -7.45  -7.45  0000
   68   0.234  2468 10388153  472.842   63.885  67.331   95.462  -6.55  -6.55  0000
   69   0.267  2075 10388154  473.063   63.625  67.433   95.461  -6.38  -6.38  0000
