#
#   version : 20090611
#    num_fr : 12
#      time : 20130907 07:40:56.960 UTC
#      unix : 1378539656.960186
#       ntp : LOCK -14 927893 741
#       seq : 28955176
#       mul : 0 [A]
#      site : 01
#    latlon : 45.5749 -94.3965 370.0
#      text : Collegeville
#     label : 
#     plate : metal_20100816_20100506-404-gd3
#      geom : 640 480
#    reject : 0
#
#  fr    time   sum     seq       cx       cy      th      phi    lsp    mag  flag
   30  -0.267  2186 28955168  507.920  348.596  60.091  170.772  -6.74   0.08  0000
   31  -0.234  2254 28955169  507.862  349.728  60.220  171.041  -6.73   0.09  0000
   32  -0.200  2346 28955170  509.500  350.801  60.795  171.105  -7.21  -0.39  0000
   33  -0.167  3034 28955171  509.534  352.742  61.057  171.545  -7.40  -0.58  0000
   34  -0.133  2929 28955172  510.947  354.131  61.615  171.701  -7.66  -0.84  0000
   35  -0.100  3202 28955173  511.404  355.347  61.898  171.923  -7.83  -1.01  0000
   36  -0.067  2966 28955174  513.052  356.946  62.551  172.095  -7.68  -0.86  0000
   37  -0.033  3427 28955175  514.440  358.900  63.184  172.370  -8.03  -1.21  0000
   38   0.000  3693 28955176  514.780  359.777  63.395  172.524  -8.15  -1.33  0000
   39   0.033  2398 28955177  515.551  361.304  63.810  172.770  -6.88  -0.06  0000
   40   0.067  2263 28955178  516.454  363.010  64.287  173.036  -6.83  -0.01  0000
   41   0.100  1642 28955179  516.705  363.987  64.490  173.217  -5.76   1.06  0000
