#
#   version : 20090611
#    num_fr : 14
#      time : 20130907 10:13:57.681 UTC
#      unix : 1378548837.681765
#       ntp : LOCK -850 936550 1550
#       seq : 29230317
#       mul : 0 [A]
#      site : 01
#    latlon : 45.5749 -94.3965 370.0
#      text : Collegeville
#     label : 
#     plate : metal_20100816_20100506-404-gd3
#      geom : 640 480
#    reject : 0
#
#  fr    time   sum     seq       cx       cy      th      phi    lsp    mag  flag
   30  -0.300  1899 29230308  163.080  381.231  54.040  -76.812  -6.23   0.59  0000
   31  -0.267  1820 29230309  165.832  382.159  53.600  -77.531  -5.98   0.84  0000
   32  -0.234  2062 29230310  166.457  382.593  53.544  -77.743  -6.34   0.48  0000
   33  -0.200  2233 29230311  168.059  383.132  53.294  -78.168  -6.73   0.09  0000
   34  -0.167  2759 29230312  168.157  384.688  53.571  -78.514  -7.21  -0.39  0000
   35  -0.133  3049 29230313  171.258  385.001  52.960  -79.194  -7.61  -0.79  0000
   36  -0.100  3194 29230314  171.551  386.212  53.133  -79.505  -7.60  -0.78  0000
   37  -0.067  3201 29230315  173.127  387.036  52.958  -79.994  -7.82  -1.00  0000
   38  -0.033  3796 29230316  175.518  387.864  52.618  -80.655  -8.08  -1.26  0000
   39   0.000  4058 29230317  176.031  388.645  52.667  -80.921  -8.29  -1.47  0000
   40   0.033  4021 29230318  177.625  389.626  52.533  -81.454  -8.34  -1.52  0000
   41   0.067  3844 29230319  179.993  390.627  52.250  -82.159  -8.14  -1.32  0000
   42   0.100  3023 29230320  181.270  391.915  52.256  -82.691  -7.71  -0.89  0000
   43   0.133  2116 29230321  182.947  392.766  52.095  -83.224  -6.42   0.40  0000
