#
#   version : 20090611
#    num_fr : 30
#      time : 20130907 04:08:51.026 UTC
#      unix : 1378526931.026808
#       ntp : LOCK -43 216593 977
#       seq : 28573789
#       mul : 0 [A]
#      site : 01
#    latlon : 45.5749 -94.3965 370.0
#      text : Collegeville
#     label : 
#     plate : metal_20100816_20100506-404-gd3
#      geom : 640 480
#    reject : 0
#
#  fr    time   sum     seq       cx       cy      th      phi    lsp    mag  flag
   30  -0.634  2028 28573770  527.224  223.927  59.630  137.702  -6.21   0.61  0000
   31  -0.601  2101 28573771  528.446  225.953  59.924  138.264  -6.40   0.42  0000
   32  -0.567  2349 28573772  530.604  227.486  60.514  138.722  -6.74   0.08  0000
   33  -0.534  2751 28573773  531.232  229.307  60.649  139.203  -7.23  -0.41  0000
   34  -0.501  3268 28573774  532.851  231.212  61.080  139.729  -7.55  -0.73  0000
   35  -0.467  3709 28573775  532.858  232.829  61.046  140.139  -7.73  -0.91  0000
   36  -0.434  4052 28573776  534.707  235.692  61.537  140.901  -8.09  -1.27  0000
   37  -0.400  4184 28573777  535.267  236.828  61.684  141.198  -8.23  -1.41  0000
   38  -0.367  4876 28573778  536.634  238.776  62.062  141.709  -8.40  -1.58  0000
   39  -0.334  4336 28573779  537.456  241.688  62.271  142.448  -8.58  -1.76  0000
   40  -0.300  4650 28573780  538.763  243.920  62.642  143.018  -8.43  -1.61  0000
   41  -0.267  4716 28573781  539.411  245.144  62.827  143.328  -8.42  -1.60  0000
   42  -0.234  4586 28573782  540.632  247.543  63.182  143.930  -8.54  -1.72  0000
   43  -0.200  4494 28573783  541.522  249.833  63.446  144.497  -8.48  -1.66  0000
   44  -0.167  4796 28573784  542.138  251.908  63.634  145.008  -8.65  -1.83  0000
   45  -0.133  5077 28573785  543.557  253.970  64.068  145.512  -8.67  -1.85  0000
   46  -0.100  4976 28573786  544.342  255.188  64.311  145.807  -8.72  -1.90  0000
   47  -0.067  5128 28573787  544.816  257.654  64.474  146.403  -8.68  -1.86  0000
   48  -0.033  5193 28573788  546.051  259.954  64.871  146.951  -8.73  -1.91  0000
   49   0.000  5906 28573789  546.509  261.704  65.033  147.368  -9.06  -2.24  0000
   50   0.033  5697 28573790  547.484  262.967  65.346  147.661  -9.04  -2.22  0000
   51   0.067  5821 28573791  548.336  265.361  65.645  148.223  -9.05  -2.23  0000
   52   0.100  5481 28573792  549.085  267.951  65.925  148.828  -8.89  -2.07  0000
   53   0.133  5709 28573793  549.901  269.163  66.199  149.102  -8.84  -2.02  0000
   54   0.167  5224 28573794  550.754  271.064  66.504  149.535  -8.77  -1.95  0000
   55   0.200  5330 28573795  551.082  273.244  66.661  150.040  -8.80  -1.98  0000
   56   0.234  4332 28573796  552.384  274.920  67.105  150.406  -8.27  -1.45  0000
   57   0.267  4072 28573797  553.049  278.058  67.406  151.119  -7.86  -1.04  0000
   58   0.300  3768 28573798  553.508  279.223  67.586  151.377  -7.94  -1.12  0000
   59   0.334  3297 28573799  553.594  280.370  67.653  151.640  -7.92  -1.10  0000
