#
#   version : 20090611
#    num_fr : 14
#      time : 20091109 10:43:13.102 UTC
#      unix : 1257763393.102044
#       ntp : LOCK -2235 357750 1705
#       seq : 17090340
#       mul : 0 [A]
#      site : 01
#    latlon : 45.5749 -94.3965 370.0
#      text : Collegeville
#     label : 
#     plate : 
#      geom : 640 480
#    reject : 0
#
#  fr    time   sum     seq       cx       cy      th      phi    lsp    mag  flag
   29  -0.367  2326 17090329  276.215  355.036  32.119 -106.245  -6.32  -6.32  0000
   30  -0.334  2437 17090330  277.966  355.696  32.151 -107.137  -6.73  -6.73  0000
   31  -0.300  3215 17090331  278.884  355.157  31.947 -107.491  -7.89  -7.89  0000
   32  -0.267  3826 17090332  278.596  355.966  32.173 -107.461  -8.17  -8.17  0000
   33  -0.234  4409 17090333  279.129  355.978  32.137 -107.708  -8.41  -8.41  0000
   34  -0.200  5714 17090334  280.133  355.732  32.003 -108.143  -8.88  -8.88  0000
   35  -0.167  5499 17090335  280.963  356.238  32.074 -108.589  -8.80  -8.80  0000
   36  -0.133  6258 17090336  281.588  356.600  32.124 -108.922  -8.94  -8.94  0000
   37  -0.100  6921 17090337  282.431  356.588  32.065 -109.312  -9.20  -9.20  0000
   38  -0.067  7830 17090338  283.445  355.976  31.844 -109.718  -9.34  -9.34  0000
   39  -0.033  9205 17090339  284.444  357.166  32.087 -110.315  -9.54  -9.54  0000
   40   0.000  9576 17090340  285.346  357.099  32.016 -110.731  -9.67  -9.67  0000
   41   0.033  7935 17090341  286.369  356.783  31.875 -111.180  -9.37  -9.37  0000
   42   0.067  5577 17090342  287.068  357.462  32.011 -111.576  -8.79  -8.79  0000
