#
#   version : 20090611
#    num_fr : 17
#      time : 20130225 08:10:14.274 UTC
#      unix : 1361779814.274124
#       ntp : LOCK -446 1043459 747
#       seq : 78678817
#       mul : 0 [A]
#      site : 01
#    latlon : 45.5749 -94.3965 370.0
#      text : Collegeville
#     label : 
#     plate : metal_20100816_20100506-404-gd3
#      geom : 640 480
#    reject : 0
#
#  fr    time   sum     seq       cx       cy      th      phi    lsp    mag  flag
   30  -0.133  3304 78678813  500.768  247.938  51.489  143.786  -7.13  -0.31  0000
   31  -0.100  3179 78678814  505.008  245.561  52.721  143.121  -7.54  -0.72  0000
   32  -0.067  4295 78678815  505.172  245.181  52.771  143.012  -7.91  -1.09  0000
   33  -0.033  3403 78678816  506.713  243.825  53.227  142.637  -8.11  -1.29  0000
   34   0.000  5671 78678817  507.528  242.193  53.478  142.178  -8.03  -1.21  0000
   35   0.033  2772 78678818  511.045  240.839  54.513  141.847  -7.77  -0.95  0000
   36   0.067  3495 78678819  512.009  240.071  54.803  141.647  -8.05  -1.23  0000
   37   0.100  3144 78678820  514.335  239.874  55.482  141.632  -8.24  -1.42  0000
   38   0.133  5106 78678821  515.354  237.903  55.808  141.106  -8.11  -1.29  0000
   39   0.167  3828 78678822  517.368  236.278  56.423  140.702  -8.03  -1.21  0000
   40   0.200  5620 78678823  518.512  234.975  56.782  140.373  -7.87  -1.05  0000
   41   0.234  4899 78678824  520.348  234.134  57.336  140.188  -8.13  -1.31  0000
   42   0.267  4968 78678825  521.489  233.041  57.693  139.923  -8.23  -1.41  0000
   43   0.300  4621 78678826  522.840  231.920  58.115  139.660  -7.91  -1.09  0000
   44   0.334  5393 78678827  524.407  230.192  58.617  139.245  -7.86  -1.04  0000
   45   0.367  3593 78678828  525.683  229.428  59.011  139.081  -7.73  -0.91  0000
   46   0.400  3313 78678829  527.196  228.228  59.489  138.812  -7.31  -0.49  0000
