#
#   version : 20090611
#    num_fr : 19
#      time : 20131218 00:39:05.200 UTC
#      unix : 1387327145.200563
#       ntp : LOCK -585 523457 2279
#       seq : 292310212
#       mul : 0 [A]
#      site : 01
#    latlon : 45.5749 -94.3965 370.0
#      text : Collegeville
#     label : 
#     plate : metal_20100816_20100506-404-gd3
#      geom : 640 480
#    reject : 0
#
#  fr    time   sum     seq       cx       cy      th      phi    lsp    mag  flag
   29  -0.200  2658 292310206  105.036  210.889  58.301  -26.431  -6.93  -0.11  0000
   31  -0.133  3246 292310208  102.890  212.834  58.836  -27.040  -6.74   0.08  0000
   32  -0.100  3091 292310209  102.719  212.951  58.880  -27.079  -6.98  -0.16  0000
   33  -0.067  2745 292310210  101.624  213.815  59.163  -27.352  -7.02  -0.20  0000
   34  -0.033  3982 292310211   99.477  214.124  59.785  -27.533  -6.80   0.02  0000
   35   0.000  5976 292310212   98.195  214.815  60.134  -27.766  -7.24  -0.42  0000
   36   0.033  5141 292310213   97.115  215.657  60.418  -28.025  -7.36  -0.54  0000
   37   0.067  4576 292310214   96.630  215.984  60.548  -28.128  -7.62  -0.80  0000
   38   0.100  4173 292310215   95.263  216.873  60.918  -28.409  -7.65  -0.83  0000
   39   0.133  3813 292310216   94.008  217.793  61.255  -28.689  -7.79  -0.97  0000
   40   0.167  3523 292310217   93.957  217.950  61.264  -28.730  -7.66  -0.84  0000
   41   0.200  4188 292310218   92.805  218.790  61.575  -28.984  -7.50  -0.68  0000
   42   0.234  3673 292310219   91.626  219.692  61.894  -29.251  -7.57  -0.75  0000
   43   0.267  4826 292310220   89.243  220.116  62.596  -29.443  -7.55  -0.73  0000
   44   0.300  3299 292310221   88.826  220.173  62.720  -29.473  -7.27  -0.45  0000
   45   0.334  3406 292310222   87.750  221.186  63.008  -29.757  -7.53  -0.71  0000
   46   0.367  3130 292310223   86.727  221.798  63.296  -29.940  -7.49  -0.67  0000
   47   0.400  4271 292310224   85.004  222.885  63.781  -30.259  -7.42  -0.60  0000
   48   0.434  3471 292310225   84.849  222.966  63.826  -30.283  -7.01  -0.19  0000
