#
#   version : 20090611
#    num_fr : 12
#      time : 20120813 06:37:58.412 UTC
#      unix : 1344839878.412657
#       ntp : LOCK -97 520741 281
#       seq : 5533749
#       mul : 0 [A]
#      site : 01
#    latlon : 45.5749 -94.3965 370.0
#      text : Collegeville
#     label : 
#     plate : metal_20100816_20100506-404-gd3
#      geom : 640 480
#    reject : 0
#
#  fr    time   sum     seq       cx       cy      th      phi    lsp    mag  flag
   29  -0.267  1827 5533741  411.346  151.412  37.225   99.981  -6.49   0.33  0000
   30  -0.234  2004 5533742  412.926  152.751  37.293  100.831  -6.94  -0.12  0000
   31  -0.200  2515 5533743  415.186  154.714  37.395  102.054  -7.47  -0.65  0000
   32  -0.167  2594 5533744  417.194  156.279  37.533  103.080  -7.41  -0.59  0000
   33  -0.133  2755 5533745  418.056  157.883  37.432  103.805  -7.81  -0.99  0000
   34  -0.100  2678 5533746  420.664  160.082  37.611  105.178  -7.79  -0.97  0000
   35  -0.067  2838 5533747  421.789  162.209  37.499  106.140  -7.60  -0.78  0000
   36  -0.033  3359 5533748  424.211  163.789  37.774  107.253  -7.93  -1.11  0000
   37   0.000  3643 5533749  426.210  165.730  37.911  108.365  -8.11  -1.29  0000
   38   0.033  3170 5533750  427.616  167.506  37.952  109.277  -8.03  -1.21  0000
   39   0.067  3270 5533751  430.509  169.567  38.304  110.618  -7.66  -0.84  0000
   40   0.100  1668 5533752  431.851  171.498  38.332  111.555  -5.71   1.11  0000
