#
#   version : 20090611
#    num_fr : 22
#      time : 20120813 04:50:58.824 UTC
#      unix : 1344833458.824073
#       ntp : LOCK -286 361642 311
#       seq : 5341357
#       mul : 0 [A]
#      site : 01
#    latlon : 45.5749 -94.3965 370.0
#      text : Collegeville
#     label : 
#     plate : metal_20100816_20100506-404-gd3
#      geom : 640 480
#    reject : 0
#
#  fr    time   sum     seq       cx       cy      th      phi    lsp    mag  flag
   29  -0.601  1881 5341339  143.652  449.825  72.664  -85.144  -5.97   0.85  0000
   30  -0.567  2050 5341340  144.728  451.462  72.823  -85.549  -6.52   0.30  0000
   31  -0.534  2192 5341341  144.253  452.675  73.208  -85.635  -6.60   0.22  0000
   32  -0.500  2159 5341342  145.646  453.956  73.223  -86.040  -6.56   0.26  0000
   33  -0.467  1999 5341343  145.117  455.076  73.598  -86.103  -6.62   0.20  0000
   34  -0.434  1935 5341344  145.128  456.863  74.023  -86.343  -6.63   0.19  0000
   35  -0.400  2040 5341345  145.218  457.434  74.142  -86.434  -6.49   0.33  0000
   36  -0.367  2073 5341346  146.654  459.146  74.261  -86.897  -6.52   0.30  0000
   37  -0.334  2185 5341347  146.093  460.412  74.682  -86.969  -6.96  -0.14  0000
   38  -0.300  2255 5341348  146.251  460.656  74.709  -87.027  -6.63   0.19  0000
   39  -0.267  2515 5341349  147.127  462.452  74.969  -87.404  -7.14  -0.32  0000
   40  -0.234  2558 5341350  147.243  463.801  75.276  -87.595  -7.20  -0.38  0000
   41  -0.200  2379 5341351  147.086  464.992  75.600  -87.719  -7.29  -0.47  0000
   42  -0.167  2761 5341352  147.812  466.441  75.813  -88.022  -7.15  -0.33  0000
   43  -0.133  2567 5341353  148.060  467.279  75.971  -88.167  -7.02  -0.20  0000
   44  -0.100  2729 5341354  147.959  468.839  76.380  -88.343  -7.72  -0.90  0000
   45  -0.067  3493 5341355  148.176  469.441  76.487  -88.453  -8.03  -1.21  0000
   46  -0.033  3759 5341356  149.413  471.102  76.659  -88.861  -8.00  -1.18  0000
   47   0.000  4192 5341357  149.133  471.918  76.920  -88.913  -8.35  -1.53  0000
   48   0.033  3314 5341358  149.025  473.163  77.256  -89.045  -7.95  -1.13  0000
   49   0.067  2627 5341359  148.936  474.462  77.603  -89.185  -7.02  -0.20  0000
   50   0.100  2212 5341360  150.913  474.506  77.227  -89.519  -6.80   0.02  0000
