#
#   version : 20090611
#    num_fr : 16
#      time : 20120813 05:34:41.013 UTC
#      unix : 1344836081.013867
#       ntp : LOCK -87 678468 301
#       seq : 5419942
#       mul : 0 [A]
#      site : 01
#    latlon : 45.5749 -94.3965 370.0
#      text : Collegeville
#     label : 
#     plate : metal_20100816_20100506-404-gd3
#      geom : 640 480
#    reject : 0
#
#  fr    time   sum     seq       cx       cy      th      phi    lsp    mag  flag
   30  -0.467  1473 5419928  176.876  359.877  47.095  -74.583  -5.63   1.19  0000
   31  -0.434  1779 5419929  177.053  362.687  47.546  -75.317  -6.17   0.65  0000
   32  -0.400  2222 5419930  175.670  366.280  48.495  -75.905  -6.99  -0.17  0000
   33  -0.367  2594 5419931  176.680  368.699  48.708  -76.686  -7.40  -0.58  0000
   34  -0.334  3291 5419932  175.912  372.230  49.525  -77.348  -7.91  -1.09  0000
   35  -0.300  3499 5419933  176.947  374.620  49.746  -78.106  -7.88  -1.06  0000
   36  -0.267  3433 5419934  175.547  378.106  50.709  -78.592  -7.99  -1.17  0000
   37  -0.234  3217 5419935  176.190  380.829  51.094  -79.317  -8.06  -1.24  0000
   38  -0.200  3765 5419936  175.533  384.143  51.879  -79.886  -8.20  -1.38  0000
   39  -0.167  3872 5419937  176.179  386.681  52.244  -80.549  -8.22  -1.40  0000
   40  -0.133  4446 5419938  175.519  389.862  53.018  -81.061  -8.54  -1.72  0000
   41  -0.100  4583 5419939  176.156  392.542  53.428  -81.729  -8.56  -1.74  0000
   42  -0.067  4616 5419940  175.818  395.037  54.008  -82.148  -8.63  -1.81  0000
   43  -0.033  4382 5419941  176.453  398.346  54.564  -82.915  -8.46  -1.64  0000
   44   0.000  5120 5419942  176.061  401.117  55.224  -83.354  -8.80  -1.98  0000
   45   0.033  4379 5419943  176.753  403.765  55.647  -83.985  -8.46  -1.64  0000
