#
#   version : 20090611
#    num_fr : 17
#      time : 20120813 04:12:42.093 UTC
#      unix : 1344831162.093322
#       ntp : LOCK 32 754393 333
#       seq : 5272524
#       mul : 0 [A]
#      site : 01
#    latlon : 45.5749 -94.3965 370.0
#      text : Collegeville
#     label : 
#     plate : metal_20100816_20100506-404-gd3
#      geom : 640 480
#    reject : 0
#
#  fr    time   sum     seq       cx       cy      th      phi    lsp    mag  flag
   29  -0.434  1628 5272511  324.743  425.486  46.614 -129.943  -6.10   0.72  0000
   30  -0.400  1910 5272512  326.326  428.696  47.540 -130.368  -6.48   0.34  0000
   31  -0.367  2016 5272513  326.096  430.331  47.990 -130.246  -6.71   0.11  0000
   32  -0.334  2189 5272514  324.323  432.515  48.562 -129.618  -6.74   0.08  0000
   33  -0.300  2054 5272515  324.359  434.723  49.180 -129.574  -6.46   0.36  0000
   34  -0.267  1915 5272516  325.591  436.967  49.833 -129.901  -6.50   0.32  0000
   35  -0.234  1988 5272517  324.231  439.739  50.585 -129.411  -6.48   0.34  0000
   36  -0.200  1924 5272518  324.826  442.731  51.437 -129.520  -6.39   0.43  0000
   37  -0.167  1905 5272519  324.494  444.366  51.893 -129.382  -6.56   0.26  0000
   38  -0.133  2021 5272520  323.934  446.469  52.477 -129.168  -6.88  -0.06  0000
   39  -0.100  2354 5272521  324.447  448.900  53.175 -129.264  -6.96  -0.14  0000
   40  -0.067  2185 5272522  324.119  450.404  53.596 -129.136  -7.00  -0.18  0000
   41  -0.033  2673 5272523  323.195  453.149  54.362 -128.813  -7.56  -0.74  0000
   42   0.000  2783 5272524  322.775  454.656  54.785 -128.664  -7.49  -0.67  0000
   43   0.033  2563 5272525  323.486  456.772  55.400 -128.824  -7.27  -0.45  0000
   44   0.067  1992 5272526  323.738  458.500  55.899 -128.860  -6.58   0.24  0000
   45   0.100  1665 5272527  321.543  461.104  56.615 -128.204  -5.82   1.00  0000
