#
#   version : 20090611
#    num_fr : 13
#      time : 20120813 08:28:01.385 UTC
#      unix : 1344846481.385286
#       ntp : LOCK -136 739857 234
#       seq : 5731638
#       mul : 0 [A]
#      site : 01
#    latlon : 45.5749 -94.3965 370.0
#      text : Collegeville
#     label : 
#     plate : metal_20100816_20100506-404-gd3
#      geom : 640 480
#    reject : 0
#
#  fr    time   sum     seq       cx       cy      th      phi    lsp    mag  flag
   30  -0.334  1475 5731628  331.705   83.216  44.386   60.487  -5.90   0.92  0000
   31  -0.300  2240 5731629  332.229   82.826  44.510   60.653  -6.73   0.09  0000
   32  -0.267  2410 5731630  333.267   82.351  44.676   60.993  -7.14  -0.32  0000
   33  -0.234  3038 5731631  335.346   81.960  44.861   61.695  -7.58  -0.76  0000
   34  -0.200  3604 5731632  335.650   81.571  44.979   61.780  -8.25  -1.43  0000
   35  -0.167  4216 5731633  336.296   80.960  45.172   61.971  -8.49  -1.67  0000
   36  -0.133  4541 5731634  337.512   80.579  45.327   62.368  -8.60  -1.78  0000
   37  -0.100  4546 5731635  338.503   79.986  45.531   62.673  -8.62  -1.80  0000
   38  -0.067  5118 5731636  340.271   79.645  45.705   63.254  -8.68  -1.86  0000
   39  -0.033  4623 5731637  340.866   79.246  45.842   63.431  -8.64  -1.82  0000
   40   0.000  6190 5731638  341.772   78.180  46.176   63.671  -9.13  -2.31  0000
   41   0.033  5720 5731639  344.081   77.960  46.353   64.428  -8.90  -2.08  0000
   42   0.067  1463 5731640  344.580   78.103  46.341   64.603  -6.27   0.55  0000
