#
#   version : 20090611
#    num_fr : 16
#      time : 20110425 08:58:54.465 UTC
#      unix : 1303721934.465722
#       ntp : LOCK -1167 637569 374
#       seq : 265429485
#       mul : 0 [A]
#      site : 01
#    latlon : 45.5749 -94.3965 370.0
#      text : Collegeville
#     label : 
#     plate : metal_20100816_20100506-404-gd3
#      geom : 640 480
#    reject : 0
#
#  fr    time   sum     seq       cx       cy      th      phi    lsp    mag  flag
   29  -0.234  1671 265429478  460.548  237.763  40.238  139.672  -6.44  -6.44  0000
   30  -0.200  1805 265429479  462.672  238.874  40.806  140.153  -6.85  -6.85  0000
   31  -0.167  2727 265429480  465.617  239.231  41.620  140.369  -7.87  -7.87  0000
   32  -0.133  3478 265429481  466.637  240.001  41.891  140.676  -8.17  -8.17  0000
   33  -0.100  3077 265429482  468.901  240.669  42.514  140.972  -8.17  -8.17  0000
   34  -0.067  4048 265429483  471.500  241.455  43.230  141.309  -8.46  -8.46  0000
   35  -0.033  3845 265429484  472.987  241.964  43.641  141.517  -8.38  -8.38  0000
   36   0.000  4381 265429485  475.763  242.851  44.410  141.875  -8.62  -8.62  0000
   37   0.033  3755 265429486  477.764  243.658  44.966  142.183  -8.43  -8.43  0000
   38   0.067  4002 265429487  480.415  244.658  45.705  142.557  -8.42  -8.42  0000
   39   0.100  3427 265429488  482.308  245.439  46.234  142.839  -8.30  -8.30  0000
   40   0.133  3158 265429489  485.013  246.080  46.997  143.079  -8.17  -8.17  0000
   41   0.167  3333 265429490  486.846  247.064  47.512  143.413  -7.98  -7.98  0000
   42   0.200  2983 265429491  488.845  247.807  48.078  143.666  -7.91  -7.91  0000
   43   0.234  2393 265429492  491.727  248.585  48.897  143.929  -7.46  -7.46  0000
   44   0.267  2105 265429493  493.790  249.391  49.485  144.189  -7.40  -7.40  0000
