#
#   version : 20090611
#    num_fr : 18
#      time : 20130808 04:31:50.406 UTC
#      unix : 1375936310.406787
#       ntp : LOCK -1176 311375 1047
#       seq : 55747290
#       mul : 0 [A]
#      site : 01
#    latlon : 45.5749 -94.3965 370.0
#      text : Collegeville
#     label : 
#     plate : metal_20100816_20100506-404-gd3
#      geom : 640 480
#    reject : 0
#
#  fr    time   sum     seq       cx       cy      th      phi    lsp    mag  flag
   30  -0.534  1655 55747274  501.406  299.178  53.394  158.696  -5.71   1.11  0000
   31  -0.501  1934 55747275  502.446  302.237  53.903  159.472  -6.43   0.39  0000
   32  -0.467  2298 55747276  502.829  303.827  54.128  159.882  -6.90  -0.08  0000
   33  -0.434  2365 55747277  503.958  306.185  54.624  160.442  -6.74   0.08  0000
   34  -0.400  2182 55747278  504.148  308.709  54.877  161.110  -6.64   0.18  0000
   35  -0.367  2392 55747279  504.777  312.277  55.350  162.014  -7.05  -0.23  0000
   36  -0.334  2796 55747280  503.827  314.317  55.263  162.635  -7.33  -0.51  0000
   37  -0.300  3045 55747281  505.560  316.657  55.952  163.104  -7.71  -0.89  0000
   38  -0.267  3333 55747282  505.292  319.432  56.135  163.851  -7.42  -0.60  0000
   39  -0.234  3240 55747283  505.877  322.148  56.556  164.500  -7.72  -0.90  0000
   40  -0.200  3231 55747284  505.688  324.565  56.743  165.137  -7.62  -0.80  0000
   41  -0.167  3108 55747285  506.303  327.016  57.161  165.701  -7.56  -0.74  0000
   42  -0.133  2434 55747286  506.819  329.885  57.603  166.373  -6.80   0.02  0000
   43  -0.100  2621 55747287  506.878  332.433  57.894  167.000  -7.28  -0.46  0000
   44  -0.067  2929 55747288  506.795  334.522  58.102  167.524  -7.36  -0.54  0000
   45  -0.033  3388 55747289  507.713  337.447  58.683  168.145  -7.92  -1.10  0000
   46   0.000  4951 55747290  507.605  339.187  58.856  168.576  -8.57  -1.75  0000
   47   0.033  3225 55747291  507.673  341.967  59.204  169.236  -7.65  -0.83  0000
