#
#   version : 20090611
#    num_fr : 16
#      time : 20110517 07:33:06.561 UTC
#      unix : 1305617586.561972
#       ntp : LOCK -1340 361911 835
#       seq : 36797901
#       mul : 0 [A]
#      site : 01
#    latlon : 45.5749 -94.3965 370.0
#      text : Collegeville
#     label : 
#     plate : metal_20100816_20100506-404-gd3
#      geom : 640 480
#    reject : 0
#
#  fr    time   sum     seq       cx       cy      th      phi    lsp    mag  flag
   30  -0.400  3165 36797889  408.951  394.904  46.499 -160.048  -6.58   0.24  0000
   31  -0.367  3875 36797890  408.073  396.211  46.659 -159.564  -7.00  -0.18  0000
   32  -0.334  3669 36797891  408.070  398.534  47.195 -159.137  -7.22  -0.40  0000
   33  -0.300  4239 36797892  409.172  402.706  48.337 -158.690  -7.27  -0.45  0000
   34  -0.267  3640 36797893  408.295  404.766  48.684 -158.098  -7.55  -0.73  0000
   35  -0.234  4551 36797894  409.195  408.668  49.744 -157.676  -7.63  -0.81  0000
   36  -0.200  4886 36797895  408.589  409.921  49.950 -157.310  -7.79  -0.97  0000
   37  -0.167  4375 36797896  409.202  413.120  50.807 -156.951  -8.05  -1.23  0000
   38  -0.133  4624 36797897  409.413  415.420  51.392 -156.641  -8.32  -1.50  0000
   39  -0.100  4919 36797898  409.569  418.498  52.159 -156.203  -8.51  -1.69  0000
   40  -0.067  5049 36797899  409.109  420.544  52.590 -155.775  -8.45  -1.63  0000
   41  -0.033  6931 36797900  408.806  422.377  52.995 -155.425  -8.60  -1.78  0000
   42   0.000  7205 36797901  409.484  426.473  54.102 -155.000  -8.71  -1.89  0000
   43   0.033  5874 36797902  410.194  428.443  54.691 -154.895  -8.71  -1.89  0000
   44   0.067  6563 36797903  409.569  430.937  55.223 -154.393  -8.35  -1.53  0000
   45   0.100  4158 36797904  410.863  432.344  55.758 -154.515  -7.38  -0.56  0000
