#
#   version : 20090611
#    num_fr : 20
#      time : 20100815 03:31:35.972 UTC
#      unix : 1281843095.972528
#       ntp : LOCK 873 108139 806
#       seq : 2973735
#       mul : 0 [A]
#      site : 01
#    latlon : 45.5749 -94.3965 370.0
#      text : Collegeville
#     label : 
#     plate : metal 20090611
#      geom : 640 480
#    reject : 0
#
#  fr    time   sum     seq       cx       cy      th      phi    lsp    mag  flag
   30  -0.701  1874 2973714  100.983  116.411  66.334   -2.690  -5.89  -5.89  0000
   32  -0.634  1914 2973716   99.401  118.561  66.444   -3.301  -6.07  -6.07  0000
   34  -0.567  2528 2973718   97.746  121.621  66.456   -4.106  -6.52  -6.52  0000
   35  -0.534  2628 2973719   94.764  122.753  67.098   -4.639  -6.63  -6.63  0000
   37  -0.467  2721 2973721   94.445  125.573  66.806   -5.257  -6.90  -6.90  0000
   38  -0.434  2688 2973722   92.243  126.698  67.253   -5.702  -7.03  -7.03  0000
   39  -0.400  3047 2973723   91.038  128.507  67.345   -6.192  -7.50  -7.50  0000
   40  -0.367  3201 2973724   90.092  129.675  67.454   -6.524  -7.52  -7.52  0000
   41  -0.334  3136 2973725   89.109  131.055  67.549   -6.902  -7.49  -7.49  0000
   42  -0.300  3092 2973726   88.035  131.928  67.735   -7.180  -7.52  -7.52  0000
   43  -0.267  3504 2973727   87.240  134.213  67.674   -7.730  -7.89  -7.89  0000
   44  -0.234  3552 2973728   86.225  135.815  67.761   -8.154  -7.83  -7.83  0000
   45  -0.200  3379 2973729   85.437  136.728  67.871   -8.413  -7.56  -7.56  0000
   46  -0.167  3279 2973730   82.906  138.687  68.347   -9.033  -7.80  -7.80  0000
   47  -0.133  3538 2973731   82.119  139.784  68.441   -9.327  -7.62  -7.62  0000
   48  -0.100  3811 2973732   81.253  141.303  68.512   -9.716  -7.65  -7.65  0000
   49  -0.067  3529 2973733   79.449  143.291  68.800  -10.273  -7.73  -7.73  0000
   50  -0.033  3675 2973734   79.008  144.704  68.771  -10.605  -7.89  -7.89  0000
   51   0.000  5566 2973735   77.462  146.180  69.051  -11.030  -8.58  -8.58  0000
   52   0.033  3095 2973736   76.861  147.674  69.065  -11.390  -7.15  -7.15  0000
