#
#   version : 20090611
#    num_fr : 20
#      time : 20100815 02:26:18.166 UTC
#      unix : 1281839178.166528
#       ntp : LOCK -981 189282 623
#       seq : 2856318
#       mul : 0 [A]
#      site : 01
#    latlon : 45.5749 -94.3965 370.0
#      text : Collegeville
#     label : 
#     plate : metal 20090611
#      geom : 640 480
#    reject : 0
#
#  fr    time   sum     seq       cx       cy      th      phi    lsp    mag  flag
   30  -0.500  3079 2856303  154.743  126.178  51.486    2.217  -6.97  -6.97  0000
   33  -0.400  3459 2856306  149.134  133.145  51.759   -0.393  -6.31  -6.31  0000
   34  -0.367  3403 2856307  147.932  134.173  51.901   -0.831  -6.20  -6.20  0000
   35  -0.334  2462 2856308  145.814  136.601  52.070   -1.753  -7.22  -7.22  0000
   36  -0.300  3539 2856309  144.102  140.578  51.940   -3.009  -7.46  -7.46  0000
   37  -0.267  3987 2856310  143.038  141.703  52.053   -3.444  -7.88  -7.88  0000
   38  -0.234  4364 2856311  141.771  143.737  52.100   -4.139  -7.82  -7.82  0000
   39  -0.200  4894 2856312  140.469  146.431  52.079   -5.010  -8.07  -8.07  0000
   40  -0.167  4631 2856313  138.603  148.648  52.274   -5.825  -8.36  -8.36  0000
   41  -0.133  5889 2856314  135.594  150.635  52.805   -6.710  -8.22  -8.22  0000
   42  -0.100  3421 2856315  134.479  152.551  52.864   -7.343  -8.11  -8.11  0000
   43  -0.067  4686 2856316  132.552  154.922  53.091   -8.184  -8.22  -8.22  0000
   44  -0.033  5014 2856317  131.794  156.364  53.126   -8.647  -8.42  -8.42  0000
   45   0.000  6949 2856318  129.368  160.660  53.298  -10.040  -8.21  -8.21  0000
   46   0.033  4123 2856319  128.385  161.910  53.428  -10.471  -8.29  -8.29  0000
   47   0.067  4728 2856320  126.998  164.764  53.507  -11.366  -8.27  -8.27  0000
   48   0.100  5589 2856321  125.157  166.905  53.791  -12.109  -8.68  -8.68  0000
   49   0.133  6939 2856322  124.112  170.374  53.746  -13.131  -8.65  -8.65  0000
   50   0.167  4693 2856323  122.990  171.667  53.933  -13.573  -8.32  -8.32  0000
   51   0.200  2348 2856324  121.742  174.220  54.049  -14.362  -7.06  -7.06  0000
