#
#   version : 20090611
#    num_fr : 13
#      time : 20100815 06:43:06.601 UTC
#      unix : 1281854586.601399
#       ntp : LOCK -1228 238420 613
#       seq : 3318110
#       mul : 0 [A]
#      site : 01
#    latlon : 45.5749 -94.3965 370.0
#      text : Collegeville
#     label : 
#     plate : metal 20090611
#      geom : 640 480
#    reject : 0
#
#  fr    time   sum     seq       cx       cy      th      phi    lsp    mag  flag
   30  -0.367  1643 3318099  279.060  136.393  27.287   38.567  -6.50  -6.50  0000
   31  -0.334  1718 3318100  279.186  138.205  26.821   38.311  -6.51  -6.51  0000
   32  -0.300  2175 3318101  279.430  138.843  26.640   38.325  -7.01  -7.01  0000
   33  -0.267  2227 3318102  279.218  140.287  26.298   37.944  -7.25  -7.25  0000
   34  -0.234  2651 3318103  279.773  141.772  25.878   37.967  -7.49  -7.49  0000
   35  -0.200  3212 3318104  279.487  142.879  25.628   37.595  -7.98  -7.98  0000
   36  -0.167  3089 3318105  278.828  143.893  25.436   37.026  -8.03  -8.03  0000
   37  -0.133  3234 3318106  278.828  145.401  25.062   36.716  -8.02  -8.02  0000
   38  -0.100  3201 3318107  278.754  146.347  24.836   36.475  -7.88  -7.88  0000
   39  -0.067  3292 3318108  279.274  148.341  24.295   36.344  -8.13  -8.13  0000
   40  -0.033  3886 3318109  278.881  149.789  23.977   35.792  -8.41  -8.41  0000
   41   0.000  4421 3318110  278.105  151.873  23.544   34.847  -8.64  -8.64  0000
   42   0.033  3660 3318111  278.489  152.839  23.270   34.842  -8.17  -8.17  0000
