#
#   version : 20090611
#    num_fr : 20
#      time : 20100815 08:09:21.662 UTC
#      unix : 1281859761.662119
#       ntp : LOCK 85 1245242 596
#       seq : 3473207
#       mul : 0 [A]
#      site : 01
#    latlon : 45.5749 -94.3965 370.0
#      text : Collegeville
#     label : 
#     plate : metal 20090611
#      geom : 640 480
#    reject : 0
#
#  fr    time   sum     seq       cx       cy      th      phi    lsp    mag  flag
   29  -0.534  1098 3473191  441.419  158.621  40.490  115.921  -5.70  -5.70  0000
   30  -0.500  1282 3473192  440.955  157.827  40.488  115.582  -6.19  -6.19  0000
   31  -0.467  1233 3473193  440.371  157.068  40.453  115.231  -6.02  -6.02  0000
   33  -0.400  1768 3473195  439.537  156.241  40.371  114.810  -6.85  -6.85  0000
   34  -0.367  2052 3473196  439.415  155.378  40.465  114.514  -7.09  -7.09  0000
   35  -0.334  1917 3473197  439.409  155.151  40.496  114.441  -7.27  -7.27  0000
   36  -0.300  2428 3473198  439.415  154.745  40.556  114.315  -7.66  -7.66  0000
   37  -0.267  2495 3473199  439.820  153.823  40.785  114.106  -7.65  -7.65  0000
   38  -0.234  2127 3473200  439.380  153.429  40.738  113.898  -7.48  -7.48  0000
   39  -0.200  2444 3473201  438.174  153.144  40.496  113.571  -7.42  -7.42  0000
   40  -0.167  2322 3473202  438.372  152.587  40.624  113.437  -7.55  -7.55  0000
   41  -0.133  2096 3473203  438.401  152.243  40.682  113.337  -7.28  -7.28  0000
   42  -0.100  2358 3473204  438.050  151.193  40.756  112.943  -7.50  -7.50  0000
   43  -0.067  2215 3473205  437.703  151.185  40.676  112.871  -7.16  -7.16  0000
   44  -0.033  2056 3473206  437.432  150.184  40.764  112.509  -7.02  -7.02  0000
   45   0.000  2630 3473207  436.449  149.227  40.682  112.016  -7.69  -7.69  0000
   46   0.033  2416 3473208  436.044  149.185  40.594  111.919  -7.62  -7.62  0000
   47   0.067  1968 3473209  436.242  148.159  40.798  111.649  -6.89  -6.89  0000
   48   0.100  1338 3473210  436.049  147.781  40.813  111.495  -6.31  -6.31  0000
   52   0.234  1589 3473214  435.465  145.239  41.079  110.612  -6.77  -6.77  0000
