#
#   version : 20090611
#    num_fr : 13
#      time : 20100815 03:50:01.041 UTC
#      unix : 1281844201.041567
#       ntp : LOCK 645 125357 758
#       seq : 3006854
#       mul : 0 [A]
#      site : 01
#    latlon : 45.5749 -94.3965 370.0
#      text : Collegeville
#     label : 
#     plate : metal 20090611
#      geom : 640 480
#    reject : 0
#
#  fr    time   sum     seq       cx       cy      th      phi    lsp    mag  flag
   29  -0.300  1335 3006845  369.034  308.664  24.103 -162.832  -6.07  -6.07  0000
   30  -0.267  1724 3006846  368.520  312.910  24.887 -161.003  -6.87  -6.87  0000
   31  -0.234  1887 3006847  368.587  316.820  25.716 -159.682  -6.79  -6.79  0000
   32  -0.200  2012 3006848  368.031  320.513  26.417 -158.214  -7.03  -7.03  0000
   33  -0.167  1978 3006849  367.689  324.422  27.213 -156.860  -7.04  -7.04  0000
   34  -0.133  1737 3006850  367.022  328.062  27.920 -155.505  -6.79  -6.79  0000
   35  -0.100  1844 3006851  367.200  332.283  28.890 -154.456  -6.76  -6.76  0000
   36  -0.067  1959 3006852  366.346  336.594  29.754 -152.989  -6.99  -6.99  0000
   37  -0.033  2036 3006853  366.015  340.522  30.615 -151.924  -7.29  -7.29  0000
   38   0.000  2062 3006854  365.341  344.157  31.378 -150.829  -7.21  -7.21  0000
   39   0.033  1918 3006855  365.888  348.316  32.423 -150.205  -7.09  -7.09  0000
   40   0.067  1349 3006856  365.159  351.357  33.056 -149.299  -6.17  -6.17  0000
   41   0.100  1063 3006857  364.989  354.951  33.896 -148.559  -5.78  -5.78  0000
