#
#   version : 20090611
#    num_fr : 16
#      time : 20100815 08:49:52.419 UTC
#      unix : 1281862192.419016
#       ntp : LOCK 838 954012 631
#       seq : 3546057
#       mul : 0 [A]
#      site : 01
#    latlon : 45.5749 -94.3965 370.0
#      text : Collegeville
#     label : 
#     plate : metal 20090611
#      geom : 640 480
#    reject : 0
#
#  fr    time   sum     seq       cx       cy      th      phi    lsp    mag  flag
   30  -0.367  1602 3546046  505.984  121.722  61.789  115.891  -6.60  -6.60  0000
   31  -0.334  1557 3546047  508.078  122.052  62.284  116.209  -6.59  -6.59  0000
   32  -0.300  1719 3546048  510.184  122.663  62.745  116.584  -6.89  -6.89  0000
   33  -0.267  2248 3546049  511.197  123.286  62.922  116.832  -7.41  -7.41  0000
   34  -0.234  2445 3546050  512.756  123.762  63.264  117.109  -7.38  -7.38  0000
   35  -0.200  2973 3546051  513.962  123.895  63.564  117.271  -7.85  -7.85  0000
   36  -0.167  3377 3546052  515.904  124.373  64.011  117.585  -8.07  -8.07  0000
   37  -0.133  3397 3546053  517.304  124.656  64.344  117.796  -8.07  -8.07  0000
   38  -0.100  3202 3546054  518.942  125.260  64.698  118.097  -8.13  -8.13  0000
   39  -0.067  3315 3546055  521.120  125.606  65.235  118.396  -7.94  -7.94  0000
   40  -0.033  3186 3546056  522.343  126.057  65.503  118.616  -8.20  -8.20  0000
   41   0.000  5534 3546057  524.735  126.630  66.073  118.976  -8.88  -8.88  0000
   42   0.033  3297 3546058  525.801  127.293  66.274  119.219  -8.21  -8.21  0000
   43   0.067  2721 3546059  527.602  127.892  66.686  119.519  -7.59  -7.59  0000
   44   0.100  2302 3546060  528.992  128.220  67.023  119.720  -7.32  -7.32  0000
   45   0.133  2387 3546061  531.307  128.809  67.583  120.059  -7.40  -7.40  0000
