#
#   version : 20090611
#    num_fr : 12
#      time : 20131209 09:36:17.169 UTC
#      unix : 1386581777.169274
#       ntp : LOCK -1116 744645 1341
#       seq : 269972078
#       mul : 0 [A]
#      site : 01
#    latlon : 45.5749 -94.3965 370.0
#      text : Collegeville
#     label : 
#     plate : metal_20100816_20100506-404-gd3
#      geom : 640 480
#    reject : 0
#
#  fr    time   sum     seq       cx       cy      th      phi    lsp    mag  flag
   29  -0.300  2255 269972069  180.227  329.963  41.600  -66.870  -6.38   0.44  0000
   30  -0.267  2337 269972070  178.413  329.190  41.938  -66.293  -6.69   0.13  0000
   31  -0.234  2493 269972071  179.081  328.209  41.639  -66.109  -6.94  -0.12  0000
   32  -0.200  2971 269972072  177.493  327.350  41.915  -65.552  -7.29  -0.47  0000
   33  -0.167  3296 269972073  177.124  326.734  41.924  -65.293  -7.53  -0.71  0000
   34  -0.133  3647 269972074  176.638  325.848  41.928  -64.929  -7.84  -1.02  0000
   35  -0.100  3813 269972075  175.699  324.974  42.048  -64.490  -7.98  -1.16  0000
   36  -0.067  3996 269972076  174.720  323.928  42.159  -63.993  -8.24  -1.42  0000
   37  -0.033  4278 269972077  174.398  323.418  42.175  -63.778  -8.30  -1.48  0000
   38   0.000  4754 269972078  173.169  322.140  42.326  -63.169  -8.44  -1.62  0000
   39   0.033  3858 269972079  172.845  321.179  42.289  -62.811  -8.23  -1.41  0000
   40   0.067  2671 269972080  171.682  320.080  42.453  -62.275  -6.90  -0.08  0000
