#
#   version : 20090611
#    num_fr : 15
#      time : 20131209 11:40:41.295 UTC
#      unix : 1386589241.295462
#       ntp : LOCK 827 388272 1052
#       seq : 270195771
#       mul : 0 [A]
#      site : 01
#    latlon : 45.5749 -94.3965 370.0
#      text : Collegeville
#     label : 
#     plate : metal_20100816_20100506-404-gd3
#      geom : 640 480
#    reject : 0
#
#  fr    time   sum     seq       cx       cy      th      phi    lsp    mag  flag
   30  -0.400  2159 270195759  148.149  304.697  47.118  -54.452  -6.11   0.71  0000
   31  -0.367  2220 270195760  148.048  306.784  47.329  -55.076  -6.22   0.60  0000
   32  -0.334  2451 270195761  147.067  308.816  47.781  -55.585  -6.43   0.39  0000
   33  -0.300  2642 270195762  145.081  311.025  48.529  -56.031  -6.87  -0.05  0000
   34  -0.267  2609 270195763  145.002  312.806  48.720  -56.544  -6.84  -0.02  0000
   35  -0.234  2717 270195764  143.234  314.980  49.414  -56.981  -7.17  -0.35  0000
   36  -0.200  2897 270195765  142.420  315.992  49.735  -57.181  -7.09  -0.27  0000
   37  -0.167  3472 270195766  142.076  318.982  50.133  -57.989  -7.42  -0.60  0000
   38  -0.133  3542 270195767  140.517  321.054  50.772  -58.391  -7.55  -0.73  0000
   39  -0.100  3567 270195768  139.870  322.303  51.080  -58.662  -7.43  -0.61  0000
   40  -0.067  3132 270195769  138.904  324.679  51.599  -59.200  -7.28  -0.46  0000
   41  -0.033  3682 270195770  137.820  326.487  52.091  -59.561  -7.72  -0.90  0000
   42   0.000  4367 270195771  137.679  329.115  52.427  -60.245  -8.18  -1.36  0000
   43   0.033  3876 270195772  136.672  330.504  52.858  -60.491  -7.83  -1.01  0000
   44   0.067  2781 270195773  136.487  332.498  53.141  -60.990  -6.55   0.27  0000
