#
#   version : 20090611
#    num_fr : 18
#      time : 20140826 09:08:24.153 UTC
#      unix : 1409044104.153280
#       ntp : LOCK -625 961721 419
#       seq : 19905230
#       mul : 0 [A]
#      site : 01
#    latlon : 45.5749 -94.3965 370.0
#      text : Collegeville
#     label : 
#     plate : metal_20100816_20100506-404-gd3
#      geom : 640 480
#    reject : 0
#
#  fr    time   sum     seq       cx       cy      th      phi    lsp    mag  flag
   29  -0.300  1889 19905221  222.170   25.066  65.937   30.652  -6.47   0.35  0000
   30  -0.267  2139 19905222  222.128   23.194  66.457   30.800  -6.65   0.17  0000
   31  -0.234  1801 19905223  222.397   22.963  66.489   30.881  -6.43   0.39  0000
   32  -0.200  2226 19905224  223.012   21.700  66.766   31.124  -7.13  -0.31  0000
   33  -0.167  2221 19905225  223.511   20.457  67.053   31.339  -6.90  -0.08  0000
   34  -0.133  2271 19905226  224.113   19.359  67.289   31.563  -6.91  -0.09  0000
   35  -0.100  2275 19905227  224.895   17.681  67.668   31.872  -7.00  -0.18  0000
   36  -0.067  2660 19905228  225.255   16.704  67.901   32.029  -7.30  -0.48  0000
   37  -0.033  2601 19905229  224.036   14.865  68.552   31.899  -7.46  -0.64  0000
   38   0.000  2846 19905230  225.015   13.951  68.699   32.186  -7.52  -0.70  0000
   39   0.033  2819 19905231  225.203   12.872  68.982   32.309  -7.67  -0.85  0000
   40   0.067  2623 19905232  225.770   11.145  69.406   32.563  -7.52  -0.70  0000
   41   0.100  2820 19905233  226.116   10.624  69.516   32.678  -7.26  -0.44  0000
   42   0.133  2377 19905234  225.931    9.390  69.885   32.727  -7.07  -0.25  0000
   43   0.167  2436 19905235  226.129    7.520  70.395   32.905  -6.84  -0.02  0000
   44   0.200  2404 19905236  226.230    6.602  70.645   32.992  -6.90  -0.08  0000
   45   0.234  2300 19905237  227.558    5.949  70.689   33.327  -6.63   0.19  0000
   46   0.267  1540 19905238  226.827    4.607  71.150   33.262  -6.06   0.76  0000
