#
#   version : 20090611
#    num_fr : 14
#      time : 20131027 03:41:06.011 UTC
#      unix : 1382845266.011824
#       ntp : LOCK -132 749777 768
#       seq : 157991391
#       mul : 0 [A]
#      site : 01
#    latlon : 45.5749 -94.3965 370.0
#      text : Collegeville
#     label : 
#     plate : metal_20100816_20100506-404-gd3
#      geom : 640 480
#    reject : 0
#
#  fr    time   sum     seq       cx       cy      th      phi    lsp    mag  flag
   29  -0.300  2243 157991382  480.770  169.520  50.716  119.275  -6.18   0.64  0000
   30  -0.267  1827 157991383  480.438  170.730  50.488  119.564  -6.54   0.28  0000
   31  -0.234  2139 157991384  480.214  171.518  50.338  119.752  -6.57   0.25  0000
   32  -0.200  2352 157991385  481.216  172.705  50.464  120.211  -7.02  -0.20  0000
   33  -0.167  3020 157991386  481.369  172.913  50.481  120.288  -7.72  -0.90  0000
   34  -0.133  2969 157991387  481.476  174.427  50.339  120.724  -7.84  -1.02  0000
   35  -0.100  3282 157991388  481.592  174.832  50.324  120.851  -7.83  -1.01  0000
   36  -0.067  3211 157991389  482.561  175.940  50.458  121.281  -7.82  -1.00  0000
   37  -0.033  3662 157991390  483.086  177.043  50.478  121.654  -7.97  -1.15  0000
   38   0.000  3917 157991391  482.152  178.186  50.109  121.863  -8.31  -1.49  0000
   39   0.033  3336 157991392  482.824  178.687  50.234  122.085  -7.86  -1.04  0000
   40   0.067  2784 157991393  483.921  180.106  50.378  122.615  -7.61  -0.79  0000
   41   0.100  2698 157991394  484.026  180.534  50.362  122.749  -7.45  -0.63  0000
   42   0.133  1941 157991395  484.192  181.902  50.268  123.156  -6.10   0.72  0000
