#
#   version : 20090611
#    num_fr : 16
#      time : 20131027 07:59:54.891 UTC
#      unix : 1382860794.891923
#       ntp : LOCK -162 274815 633
#       seq : 158456783
#       mul : 0 [A]
#      site : 01
#    latlon : 45.5749 -94.3965 370.0
#      text : Collegeville
#     label : 
#     plate : metal_20100816_20100506-404-gd3
#      geom : 640 480
#    reject : 0
#
#  fr    time   sum     seq       cx       cy      th      phi    lsp    mag  flag
   29  -0.400  1443 158456771  456.318  206.568  40.621  127.866  -5.52   1.30  0000
   30  -0.367  1965 158456772  458.175  208.542  40.972  128.768  -6.62   0.20  0000
   31  -0.334  2961 158456773  461.421  210.852  41.688  129.906  -7.66  -0.84  0000
   32  -0.300  3635 158456774  463.350  213.012  42.071  130.841  -8.04  -1.22  0000
   33  -0.267  4487 158456775  466.258  215.097  42.738  131.812  -8.31  -1.49  0000
   34  -0.234  3994 158456776  468.080  217.600  43.097  132.818  -8.45  -1.63  0000
   35  -0.200  3944 158456777  470.260  220.079  43.570  133.824  -8.29  -1.47  0000
   36  -0.167  4525 158456778  473.861  222.448  44.457  134.858  -8.44  -1.62  0000
   37  -0.133  4890 158456779  475.708  225.050  44.860  135.837  -8.79  -1.97  0000
   38  -0.100  4893 158456780  478.291  227.616  45.485  136.823  -8.67  -1.85  0000
   39  -0.067  4775 158456781  481.267  230.390  46.228  137.867  -8.70  -1.88  0000
   40  -0.033  5245 158456782  483.825  232.870  46.877  138.770  -8.87  -2.05  0000
   41   0.000  6208 158456783  486.438  236.005  47.541  139.861  -8.99  -2.17  0000
   42   0.033  4340 158456784  488.934  238.659  48.198  140.769  -8.38  -1.56  0000
   43   0.067  3484 158456785  491.338  240.880  48.847  141.517  -8.07  -1.25  0000
   44   0.100  2528 158456786  492.756  243.606  49.220  142.389  -7.05  -0.23  0000
