#
#   version : 20090611
#    num_fr : 13
#      time : 20131027 06:58:06.111 UTC
#      unix : 1382857086.111726
#       ntp : LOCK 650 1495058 612
#       seq : 158345632
#       mul : 0 [A]
#      site : 01
#    latlon : 45.5749 -94.3965 370.0
#      text : Collegeville
#     label : 
#     plate : metal_20100816_20100506-404-gd3
#      geom : 640 480
#    reject : 0
#
#  fr    time   sum     seq       cx       cy      th      phi    lsp    mag  flag
   30  -0.534  1917 158345616  321.349  121.523  33.743   57.958  -6.18   0.64  0000
   32  -0.467  2160 158345618  320.845  119.530  34.267   57.657  -6.45   0.37  0000
   34  -0.400  1907 158345620  320.190  116.537  35.059   57.267  -6.19   0.63  0000
   35  -0.367  2004 158345621  320.805  115.552  35.335   57.507  -6.26   0.56  0000
   36  -0.334  2429 158345622  320.672  114.230  35.689   57.406  -6.46   0.36  0000
   37  -0.300  1897 158345623  320.257  113.566  35.860   57.206  -6.30   0.52  0000
   38  -0.267  1996 158345624  319.169  112.183  36.216   56.698  -6.34   0.48  0000
   39  -0.234  1806 158345625  320.427  109.590  36.936   57.161  -5.72   1.10  0000
   44  -0.067  2213 158345630  318.572  102.954  38.705   56.230  -6.51   0.31  0000
   45  -0.033  2399 158345631  318.735  101.339  39.146   56.260  -6.80   0.02  0000
   46   0.000  2608 158345632  318.832  100.478  39.381   56.280  -7.07  -0.25  0000
   47   0.033  2403 158345633  319.106   99.602  39.623   56.369  -6.90  -0.08  0000
   49   0.100  2016 158345635  318.295   96.871  40.356   55.995  -5.99   0.83  0000
