#
#   version : 20090611
#    num_fr : 14
#      time : 20131027 10:55:27.835 UTC
#      unix : 1382871327.835668
#       ntp : LOCK 481 417877 786
#       seq : 158772447
#       mul : 0 [A]
#      site : 01
#    latlon : 45.5749 -94.3965 370.0
#      text : Collegeville
#     label : 
#     plate : metal_20100816_20100506-404-gd3
#      geom : 640 480
#    reject : 0
#
#  fr    time   sum     seq       cx       cy      th      phi    lsp    mag  flag
   30  -0.234  2512 158772440  248.361  138.980  33.792   22.972  -6.31   0.51  0000
   31  -0.200  2746 158772441  247.046  137.827  34.246   22.709  -6.65   0.17  0000
   32  -0.167  3079 158772442  244.115  135.434  35.220   22.107  -7.00  -0.18  0000
   33  -0.133  2870 158772443  243.815  134.282  35.530   22.245  -6.98  -0.16  0000
   34  -0.100  3366 158772444  241.835  132.769  36.168   21.833  -7.31  -0.49  0000
   35  -0.067  3952 158772445  240.751  131.260  36.675   21.759  -7.80  -0.98  0000
   36  -0.033  4251 158772446  238.692  129.476  37.390   21.397  -8.01  -1.19  0000
   37   0.000  4391 158772447  236.969  127.439  38.116   21.217  -8.04  -1.22  0000
   38   0.033  3993 158772448  235.342  125.263  38.861   21.104  -7.81  -0.99  0000
   39   0.067  3592 158772449  233.615  123.334  39.566   20.912  -7.57  -0.75  0000
   40   0.100  3446 158772450  231.951  121.468  40.248   20.734  -7.27  -0.45  0000
   41   0.133  3288 158772451  230.748  120.038  40.761   20.625  -6.92  -0.10  0000
   42   0.167  2736 158772452  229.073  117.873  41.516   20.510  -6.67   0.15  0000
   43   0.200  2363 158772453  227.517  116.895  41.981   20.208  -6.24   0.58  0000
