#
#   version : 20090611
#    num_fr : 14
#      time : 20130510 08:57:42.023 UTC
#      unix : 1368176262.023211
#       ntp : LOCK -754 920851 823
#       seq : 270378300
#       mul : 0 [A]
#      site : 01
#    latlon : 45.5749 -94.3965 370.0
#      text : Collegeville
#     label : 
#     plate : metal_20100816_20100506-404-gd3
#      geom : 640 480
#    reject : 0
#
#  fr    time   sum     seq       cx       cy      th      phi    lsp    mag  flag
   29  -0.400  1722 270378288  134.897  125.042  59.535   -2.531  -5.68   1.14  0000
   30  -0.367  2519 270378289  134.746  124.634  59.639   -2.469  -6.48   0.34  0000
   31  -0.334  2474 270378290  132.307  123.789  60.383   -2.667  -6.89  -0.07  0000
   32  -0.300  3057 270378291  132.303  123.522  60.428   -2.612  -7.44  -0.62  0000
   33  -0.267  2944 270378292  130.697  122.655  60.971   -2.677  -7.31  -0.49  0000
   34  -0.234  3105 270378293  130.802  121.760  61.092   -2.477  -7.39  -0.57  0000
   35  -0.200  3440 270378294  128.807  120.991  61.717   -2.620  -7.51  -0.69  0000
   36  -0.167  3242 270378295  128.250  120.460  61.945   -2.596  -7.45  -0.63  0000
   37  -0.133  3110 270378296  127.390  119.798  62.269   -2.590  -7.54  -0.72  0000
   38  -0.100  3547 270378297  126.820  119.393  62.479   -2.593  -7.86  -1.04  0000
   39  -0.067  2942 270378298  125.705  117.959  62.997   -2.471  -7.28  -0.46  0000
   40  -0.033  3675 270378299  123.737  117.023  63.648   -2.575  -7.94  -1.12  0000
   41   0.000  4023 270378300  123.623  116.641  63.741   -2.516  -8.23  -1.41  0000
   42   0.033  2521 270378301  123.409  115.995  63.903   -2.420  -6.63   0.19  0000
