#
#   version : 20090611
#    num_fr : 16
#      time : 20120902 02:27:49.973 UTC
#      unix : 1346552869.973097
#       ntp : LOCK 495 407449 516
#       seq : 20812123
#       mul : 0 [A]
#      site : 01
#    latlon : 45.5749 -94.3965 370.0
#      text : Collegeville
#     label : 
#     plate : metal_20100816_20100506-404-gd3
#      geom : 640 480
#    reject : 0
#
#  fr    time   sum     seq       cx       cy      th      phi    lsp    mag  flag
   30  -0.434  2087 20812110  406.738  290.577  27.467  166.785  -5.83   0.99  0000
   32  -0.367  3457 20812112  408.290  293.066  28.113  167.689  -6.76   0.06  0000
   33  -0.334  3961 20812113  408.356  294.851  28.321  168.540  -7.19  -0.37  0000
   34  -0.300  4350 20812114  409.963  296.539  28.905  168.992  -7.92  -1.10  0000
   35  -0.267  5347 20812115  409.838  297.991  29.038  169.700  -8.41  -1.59  0000
   36  -0.234  5679 20812116  410.805  299.889  29.495  170.358  -8.66  -1.84  0000
   37  -0.200  5098 20812117  411.558  300.848  29.792  170.623  -8.75  -1.93  0000
   38  -0.167  6329 20812118  412.257  302.539  30.165  171.221  -8.91  -2.09  0000
   39  -0.133  6368 20812119  413.212  304.655  30.656  171.931  -8.81  -1.99  0000
   40  -0.100  6095 20812120  414.434  306.209  31.145  172.319  -8.66  -1.84  0000
   41  -0.067  6691 20812121  414.415  308.631  31.449  173.344  -8.97  -2.15  0000
   42  -0.033  6318 20812122  415.334  310.148  31.867  173.758  -8.81  -1.99  0000
   43   0.000  6815 20812123  416.162  311.120  32.193  173.961  -8.95  -2.13  0000
   44   0.033  5024 20812124  417.381  313.025  32.737  174.443  -8.77  -1.95  0000
   45   0.067  5255 20812125  417.422  314.616  32.963  175.062  -8.27  -1.45  0000
   46   0.100  2753 20812126  418.995  316.294  33.565  175.345  -7.13  -0.31  0000
