#
#   version : 20090611
#    num_fr : 28
#      time : 20140521 05:58:30.674 UTC
#      unix : 1400651910.674913
#       ntp : LOCK -808 730184 1499
#       seq : 149358028
#       mul : 0 [A]
#      site : 01
#    latlon : 45.5749 -94.3965 370.0
#      text : Collegeville
#     label : 
#     plate : metal_20100816_20100506-404-gd3
#      geom : 640 480
#    reject : 0
#
#  fr    time   sum     seq       cx       cy      th      phi    lsp    mag  flag
   29  -0.734  1530 149358006  334.552  114.650  36.020   63.409  -5.97   0.85  0000
   32  -0.634  2027 149358009  340.248  110.589  37.391   65.455  -6.49   0.33  0000
   33  -0.601  1888 149358010  342.905  110.627  37.536   66.537  -6.44   0.38  0000
   34  -0.567  2079 149358011  344.851  109.321  38.003   67.195  -6.99  -0.17  0000
   35  -0.534  2402 149358012  347.355  107.909  38.541   68.045  -7.16  -0.34  0000
   36  -0.500  2255 149358013  348.459  107.329  38.770   68.416  -7.17  -0.35  0000
   37  -0.467  2630 149358014  352.114  105.587  39.494   69.637  -7.26  -0.44  0000
   38  -0.434  2594 149358015  353.300  104.582  39.848   69.975  -7.30  -0.48  0000
   39  -0.400  2115 149358016  354.681  103.716  40.183   70.395  -7.06  -0.24  0000
   40  -0.367  2480 149358017  357.879  103.052  40.619   71.499  -7.34  -0.52  0000
   41  -0.334  2652 149358018  358.434  101.710  41.014   71.544  -7.35  -0.53  0000
   42  -0.300  2790 149358019  361.310  100.943  41.465   72.487  -7.62  -0.80  0000
   43  -0.267  2759 149358020  362.605   99.750  41.891   72.801  -7.43  -0.61  0000
   44  -0.234  2606 149358021  365.847   98.880  42.419   73.826  -7.44  -0.62  0000
   45  -0.200  2543 149358022  367.680   97.392  42.979   74.267  -7.41  -0.59  0000
   46  -0.167  3003 149358023  370.876   97.180  43.355   75.320  -7.45  -0.63  0000
   47  -0.133  2998 149358024  371.314   95.842  43.742   75.291  -7.57  -0.75  0000
   48  -0.100  2675 149358025  374.733   94.871  44.350   76.289  -7.39  -0.57  0000
   49  -0.067  2466 149358026  376.056   94.063  44.699   76.609  -7.27  -0.45  0000
   50  -0.033  3318 149358027  377.354   93.466  44.993   76.945  -7.79  -0.97  0000
   51   0.000  3441 149358028  379.988   92.526  45.527   77.652  -7.87  -1.05  0000
   52   0.033  3001 149358029  381.292   91.726  45.879   77.950  -7.74  -0.92  0000
   53   0.067  2825 149358030  384.596   90.452  46.588   78.790  -7.42  -0.60  0000
   54   0.100  2661 149358031  384.950   89.725  46.813   78.796  -7.49  -0.67  0000
   55   0.133  2865 149358032  387.828   89.273  47.276   79.599  -7.57  -0.75  0000
   56   0.167  2515 149358033  389.555   87.691  47.885   79.885  -7.19  -0.37  0000
   57   0.200  2251 149358034  392.281   87.269  48.336   80.621  -6.74   0.08  0000
   58   0.234  1824 149358035  393.481   86.410  48.703   80.843  -6.29   0.53  0000
