#
#   version : 20090611
#    num_fr : 17
#      time : 20140207 05:24:23.548 UTC
#      unix : 1391750663.548338
#       ntp : LOCK -368 588608 679
#       seq : 424879810
#       mul : 0 [A]
#      site : 01
#    latlon : 45.5749 -94.3965 370.0
#      text : Collegeville
#     label : 
#     plate : metal_20100816_20100506-404-gd3
#      geom : 640 480
#    reject : 0
#
#  fr    time   sum     seq       cx       cy      th      phi    lsp    mag  flag
   30  -0.167  2537 424879805  225.068  150.490  35.127   11.498  -6.47   0.35  0000
   31  -0.133  2796 424879806  223.955  149.956  35.442   11.282  -6.66   0.16  0000
   32  -0.100  2731 424879807  225.006  151.038  35.028   11.321  -6.50   0.32  0000
   33  -0.067  2785 424879808  223.694  151.924  35.099   10.635  -6.82   0.00  0000
   34  -0.033  3092 424879809  221.163  151.905  35.586    9.823  -6.91  -0.09  0000
   35   0.000  3212 424879810  220.477  153.244  35.458    9.215  -7.26  -0.44  0000
   36   0.033  2820 424879811  219.274  153.895  35.567    8.645  -6.96  -0.14  0000
   37   0.067  2738 424879812  218.528  154.907  35.521    8.112  -7.05  -0.23  0000
   38   0.100  2616 424879813  217.676  155.782  35.525    7.586  -7.18  -0.36  0000
   39   0.133  3066 424879814  217.046  156.359  35.544    7.219  -7.06  -0.24  0000
   40   0.167  3100 424879815  216.746  157.449  35.401    6.795  -6.87  -0.05  0000
   41   0.200  2823 424879816  214.679  158.083  35.706    5.979  -6.49   0.33  0000
   42   0.234  2720 424879817  213.344  158.992  35.817    5.304  -6.51   0.31  0000
   43   0.267  2417 424879818  212.453  159.724  35.871    4.817  -6.60   0.22  0000
   44   0.300  2563 424879819  211.948  160.214  35.890    4.518  -6.29   0.53  0000
   45   0.334  1685 424879820  211.544  161.775  35.699    3.909  -6.14   0.68  0000
   46   0.367  2349 424879821  210.894  162.054  35.788    3.636  -5.60   1.22  0000
