#
#   version : 20090611
#    num_fr : 15
#      time : 20140207 09:14:49.960 UTC
#      unix : 1391764489.960305
#       ntp : LOCK 817 350090 693
#       seq : 425294175
#       mul : 0 [A]
#      site : 01
#    latlon : 45.5749 -94.3965 370.0
#      text : Collegeville
#     label : 
#     plate : metal_20100816_20100506-404-gd3
#      geom : 640 480
#    reject : 0
#
#  fr    time   sum     seq       cx       cy      th      phi    lsp    mag  flag
   29  -0.334  1757 425294165  360.328  239.388  13.166  131.999  -6.21   0.61  0000
   30  -0.300  2075 425294166  360.319  237.439  13.278  129.873  -6.79   0.03  0000
   31  -0.267  2206 425294167  361.010  236.066  13.548  128.610  -7.13  -0.31  0000
   32  -0.234  2240 425294168  361.898  233.563  13.960  126.310  -7.10  -0.28  0000
   33  -0.200  2521 425294169  362.255  231.992  14.180  124.864  -7.21  -0.39  0000
   34  -0.167  2430 425294170  363.036  230.924  14.469  124.102  -7.10  -0.28  0000
   35  -0.133  3137 425294171  364.906  228.775  15.134  122.766  -7.76  -0.94  0000
   36  -0.100  3796 425294172  364.572  227.118  15.213  121.140  -8.25  -1.43  0000
   37  -0.067  3703 425294173  365.528  225.126  15.655  119.764  -8.23  -1.41  0000
   38  -0.033  3816 425294174  365.731  223.061  15.932  118.091  -8.06  -1.24  0000
   39   0.000  4041 425294175  367.099  221.063  16.492  117.027  -8.35  -1.53  0000
   40   0.033  3953 425294176  366.941  219.132  16.690  115.431  -8.18  -1.36  0000
   41   0.067  2871 425294177  367.536  217.366  17.053  114.336  -7.71  -0.89  0000
   42   0.100  2518 425294178  368.247  215.018  17.528  112.913  -7.21  -0.39  0000
   43   0.133  2201 425294179  369.529  213.494  18.028  112.398  -6.97  -0.15  0000
