#
#   version : 20090611
#    num_fr : 26
#      time : 20110106 00:47:00.854 UTC
#      unix : 1294274820.854572
#       ntp : LOCK -278 615554 646
#       seq : 93856948
#       mul : 0 [A]
#      site : 01
#    latlon : 45.5749 -94.3965 370.0
#      text : Collegeville
#     label : 
#     plate : metal_20100816_20100506-404-gd3
#      geom : 640 480
#    reject : 0
#
#  fr    time   sum     seq       cx       cy      th      phi    lsp    mag  flag
   29  -0.601  2048 93856930  436.462  190.458  36.986  119.153  -5.69  -5.69  0000
   31  -0.534  1811 93856932  435.271  193.738  36.319  120.173  -5.78  -5.78  0000
   32  -0.501  2325 93856933  434.193  194.891  35.921  120.425  -6.55  -6.55  0000
   33  -0.467  2001 93856934  432.913  195.947  35.484  120.610  -6.56  -6.56  0000
   34  -0.434  2206 93856935  432.318  197.194  35.200  120.995  -6.44  -6.44  0000
   35  -0.400  2378 93856936  431.307  198.641  34.792  121.394  -6.46  -6.46  0000
   36  -0.367  2278 93856937  430.966  200.361  34.529  122.026  -6.52  -6.52  0000
   37  -0.334  2532 93856938  427.942  201.257  33.668  121.871  -6.80  -6.80  0000
   38  -0.300  2725 93856939  428.665  202.744  33.704  122.612  -6.88  -6.88  0000
   39  -0.267  2667 93856940  426.485  204.568  32.968  123.009  -7.12  -7.12  0000
   40  -0.234  2852 93856941  425.403  205.561  32.596  123.250  -7.02  -7.02  0000
   41  -0.200  2553 93856942  424.040  206.722  32.136  123.523  -7.20  -7.20  0000
   42  -0.167  2460 93856943  423.213  207.783  31.825  123.849  -7.12  -7.12  0000
   43  -0.133  2528 93856944  422.201  210.191  31.346  124.757  -6.95  -6.95  0000
   44  -0.100  2705 93856945  421.199  211.455  30.977  125.168  -7.13  -7.13  0000
   45  -0.067  2440 93856946  418.164  213.036  30.056  125.405  -6.73  -6.73  0000
   46  -0.033  2589 93856947  418.594  214.519  30.043  126.177  -6.85  -6.85  0000
   47   0.000  2895 93856948  416.643  216.182  29.401  126.666  -7.04  -7.04  0000
   48   0.033  2682 93856949  415.122  217.763  28.881  127.203  -7.12  -7.12  0000
   49   0.067  2403 93856950  414.179  218.844  28.552  127.596  -6.89  -6.89  0000
   50   0.100  2054 93856951  412.773  220.387  28.070  128.163  -6.72  -6.72  0000
   51   0.133  2249 93856952  411.164  222.200  27.519  128.861  -6.52  -6.52  0000
   52   0.167  2583 93856953  408.755  224.198  26.751  129.571  -6.62  -6.62  0000
   53   0.200  2402 93856954  406.819  226.591  26.088  130.608  -6.51  -6.51  0000
   54   0.234  2189 93856955  406.349  228.417  25.855  131.567  -6.21  -6.21  0000
   55   0.267  2080 93856956  405.112  229.836  25.447  132.216  -6.24  -6.24  0000
