#
#   version : 20090611
#    num_fr : 17
#      time : 20140803 03:43:11.158 UTC
#      unix : 1407037391.158553
#       ntp : LOCK -225 720907 386
#       seq : 3434934
#       mul : 0 [A]
#      site : 01
#    latlon : 45.5749 -94.3965 370.0
#      text : Collegeville
#     label : 
#     plate : metal_20100816_20100506-404-gd3
#      geom : 640 480
#    reject : 0
#
#  fr    time   sum     seq       cx       cy      th      phi    lsp    mag  flag
   30  -0.434  1662 3434921  414.615  206.339  29.776  121.615  -5.78   1.04  0000
   32  -0.367  1795 3434923  417.939  214.606  29.866  126.113  -6.31   0.51  0000
   34  -0.300  2175 3434925  419.066  220.589  29.708  129.167  -6.87  -0.05  0000
   35  -0.267  2532 3434926  419.684  224.420  29.626  131.123  -6.97  -0.15  0000
   36  -0.234  2496 3434927  419.991  226.746  29.574  132.307  -7.09  -0.27  0000
   37  -0.200  2688 3434928  421.352  230.123  29.768  134.117  -7.25  -0.43  0000
   38  -0.167  2589 3434929  421.739  234.287  29.699  136.221  -7.24  -0.42  0000
   39  -0.133  2736 3434930  422.560  237.375  29.819  137.817  -7.22  -0.40  0000
   40  -0.100  3106 3434931  423.868  240.744  30.088  139.561  -7.60  -0.78  0000
   41  -0.067  2913 3434932  424.930  244.708  30.311  141.560  -7.49  -0.67  0000
   42  -0.033  3517 3434933  425.621  248.562  30.469  143.471  -7.87  -1.05  0000
   43   0.000  3986 3434934  425.600  252.328  30.467  145.323  -8.15  -1.33  0000
   44   0.033  3978 3434935  427.168  255.221  30.919  146.714  -8.17  -1.35  0000
   45   0.067  3436 3434936  427.512  258.905  31.071  148.484  -8.08  -1.26  0000
   46   0.100  3465 3434937  428.664  262.848  31.480  150.319  -8.02  -1.20  0000
   47   0.133  3557 3434938  428.271  266.667  31.497  152.146  -7.91  -1.09  0000
   48   0.167  2531 3434939  430.168  270.171  32.152  153.647  -6.77   0.05  0000
