#
#   version : 20090611
#    num_fr : 16
#      time : 20140803 04:26:32.161 UTC
#      unix : 1407039992.161570
#       ntp : LOCK -59 996803 369
#       seq : 3512884
#       mul : 0 [A]
#      site : 01
#    latlon : 45.5749 -94.3965 370.0
#      text : Collegeville
#     label : 
#     plate : metal_20100816_20100506-404-gd3
#      geom : 640 480
#    reject : 0
#
#  fr    time   sum     seq       cx       cy      th      phi    lsp    mag  flag
   29  -0.334  1628 3512874  241.239  222.666  20.172  -15.767  -5.74   1.08  0000
   31  -0.267  2124 3512876  240.118  230.643  19.823  -21.683  -6.66   0.16  0000
   32  -0.234  2393 3512877  239.600  232.789  19.824  -23.343  -6.72   0.10  0000
   33  -0.200  2592 3512878  240.664  236.364  19.349  -25.825  -7.20  -0.38  0000
   34  -0.167  2405 3512879  240.580  240.530  19.201  -29.009  -6.86  -0.04  0000
   35  -0.133  2847 3512880  239.244  244.172  19.462  -31.906  -7.46  -0.64  0000
   36  -0.100  2913 3512881  240.027  248.347  19.195  -35.080  -7.60  -0.78  0000
   37  -0.067  3593 3512882  238.851  252.426  19.519  -38.209  -7.85  -1.03  0000
   38  -0.033  3401 3512883  238.745  255.949  19.599  -40.877  -7.86  -1.04  0000
   39   0.000  3706 3512884  239.443  259.924  19.521  -43.936  -7.87  -1.05  0000
   40   0.033  3410 3512885  238.670  264.046  19.899  -46.911  -7.96  -1.14  0000
   41   0.067  3540 3512886  238.449  268.148  20.183  -49.850  -7.99  -1.17  0000
   42   0.100  3594 3512887  239.070  272.396  20.312  -52.980  -7.88  -1.06  0000
   43   0.133  3680 3512888  238.282  276.522  20.851  -55.632  -8.19  -1.37  0000
   44   0.167  3345 3512889  238.767  280.151  21.064  -58.164  -8.06  -1.24  0000
   45   0.200  2022 3512890  237.799  283.811  21.682  -60.238  -6.97  -0.15  0000
