#
#   version : 20090611
#    num_fr : 14
#      time : 20130914 07:51:01.385 UTC
#      unix : 1379145061.385777
#       ntp : LOCK 105 366948 1485
#       seq : 47098688
#       mul : 0 [A]
#      site : 01
#    latlon : 45.5749 -94.3965 370.0
#      text : Collegeville
#     label : 
#     plate : metal_20100816_20100506-404-gd3
#      geom : 640 480
#    reject : 0
#
#  fr    time   sum     seq       cx       cy      th      phi    lsp    mag  flag
   30  -0.367  1458 47098677  235.042  133.403  37.056   19.255  -5.50   1.32  0000
   31  -0.334  1618 47098678  233.781  134.375  37.039   18.594  -6.27   0.55  0000
   32  -0.300  1701 47098679  232.011  135.631  37.047   17.692  -6.33   0.49  0000
   33  -0.267  1653 47098680  229.051  136.745  37.296   16.422  -6.26   0.56  0000
   34  -0.234  1723 47098681  227.613  137.766  37.320   15.695  -6.24   0.58  0000
   35  -0.200  2143 47098682  225.708  138.928  37.402   14.780  -6.48   0.34  0000
   36  -0.167  2248 47098683  223.651  140.347  37.467   13.755  -7.15  -0.33  0000
   37  -0.133  2921 47098684  221.909  141.660  37.509   12.861  -7.46  -0.64  0000
   38  -0.100  2980 47098685  219.492  142.778  37.725   11.809  -7.60  -0.78  0000
   39  -0.067  3353 47098686  217.702  144.099  37.795   10.907  -8.02  -1.20  0000
   40  -0.033  3497 47098687  216.462  145.943  37.665   10.032  -8.07  -1.25  0000
   41   0.000  3799 47098688  213.496  147.127  38.011    8.821  -8.01  -1.19  0000
   42   0.033  3192 47098689  212.154  148.429  38.026    8.067  -8.02  -1.20  0000
   43   0.067  2725 47098690  210.379  150.039  38.078    7.103  -7.38  -0.56  0000
