#
#   version : 20090611
#    num_fr : 14
#      time : 20140805 06:48:08.227 UTC
#      unix : 1407221288.227326
#       ntp : LOCK -4195 474772 1687
#       seq : 8946195
#       mul : 0 [A]
#      site : 01
#    latlon : 45.5749 -94.3965 370.0
#      text : Collegeville
#     label : 
#     plate : metal_20100816_20100506-404-gd3
#      geom : 640 480
#    reject : 0
#
#  fr    time   sum     seq       cx       cy      th      phi    lsp    mag  flag
   30  -0.400  1535 8946183  178.299  371.569  48.882  -77.693  -5.81   1.01  0000
   32  -0.334  2137 8946185  180.626  371.923  48.445  -78.269  -6.95  -0.13  0000
   33  -0.300  2156 8946186  180.973  371.960  48.377  -78.352  -7.14  -0.32  0000
   34  -0.267  2540 8946187  181.070  372.065  48.376  -78.397  -7.50  -0.68  0000
   35  -0.234  3020 8946188  182.005  371.372  48.045  -78.439  -7.70  -0.88  0000
   36  -0.200  3011 8946189  183.725  371.149  47.635  -78.764  -7.60  -0.78  0000
   37  -0.167  2990 8946190  184.304  371.069  47.497  -78.873  -7.62  -0.80  0000
   38  -0.133  2942 8946191  184.691  371.060  47.413  -78.956  -7.76  -0.94  0000
   39  -0.100  3104 8946192  185.309  370.741  47.222  -79.020  -8.06  -1.24  0000
   40  -0.067  3160 8946193  185.995  370.553  47.041  -79.129  -7.97  -1.15  0000
   41  -0.033  3395 8946194  186.713  370.255  46.832  -79.221  -8.05  -1.23  0000
   42   0.000  3681 8946195  187.756  370.545  46.669  -79.526  -8.02  -1.20  0000
   43   0.033  2826 8946196  189.107  370.379  46.354  -79.797  -7.59  -0.77  0000
   44   0.067  1765 8946197  189.182  370.028  46.271  -79.731  -6.56   0.26  0000
