#
#   version : 20090611
#    num_fr : 14
#      time : 20140805 05:48:13.037 UTC
#      unix : 1407217693.037077
#       ntp : LOCK -294 196603 302
#       seq : 8838449
#       mul : 0 [A]
#      site : 01
#    latlon : 45.5749 -94.3965 370.0
#      text : Collegeville
#     label : 
#     plate : metal_20100816_20100506-404-gd3
#      geom : 640 480
#    reject : 0
#
#  fr    time   sum     seq       cx       cy      th      phi    lsp    mag  flag
   29  -0.234  1758 8838442  465.619  127.023  53.229  106.106  -6.36   0.46  0000
   30  -0.200  3332 8838443  467.676  126.717  53.752  106.410  -7.77  -0.95  0000
   31  -0.167  3688 8838444  467.657  125.595  53.941  106.152  -8.30  -1.48  0000
   32  -0.133  3688 8838445  467.876  125.270  54.048  106.118  -8.24  -1.42  0000
   33  -0.100  3754 8838446  468.113  125.006  54.148  106.101  -8.41  -1.59  0000
   34  -0.067  3375 8838447  469.177  123.787  54.603  106.020  -8.02  -1.20  0000
   35  -0.033  3166 8838448  469.358  123.261  54.736  105.935  -8.04  -1.22  0000
   36   0.000  4594 8838449  469.562  122.511  54.914  105.805  -8.60  -1.78  0000
   37   0.033  3155 8838450  470.716  121.795  55.303  105.853  -7.79  -0.97  0000
   38   0.067  2356 8838451  470.926  121.405  55.420  105.805  -7.41  -0.59  0000
   39   0.100  3162 8838452  471.189  120.517  55.636  105.658  -8.06  -1.24  0000
   40   0.133  3238 8838453  471.219  119.287  55.861  105.396  -7.97  -1.15  0000
   41   0.167  2205 8838454  471.142  119.643  55.780  105.459  -6.91  -0.09  0000
   42   0.200  1750 8838455  472.010  118.235  56.228  105.309  -6.21   0.61  0000
