#
#   version : 20090611
#    num_fr : 36
#      time : 20091116 03:11:33.414 UTC
#      unix : 1258341093.414607
#       ntp : LOCK 1862 556268 957
#       seq : 34404023
#       mul : 0 [A]
#      site : 01
#    latlon : 45.5749 -94.3965 370.0
#      text : Collegeville
#     label : 
#     plate : 
#      geom : 640 480
#    reject : 0
#
#  fr    time   sum     seq       cx       cy      th      phi    lsp    mag  flag
   29  -0.868  1614 34403997  565.090  192.114  71.696  135.501  -5.95  -5.95  0000
   30  -0.834  1608 34403998  565.962  192.984  71.918  135.709  -5.89  -5.89  0000
   31  -0.801  1600 34403999  566.329  193.206  72.019  135.766  -6.07  -6.07  0000
   34  -0.701  1670 34404002  568.387  194.271  72.596  136.044  -6.31  -6.31  0000
   35  -0.667  1736 34404003  567.592  194.936  72.319  136.164  -5.99  -5.99  0000
   36  -0.634  1914 34404004  568.482  194.796  72.599  136.156  -6.30  -6.30  0000
   37  -0.601  2201 34404005  570.016  195.851  73.021  136.414  -6.83  -6.83  0000
   38  -0.567  1833 34404006  570.460  196.225  73.140  136.503  -6.49  -6.49  0000
   39  -0.534  2034 34404007  570.593  196.211  73.181  136.503  -6.52  -6.52  0000
   40  -0.501  2145 34404008  572.099  196.860  73.616  136.672  -6.66  -6.66  0000
   41  -0.467  1889 34404009  571.774  197.378  73.492  136.773  -6.46  -6.46  0000
   42  -0.434  1977 34404010  572.432  198.495  73.645  137.019  -6.46  -6.46  0000
   44  -0.367  2034 34404012  575.081  198.585  74.463  137.092  -6.68  -6.68  0000
   45  -0.334  2512 34404013  576.010  198.938  74.736  137.183  -7.20  -7.20  0000
   46  -0.300  2956 34404014  575.687  199.377  74.617  137.267  -7.54  -7.54  0000
   47  -0.267  2977 34404015  576.165  200.068  74.736  137.418  -7.54  -7.54  0000
   48  -0.234  2627 34404016  577.294  200.594  75.066  137.546  -7.28  -7.28  0000
   49  -0.200  2949 34404017  577.521  200.809  75.127  137.594  -7.37  -7.37  0000
   50  -0.167  2801 34404018  578.109  201.056  75.301  137.655  -7.39  -7.39  0000
   51  -0.133  2922 34404019  579.234  202.176  75.607  137.902  -7.31  -7.31  0000
   52  -0.100  3086 34404020  579.986  202.054  75.848  137.889  -7.64  -7.64  0000
   53  -0.067  3786 34404021  580.058  202.560  75.850  137.993  -8.22  -8.22  0000
   54  -0.033  4300 34404022  580.269  202.905  75.903  138.066  -8.32  -8.32  0000
   55   0.000  5707 34404023  581.590  203.333  76.301  138.173  -8.81  -8.81  0000
   56   0.033  5048 34404024  582.230  203.682  76.489  138.253  -8.69  -8.69  0000
   57   0.067  5349 34404025  582.482  203.864  76.562  138.293  -8.73  -8.73  0000
   58   0.100  4576 34404026  582.597  204.444  76.576  138.411  -8.47  -8.47  0000
   59   0.133  4460 34404027  583.392  205.022  76.805  138.538  -8.31  -8.31  0000
   60   0.167  4043 34404028  584.658  205.325  77.194  138.616  -8.00  -8.00  0000
   61   0.200  3836 34404029  585.279  205.814  77.373  138.721  -8.05  -8.05  0000
   62   0.234  3688 34404030  585.280  206.063  77.364  138.771  -8.03  -8.03  0000
   63   0.267  3534 34404031  585.644  206.266  77.472  138.816  -7.82  -7.82  0000
   64   0.300  3482 34404032  586.359  207.309  77.663  139.031  -7.69  -7.69  0000
   65   0.334  2576 34404033  586.666  207.541  77.752  139.081  -7.11  -7.11  0000
   66   0.367  1858 34404034  586.826  207.492  77.805  139.073  -6.24  -6.24  0000
   68   0.434  1841 34404036  588.941  208.278  78.451  139.250  -5.86  -5.86  0000
