#
#   version : 20090611
#    num_fr : 13
#      time : 20121230 08:49:37.062 UTC
#      unix : 1356857377.062242
#       ntp : LOCK 599 219012 669
#       seq : 43461400
#       mul : 0 [A]
#      site : 01
#    latlon : 45.5749 -94.3965 370.0
#      text : Collegeville
#     label : 
#     plate : metal_20100816_20100506-404-gd3
#      geom : 640 480
#    reject : 0
#
#  fr    time   sum     seq       cx       cy      th      phi    lsp    mag  flag
   29  -0.200  5633 43461394  374.124  278.103  18.086  167.753  -7.68  -0.86  0000
   30  -0.167  4985 43461395  376.143  279.116  18.688  167.837  -7.67  -0.85  0000
   31  -0.133  5616 43461396  379.017  280.127  19.500  167.648  -7.74  -0.92  0000
   32  -0.100  4911 43461397  381.298  281.076  20.161  167.609  -7.99  -1.17  0000
   33  -0.067  4736 43461398  384.049  282.140  20.950  167.513  -8.33  -1.51  0000
   34  -0.033  4181 43461399  387.212  283.079  21.830  167.234  -8.35  -1.53  0000
   35   0.000  8993 43461400  387.389  284.044  21.974  167.788  -8.40  -1.58  0000
   36   0.033  7519 43461401  390.464  284.253  22.758  167.097  -8.43  -1.61  0000
   37   0.067  8272 43461402  392.525  285.990  23.449  167.597  -8.30  -1.48  0000
   38   0.100  6536 43461403  395.537  286.376  24.237  167.070  -8.39  -1.57  0000
   39   0.133  4499 43461404  400.413  288.773  25.699  167.240  -8.37  -1.55  0000
   40   0.167  5011 43461405  401.417  288.616  25.934  166.929  -7.99  -1.17  0000
   41   0.200  4697 43461406  404.418  290.222  26.849  167.102  -7.00  -0.18  0000
