#
#   version : 20090611
#    num_fr : 21
#      time : 20130109 07:25:24.616 UTC
#      unix : 1357716324.616766
#       ntp : LOCK -245 465927 465
#       seq : 69203751
#       mul : 0 [A]
#      site : 01
#    latlon : 45.5749 -94.3965 370.0
#      text : Collegeville
#     label : 
#     plate : metal_20100816_20100506-404-gd3
#      geom : 640 480
#    reject : 0
#
#  fr    time   sum     seq       cx       cy      th      phi    lsp    mag  flag
   30  -0.167  1871 69203746  531.025  137.857  68.046  117.741  -5.86   0.96  0000
   31  -0.133  2156 69203747  530.986  136.880  68.165  117.535  -6.44   0.38  0000
   32  -0.100  2174 69203748  531.098  136.538  68.242  117.477  -6.26   0.56  0000
   33  -0.067  2106 69203749  532.180  136.001  68.609  117.483  -6.30   0.52  0000
   34  -0.033  3256 69203750  533.199  135.224  68.992  117.434  -7.62  -0.80  0000
   35   0.000  4065 69203751  533.324  134.808  69.083  117.363  -8.03  -1.21  0000
   36   0.033  3655 69203752  534.125  134.304  69.370  117.347  -8.07  -1.25  0000
   37   0.067  3864 69203753  534.566  133.804  69.559  117.293  -8.00  -1.18  0000
   38   0.100  3173 69203754  534.591  133.641  69.588  117.263  -7.58  -0.76  0000
   39   0.133  3219 69203755  535.614  132.696  69.997  117.182  -7.35  -0.53  0000
   40   0.167  2831 69203756  536.679  132.037  70.380  117.164  -6.90  -0.08  0000
   41   0.200  3050 69203757  537.262  131.686  70.588  117.156  -7.03  -0.21  0000
   42   0.234  3020 69203758  537.938  131.152  70.847  117.122  -7.50  -0.68  0000
   43   0.267  3685 69203759  538.319  130.562  71.033  117.045  -7.85  -1.03  0000
   44   0.300  3616 69203760  539.034  129.818  71.333  116.974  -7.87  -1.05  0000
   45   0.334  3781 69203761  539.505  129.385  71.523  116.939  -8.10  -1.28  0000
   46   0.367  3231 69203762  539.384  129.427  71.484  116.934  -7.66  -0.84  0000
   47   0.400  2902 69203763  540.880  128.483  72.028  116.907  -7.27  -0.45  0000
   48   0.434  2926 69203764  541.317  127.937  72.224  116.847  -7.27  -0.45  0000
   49   0.467  2380 69203765  541.336  127.829  72.245  116.828  -6.63   0.19  0000
   50   0.500  2420 69203766  541.240  126.694  72.377  116.598  -6.67   0.15  0000
