#
#   version : 20090611
#    num_fr : 15
#      time : 20130109 11:17:44.281 UTC
#      unix : 1357730264.281808
#       ntp : LOCK 359 245616 519
#       seq : 69621518
#       mul : 0 [A]
#      site : 01
#    latlon : 45.5749 -94.3965 370.0
#      text : Collegeville
#     label : 
#     plate : metal_20100816_20100506-404-gd3
#      geom : 640 480
#    reject : 0
#
#  fr    time   sum     seq       cx       cy      th      phi    lsp    mag  flag
   30  -0.400  2518 69621506  251.697   85.189  46.690   32.698  -6.90  -0.08  0000
   31  -0.367  3305 69621507  253.729   83.244  46.995   33.552  -7.83  -1.01  0000
   32  -0.334  3845 69621508  255.650   81.740  47.205   34.316  -8.26  -1.44  0000
   33  -0.300  4117 69621509  258.287   79.964  47.432   35.325  -8.31  -1.49  0000
   34  -0.267  4074 69621510  261.025   78.057  47.700   36.369  -8.54  -1.72  0000
   35  -0.234  4401 69621511  264.680   76.589  47.795   37.656  -8.53  -1.71  0000
   36  -0.200  4716 69621512  267.394   74.880  48.048   38.655  -8.69  -1.87  0000
   37  -0.167  4050 69621513  270.705   73.212  48.265   39.831  -8.46  -1.64  0000
   38  -0.133  3869 69621514  274.385   71.263  48.556   41.132  -8.31  -1.49  0000
   39  -0.100  4221 69621515  276.717   69.444  48.914   41.981  -8.47  -1.65  0000
   40  -0.067  4327 69621516  280.689   67.787  49.154   43.329  -8.33  -1.51  0000
   41  -0.033  4613 69621517  284.484   65.750  49.534   44.624  -8.54  -1.72  0000
   42   0.000  5273 69621518  287.426   64.158  49.851   45.614  -8.89  -2.07  0000
   43   0.033  4212 69621519  290.444   63.179  50.010   46.597  -8.44  -1.62  0000
   44   0.067  1887 69621520  294.218   61.776  50.280   47.821  -6.28   0.54  0000
