#
#   version : 20090611
#    num_fr : 23
#      time : 20101107 09:42:22.055 UTC
#      unix : 1289122942.055323
#       ntp : LOCK 41 692340 796
#       seq : 8349272
#       mul : 0 [A]
#      site : 01
#    latlon : 45.5749 -94.3965 370.0
#      text : Collegeville
#     label : 
#     plate : metal_20100816_20100506-404-gd3
#      geom : 640 480
#    reject : 0
#
#  fr    time   sum     seq       cx       cy      th      phi    lsp    mag  flag
   29  -0.534  1599 8349256  252.513  461.068  59.145 -109.566  -5.68  -5.68  0000
   30  -0.500  1756 8349257  251.265  461.481  59.366 -109.277  -5.94  -5.94  0000
   31  -0.467  1625 8349258  251.880  462.742  59.666 -109.520  -6.13  -6.13  0000
   32  -0.434  1895 8349259  251.620  463.975  60.034 -109.538  -6.66  -6.66  0000
   33  -0.400  2113 8349260  251.079  464.982  60.362 -109.471  -7.06  -7.06  0000
   34  -0.367  2484 8349261  250.040  465.476  60.590 -109.246  -7.24  -7.24  0000
   35  -0.334  2526 8349262  249.118  466.982  61.093 -109.120  -7.66  -7.66  0000
   36  -0.300  3286 8349263  247.889  467.627  61.383 -108.862  -7.81  -7.81  0000
   37  -0.267  3033 8349264  246.919  468.657  61.759 -108.696  -7.98  -7.98  0000
   38  -0.234  3336 8349265  245.927  469.343  62.041 -108.503  -8.10  -8.10  0000
   39  -0.200  3511 8349266  245.001  470.560  62.468 -108.364  -8.23  -8.23  0000
   40  -0.167  3615 8349267  244.432  471.301  62.729 -108.280  -8.34  -8.34  0000
   41  -0.133  3800 8349268  243.332  472.215  63.089 -108.081  -8.40  -8.40  0000
   42  -0.100  3525 8349269  242.757  473.185  63.416 -108.013  -8.29  -8.29  0000
   43  -0.067  4453 8349270  242.056  474.031  63.721 -107.907  -8.61  -8.61  0000
   44  -0.033  4977 8349271  241.197  474.976  64.069 -107.771  -8.82  -8.82  0000
   45   0.000  5278 8349272  240.306  475.455  64.290 -107.597  -8.86  -8.86  0000
   46   0.033  4904 8349273  238.999  476.495  64.710 -107.367  -8.89  -8.89  0000
   47   0.067  4603 8349274  238.411  477.066  64.930 -107.272  -8.74  -8.74  0000
   48   0.100  4613 8349275  237.565  477.549  65.149 -107.112  -8.89  -8.89  0000
   49   0.133  2631 8349276  236.663  477.889  65.336 -106.929  -8.16  -8.16  0000
   50   0.167  2218 8349277  236.426  477.893  65.360 -106.875  -8.01  -8.01  0000
   51   0.200  1164 8349278  236.147  478.247  65.489 -106.837  -6.82  -6.82  0000
