#
#   version : 20090611
#    num_fr : 19
#      time : 20110811 04:06:36.084 UTC
#      unix : 1313035596.084284
#       ntp : LOCK 847 456896 4495
#       seq : 19595376
#       mul : 0 [A]
#      site : 01
#    latlon : 45.5749 -94.3965 370.0
#      text : Collegeville
#     label : 
#     plate : metal_20100816_20100506-404-gd3
#      geom : 640 480
#    reject : 0
#
#  fr    time   sum     seq       cx       cy      th      phi    lsp    mag  flag
   29  -0.501  2723 19595361  439.262  136.676  45.702  103.083  -6.40   0.42  0000
   30  -0.467  2827 19595362  438.860  137.075  45.544  103.094  -6.54   0.28  0000
   31  -0.434  3064 19595363  438.119  137.911  45.235  103.139  -6.69   0.13  0000
   32  -0.400  3355 19595364  437.969  138.151  45.160  103.167  -7.07  -0.25  0000
   33  -0.367  3523 19595365  436.500  139.200  44.657  103.101  -7.34  -0.52  0000
   34  -0.334  3757 19595366  435.476  139.956  44.303  103.061  -7.39  -0.57  0000
   35  -0.300  3634 19595367  434.950  140.989  44.006  103.209  -7.50  -0.68  0000
   36  -0.267  3890 19595368  435.703  142.426  43.911  103.763  -7.77  -0.95  0000
   37  -0.234  4266 19595369  434.746  143.494  43.516  103.826  -7.85  -1.03  0000
   38  -0.200  4388 19595370  434.561  144.075  43.374  103.939  -8.03  -1.21  0000
   39  -0.167  4795 19595371  432.924  144.999  42.859  103.806  -8.17  -1.35  0000
   40  -0.133  4865 19595372  431.745  146.031  42.424  103.809  -8.28  -1.46  0000
   41  -0.100  5041 19595373  431.644  147.078  42.219  104.073  -8.46  -1.64  0000
   42  -0.067  4897 19595374  430.940  148.207  41.870  104.220  -8.50  -1.68  0000
   43  -0.033  6204 19595375  430.266  149.206  41.550  104.339  -8.90  -2.08  0000
   44   0.000  6214 19595376  429.437  150.240  41.192  104.432  -8.87  -2.05  0000
   45   0.033  5646 19595377  428.516  152.076  40.676  104.736  -8.84  -2.02  0000
   46   0.067  4806 19595378  428.016  152.998  40.409  104.882  -8.37  -1.55  0000
   47   0.100  2686 19595379  426.422  153.958  39.900  104.773  -6.39   0.43  0000
