#
#   version : 20090611
#    num_fr : 18
#      time : 20110811 05:21:26.194 UTC
#      unix : 1313040086.194882
#       ntp : LOCK 4184 160207 5107
#       seq : 19729944
#       mul : 0 [A]
#      site : 01
#    latlon : 45.5749 -94.3965 370.0
#      text : Collegeville
#     label : 
#     plate : metal_20100816_20100506-404-gd3
#      geom : 640 480
#    reject : 0
#
#  fr    time   sum     seq       cx       cy      th      phi    lsp    mag  flag
   30  -0.434  2549 19729931   62.659  196.018  71.951  -25.169  -6.33   0.49  0000
   33  -0.334  3402 19729934   58.170  200.066  73.109  -26.235  -6.90  -0.08  0000
   35  -0.267  3017 19729936   56.079  203.047  73.601  -26.949  -6.76   0.06  0000
   36  -0.234  3493 19729937   55.802  205.043  73.583  -27.376  -7.31  -0.49  0000
   37  -0.200  3485 19729938   54.754  205.781  73.877  -27.573  -7.75  -0.93  0000
   38  -0.167  3513 19729939   53.695  207.129  74.145  -27.894  -7.68  -0.86  0000
   39  -0.133  2656 19729940   52.630  208.561  74.414  -28.232  -7.50  -0.68  0000
   40  -0.100  3277 19729941   51.911  210.074  74.572  -28.571  -6.94  -0.12  0000
   41  -0.067  4373 19729942   51.555  210.389  74.672  -28.649  -6.99  -0.17  0000
   42  -0.033  4168 19729943   50.848  212.707  74.796  -29.152  -7.59  -0.77  0000
   43   0.000  4976 19729944   49.824  213.951  75.071  -29.442  -7.46  -0.64  0000
   44   0.033  4162 19729945   47.904  215.895  75.609  -29.903  -7.33  -0.51  0000
   45   0.067  3277 19729946   46.542  216.938  76.008  -30.158  -7.40  -0.58  0000
   46   0.100  3485 19729947   45.339  218.153  76.351  -30.441  -7.23  -0.41  0000
   47   0.133  4362 19729948   44.261  218.976  76.670  -30.639  -7.28  -0.46  0000
   48   0.167  3249 19729949   43.159  220.328  76.982  -30.943  -7.48  -0.66  0000
   49   0.200  4788 19729950   42.186  222.950  77.214  -31.496  -6.99  -0.17  0000
   51   0.267  2613 19729952   41.646  224.289  77.351  -31.779  -7.15  -0.33  0000
