#
#   version : 20090611
#    num_fr : 12
#      time : 20110811 09:02:24.849 UTC
#      unix : 1313053344.849867
#       ntp : LOCK 950 161560 7042
#       seq : 20127304
#       mul : 0 [A]
#      site : 01
#    latlon : 45.5749 -94.3965 370.0
#      text : Collegeville
#     label : 
#     plate : metal_20100816_20100506-404-gd3
#      geom : 640 480
#    reject : 0
#
#  fr    time   sum     seq       cx       cy      th      phi    lsp    mag  flag
   30  -0.200  1511 20127298  121.614  245.933  52.393  -35.503  -6.42   0.40  0000
   31  -0.167  2273 20127299  119.853  247.903  52.901  -36.086  -7.05  -0.23  0000
   32  -0.133  2328 20127300  117.668  249.387  53.541  -36.521  -7.53  -0.71  0000
   33  -0.100  2470 20127301  116.251  250.369  53.958  -36.804  -7.83  -1.01  0000
   34  -0.067  2977 20127302  113.031  252.317  54.913  -37.353  -8.04  -1.22  0000
   35  -0.033  3947 20127303  111.703  253.417  55.310  -37.656  -8.51  -1.69  0000
   36   0.000  4891 20127304  109.568  254.949  55.952  -38.071  -8.88  -2.06  0000
   37   0.033  4644 20127305  107.596  256.482  56.550  -38.478  -8.76  -1.94  0000
   38   0.067  4035 20127306  105.912  257.750  57.064  -38.808  -8.55  -1.73  0000
   39   0.100  3550 20127307  103.521  259.379  57.797  -39.222  -8.22  -1.40  0000
   40   0.133  2160 20127308  101.645  260.859  58.378  -39.593  -7.68  -0.86  0000
   41   0.167  1337 20127309  100.377  261.746  58.771  -39.811  -6.49   0.33  0000
