#
#   version : 20090611
#    num_fr : 20
#      time : 20110811 06:28:36.409 UTC
#      unix : 1313044116.409870
#       ntp : LOCK 212 618067 4671
#       seq : 19850729
#       mul : 0 [A]
#      site : 01
#    latlon : 45.5749 -94.3965 370.0
#      text : Collegeville
#     label : 
#     plate : metal_20100816_20100506-404-gd3
#      geom : 640 480
#    reject : 0
#
#  fr    time   sum     seq       cx       cy      th      phi    lsp    mag  flag
   30  -0.467  2732 19850715  107.608  134.448  65.155   -8.266  -6.85  -0.03  0000
   32  -0.400  3173 19850717  100.978  141.011  66.056  -10.405  -6.76   0.06  0000
   33  -0.367  3563 19850718   99.045  142.668  66.371  -10.965  -7.38  -0.56  0000
   34  -0.334  4578 19850719   97.854  143.733  66.564  -11.317  -7.24  -0.42  0000
   35  -0.300  5002 19850720   95.947  144.724  66.969  -11.728  -8.17  -1.35  0000
   36  -0.267  6105 19850721   94.191  146.409  67.248  -12.263  -8.56  -1.74  0000
   37  -0.234  6353 19850722   91.945  146.882  67.824  -12.593  -8.69  -1.87  0000
   38  -0.200  6987 19850723   90.627  147.908  68.071  -12.939  -8.88  -2.06  0000
   39  -0.167  6635 19850724   89.238  149.110  68.320  -13.326  -8.80  -1.98  0000
   40  -0.133  6199 19850725   87.026  150.663  68.767  -13.863  -8.69  -1.87  0000
   41  -0.100  7377 19850726   86.198  151.263  68.934  -14.066  -8.96  -2.14  0000
   42  -0.067  5296 19850727   84.305  153.043  69.273  -14.610  -8.55  -1.73  0000
   43  -0.033  5153 19850728   82.532  154.280  69.645  -15.028  -8.38  -1.56  0000
   44   0.000  7386 19850729   81.167  155.636  69.890  -15.430  -9.03  -2.21  0000
   45   0.033  7035 19850730   79.419  156.846  70.267  -15.833  -8.74  -1.92  0000
   46   0.067  6203 19850731   77.374  158.290  70.712  -16.305  -8.54  -1.72  0000
   47   0.100  6775 19850732   76.280  159.711  70.883  -16.688  -8.67  -1.85  0000
   48   0.133  4917 19850733   76.168  160.350  70.848  -16.828  -8.21  -1.39  0000
   49   0.167  4098 19850734   74.194  162.013  71.261  -17.330  -8.10  -1.28  0000
   50   0.200  3313 19850735   71.865  163.808  71.773  -17.882  -7.08  -0.26  0000
