#
#   version : 20090611
#    num_fr : 14
#      time : 20110811 09:24:02.779 UTC
#      unix : 1313054642.779653
#       ntp : LOCK 877 811560 7042
#       seq : 20166203
#       mul : 0 [A]
#      site : 01
#    latlon : 45.5749 -94.3965 370.0
#      text : Collegeville
#     label : 
#     plate : metal_20100816_20100506-404-gd3
#      geom : 640 480
#    reject : 0
#
#  fr    time   sum     seq       cx       cy      th      phi    lsp    mag  flag
   30  -0.334  1152 20166193  442.590  451.477  65.433 -158.865  -5.70   1.12  0000
   31  -0.300  1759 20166194  442.314  452.811  65.717 -158.630  -6.56   0.26  0000
   32  -0.267  1938 20166195  442.940  454.894  66.340 -158.476  -7.14  -0.32  0000
   33  -0.234  2527 20166196  442.526  456.415  66.651 -158.194  -7.35  -0.53  0000
   34  -0.200  2868 20166197  443.234  458.211  67.219 -158.098  -7.62  -0.80  0000
   35  -0.167  3003 20166198  443.102  459.881  67.618 -157.857  -7.80  -0.98  0000
   36  -0.133  3670 20166199  442.949  461.649  68.040 -157.601  -8.21  -1.39  0000
   37  -0.100  3666 20166200  443.112  463.309  68.489 -157.423  -8.20  -1.38  0000
   38  -0.067  3910 20166201  443.478  465.002  68.981 -157.282  -8.32  -1.50  0000
   39  -0.033  4994 20166202  443.460  466.916  69.469 -157.041  -8.60  -1.78  0000
   40   0.000  5705 20166203  443.377  468.623  69.895 -156.816  -8.94  -2.12  0000
   41   0.033  5570 20166204  443.313  469.922  70.220 -156.647  -8.94  -2.12  0000
   42   0.067  3576 20166205  443.560  471.600  70.695 -156.492  -8.20  -1.38  0000
   43   0.100  2912 20166206  443.158  473.395  71.098 -156.203  -7.61  -0.79  0000
