#
#   version : 20090611
#    num_fr : 14
#      time : 20110811 07:06:34.999 UTC
#      unix : 1313046394.999106
#       ntp : LOCK 8629 763388 5426
#       seq : 19919018
#       mul : 0 [A]
#      site : 01
#    latlon : 45.5749 -94.3965 370.0
#      text : Collegeville
#     label : 
#     plate : metal_20100816_20100506-404-gd3
#      geom : 640 480
#    reject : 0
#
#  fr    time   sum     seq       cx       cy      th      phi    lsp    mag  flag
   29  -0.133  2671 19919014  233.173  442.434  56.005 -103.004  -7.03  -0.21  0000
   30  -0.100  4282 19919015  232.216  445.164  56.841 -103.037  -7.12  -0.30  0000
   31  -0.067  5190 19919016  231.268  447.204  57.494 -103.004  -7.84  -1.02  0000
   32  -0.033  6431 19919017  230.362  448.575  57.966 -102.914  -8.10  -1.28  0000
   33   0.000  8326 19919018  229.263  451.174  58.789 -102.900  -8.34  -1.52  0000
   34   0.033  7636 19919019  228.454  452.611  59.270 -102.843  -8.55  -1.73  0000
   35   0.067  5396 19919020  228.581  455.282  59.972 -103.132  -8.82  -2.00  0000
   36   0.100  7414 19919021  226.420  457.204  60.745 -102.797  -8.71  -1.89  0000
   37   0.133  4187 19919022  226.505  458.889  61.190 -102.978  -8.57  -1.75  0000
   38   0.167  4333 19919023  225.236  461.121  61.945 -102.888  -8.50  -1.68  0000
   39   0.200  7481 19919024  224.707  462.398  62.354 -102.884  -8.59  -1.77  0000
   40   0.234  6734 19919025  223.767  464.861  63.137 -102.894  -8.43  -1.61  0000
   41   0.267  5204 19919026  222.846  466.013  63.561 -102.788  -8.04  -1.22  0000
   42   0.300  4342 19919027  220.989  467.949  64.315 -102.544  -7.28  -0.46  0000
