#
#   version : 20090611
#    num_fr : 16
#      time : 20110811 03:51:35.346 UTC
#      unix : 1313034695.346298
#       ntp : LOCK 1447 522729 4799
#       seq : 19568381
#       mul : 0 [A]
#      site : 01
#    latlon : 45.5749 -94.3965 370.0
#      text : Collegeville
#     label : 
#     plate : metal_20100816_20100506-404-gd3
#      geom : 640 480
#    reject : 0
#
#  fr    time   sum     seq       cx       cy      th      phi    lsp    mag  flag
   29  -0.367  2748 19568370  559.040  341.244  73.605  164.646  -6.37   0.45  0000
   34  -0.200  3823 19568375  557.955  348.241  74.041  166.136  -6.91  -0.09  0000
   35  -0.167  4020 19568376  557.260  350.787  74.126  166.697  -6.91  -0.09  0000
   36  -0.133  4511 19568377  557.166  351.001  74.123  166.747  -7.06  -0.24  0000
   37  -0.100  4409 19568378  556.517  352.271  74.080  167.050  -6.92  -0.10  0000
   38  -0.067  4060 19568379  556.336  354.694  74.313  167.545  -7.14  -0.32  0000
   39  -0.033  3688 19568380  556.325  355.239  74.374  167.654  -7.27  -0.45  0000
   40   0.000  5783 19568381  555.654  356.524  74.334  167.961  -8.02  -1.20  0000
   41   0.033  4089 19568382  556.392  358.085  74.738  168.209  -8.18  -1.36  0000
   42   0.067  3668 19568383  555.585  360.296  74.778  168.707  -7.91  -1.09  0000
   43   0.100  3187 19568384  556.084  361.363  75.056  168.874  -7.52  -0.70  0000
   44   0.133  4188 19568385  555.200  362.222  74.909  169.114  -7.38  -0.56  0000
   45   0.167  3338 19568386  555.000  363.589  75.026  169.396  -7.64  -0.82  0000
   46   0.200  3839 19568387  555.055  365.859  75.336  169.830  -7.37  -0.55  0000
   47   0.234  2792 19568388  555.168  366.829  75.496  170.007  -7.14  -0.32  0000
   48   0.267  4475 19568389  554.196  368.793  75.477  170.467  -6.92  -0.10  0000
