#
#   version : 20090611
#    num_fr : 18
#      time : 20110811 07:02:42.398 UTC
#      unix : 1313046162.398725
#       ntp : LOCK 8751 648388 5426
#       seq : 19912047
#       mul : 0 [A]
#      site : 01
#    latlon : 45.5749 -94.3965 370.0
#      text : Collegeville
#     label : 
#     plate : metal_20100816_20100506-404-gd3
#      geom : 640 480
#    reject : 0
#
#  fr    time   sum     seq       cx       cy      th      phi    lsp    mag  flag
   29  -0.167  5572 19912042  176.177   42.924  67.985   18.875  -7.97  -1.15  0000
   30  -0.133  4105 19912043  193.053   40.459  65.824   22.658  -7.91  -1.09  0000
   31  -0.100  5303 19912044  218.599   30.441  64.900   29.361  -8.23  -1.41  0000
   32  -0.067  4475 19912045  224.346   39.209  61.838   29.893  -8.00  -1.18  0000
   33  -0.033  4971 19912046  235.912   41.506  59.913   32.527  -7.90  -1.08  0000
   34   0.000  5878 19912047  241.602   44.757  58.444   33.701  -8.10  -1.28  0000
   35   0.033  5084 19912048  245.968   46.795  57.464   34.676  -7.96  -1.14  0000
   36   0.067  4316 19912049  246.360   47.622  57.202   34.713  -7.41  -0.59  0000
   42   0.267  3788 19912055  264.663   62.025  51.734   38.757  -7.07  -0.25  0000
   43   0.300  3825 19912056  269.118   64.561  50.727   39.924  -7.17  -0.35  0000
   44   0.334  3566 19912057  276.167   66.833  49.662   41.957  -6.84  -0.02  0000
   45   0.367  3533 19912058  283.955   69.472  48.531   44.291  -7.11  -0.29  0000
   46   0.400  3506 19912059  295.224   76.527  46.162   47.750  -7.34  -0.52  0000
   48   0.467  3781 19912061  304.304   84.281  43.830   50.752  -7.22  -0.40  0000
   49   0.501  3745 19912062  307.962   91.334  41.854   52.024  -7.30  -0.48  0000
   50   0.534  3605 19912063  306.432   94.446  41.018   51.423  -7.26  -0.44  0000
   51   0.567  3186 19912064  308.630   98.148  39.988   52.244  -6.94  -0.12  0000
   52   0.601  3471 19912065  310.665  100.193  39.421   53.040  -7.08  -0.26  0000
