#
#   version : 20090611
#    num_fr : 25
#      time : 20110726 03:57:15.654 UTC
#      unix : 1311652635.654377
#       ntp : LOCK 3543 1117762 1572
#       seq : 8834690
#       mul : 0 [A]
#      site : 01
#    latlon : 45.5749 -94.3965 370.0
#      text : Collegeville
#     label : 
#     plate : metal_20100816_20100506-404-gd3
#      geom : 640 480
#    reject : 0
#
#  fr    time   sum     seq       cx       cy      th      phi    lsp    mag  flag
   29  -0.467  1217 8834676  280.429   93.165  42.270   41.749  -5.85   0.97  0000
   30  -0.434  1384 8834677  280.983   92.877  42.316   41.970  -5.72   1.10  0000
   31  -0.400  1473 8834678  281.816   93.180  42.187   42.253  -5.81   1.01  0000
   32  -0.367  1653 8834679  283.895   92.838  42.168   43.034  -6.58   0.24  0000
   33  -0.334  1991 8834680  284.399   93.068  42.080   43.205  -6.96  -0.14  0000
   34  -0.300  2282 8834681  286.344   93.029  41.995   43.922  -7.09  -0.27  0000
   35  -0.267  2502 8834682  287.111   92.622  42.069   44.227  -7.44  -0.62  0000
   36  -0.234  2816 8834683  287.994   92.266  42.125   44.571  -7.77  -0.95  0000
   37  -0.200  3200 8834684  289.201   92.196  42.092   45.018  -7.98  -1.16  0000
   38  -0.167  3534 8834685  290.788   92.225  42.019   45.603  -8.06  -1.24  0000
   39  -0.133  3479 8834686  291.710   91.905  42.071   45.958  -8.31  -1.49  0000
   40  -0.100  3660 8834687  292.253   91.828  42.072   46.162  -8.30  -1.48  0000
   41  -0.067  4203 8834688  294.343   91.835  41.997   46.935  -8.46  -1.64  0000
   42  -0.033  4218 8834689  295.630   91.553  42.033   47.422  -8.56  -1.74  0000
   43   0.000  4695 8834690  296.495   91.299  42.077   47.751  -8.70  -1.88  0000
   44   0.033  3810 8834691  298.165   91.276  42.037   48.372  -8.41  -1.59  0000
   45   0.067  3570 8834692  298.767   91.300  42.015   48.595  -8.29  -1.47  0000
   46   0.100  4164 8834693  301.066   91.078  42.023   49.455  -8.23  -1.41  0000
   47   0.133  3441 8834694  301.956   90.838  42.071   49.791  -8.18  -1.36  0000
   48   0.167  2911 8834695  302.417   90.862  42.056   49.961  -7.83  -1.01  0000
   49   0.200  2781 8834696  305.090   90.896  42.005   50.956  -7.48  -0.66  0000
   50   0.234  2814 8834697  305.381   90.769  42.036   51.066  -7.59  -0.77  0000
   51   0.267  2322 8834698  306.622   90.884  41.990   51.527  -6.79   0.03  0000
   52   0.300  1777 8834699  307.773   90.344  42.127   51.960  -6.33   0.49  0000
   53   0.334  1297 8834700  308.436   90.488  42.082   52.205  -5.89   0.93  0000
