#
#   version : 20090611
#    num_fr : 13
#      time : 20110211 08:05:08.164 UTC
#      unix : 1297411508.164158
#       ntp : LOCK -2822 53489 438
#       seq : 76305967
#       mul : 0 [A]
#      site : 01
#    latlon : 45.5749 -94.3965 370.0
#      text : Collegeville
#     label : 
#     plate : metal_20100816_20100506-404-gd3
#      geom : 640 480
#    reject : 0
#
#  fr    time   sum     seq       cx       cy      th      phi    lsp    mag  flag
   29  -0.167  1813 76305962  395.698  289.319  24.588  168.677  -7.10  -7.10  0000
   30  -0.133  2911 76305963  398.263  288.542  25.140  167.619  -7.68  -7.68  0000
   31  -0.100  3038 76305964  399.200  287.351  25.251  166.750  -8.03  -8.03  0000
   32  -0.067  3994 76305965  402.228  286.269  25.905  165.498  -8.43  -8.43  0000
   33  -0.033  3689 76305966  404.218  285.188  26.308  164.512  -8.36  -8.36  0000
   34   0.000  4607 76305967  406.610  284.138  26.825  163.497  -8.78  -8.78  0000
   35   0.033  3586 76305968  409.055  282.801  27.340  162.363  -8.50  -8.50  0000
   36   0.067  3516 76305969  411.859  281.649  27.975  161.307  -8.32  -8.32  0000
   37   0.100  4075 76305970  414.184  280.592  28.501  160.417  -8.52  -8.52  0000
   38   0.133  3739 76305971  416.757  279.431  29.092  159.472  -8.28  -8.28  0000
   39   0.167  3353 76305972  419.019  278.279  29.610  158.609  -8.21  -8.21  0000
   40   0.200  2747 76305973  422.166  276.659  30.342  157.449  -7.90  -7.90  0000
   41   0.234  1280 76305974  424.912  276.015  31.035  156.844  -5.82  -5.82  0000
