#
#   version : 20090611
#    num_fr : 16
#      time : 20130917 03:40:21.905 UTC
#      unix : 1379389221.905075
#       ntp : LOCK -679 608994 2030
#       seq : 54416020
#       mul : 0 [A]
#      site : 01
#    latlon : 45.5749 -94.3965 370.0
#      text : Collegeville
#     label : 
#     plate : metal_20100816_20100506-404-gd3
#      geom : 640 480
#    reject : 0
#
#  fr    time   sum     seq       cx       cy      th      phi    lsp    mag  flag
   29  -0.500  2119 54416005  467.817   90.004  60.722   98.946    nan    nan  0000
   33  -0.367  2426 54416009  469.206   88.257  61.371   98.887  -6.29   0.53  0000
   34  -0.334  4295 54416010  468.990   87.819  61.416   98.769  -4.05   2.77  0000
   35  -0.300  2814 54416011  468.954   87.308  61.513   98.670  -6.52   0.30  0000
   36  -0.267  2915 54416012  470.173   86.680  61.898   98.783  -6.15   0.67  0000
   37  -0.234  2443 54416013  470.832   85.872  62.203   98.759  -6.00   0.82  0000
   39  -0.167  3719 54416015  470.972   84.887  62.436   98.611  -6.00   0.82  0000
   41  -0.100  3386 54416017  470.833   83.952  62.601   98.420  -7.52  -0.70  0000
   42  -0.067  3753 54416018  470.988   83.136  62.803   98.306  -7.66  -0.84  0000
   43  -0.033  4209 54416019  470.941   82.761  62.872   98.232  -7.51  -0.69  0000
   44   0.000  4640 54416020  471.774   81.893  63.227   98.233  -7.24  -0.42  0000
   45   0.033  3866 54416021  471.942   81.794  63.283   98.246  -7.21  -0.39  0000
   46   0.067  4585 54416022  471.891   81.580  63.317   98.200  -7.12  -0.30  0000
   47   0.100  3531 54416023  471.221   79.753  63.561   97.763  -7.20  -0.38  0000
   48   0.133  4241 54416024  471.222   79.877  63.535   97.785  -6.42   0.40  0000
   51   0.234  2819 54416027  471.712   77.870  64.062   97.532  -6.66   0.16  0000
