#
#   version : 20090611
#    num_fr : 12
#      time : 20140128 11:38:51.923 UTC
#      unix : 1390909131.923086
#       ntp : LOCK 275 316765 633
#       seq : 399659711
#       mul : 0 [A]
#      site : 01
#    latlon : 45.5749 -94.3965 370.0
#      text : Collegeville
#     label : 
#     plate : metal_20100816_20100506-404-gd3
#      geom : 640 480
#    reject : 0
#
#  fr    time   sum     seq       cx       cy      th      phi    lsp    mag  flag
   29  -0.334  2591 399659701   74.961  174.771  69.805  -19.921  -6.15   0.67  0000
   30  -0.300  3176 399659702   74.056  174.064  70.140  -19.838  -6.54   0.28  0000
   31  -0.267  3204 399659703   74.661  172.840  70.069  -19.536  -6.75   0.07  0000
   32  -0.234  3787 399659704   73.249  171.302  70.634  -19.319  -7.11  -0.29  0000
   33  -0.200  3696 399659705   74.040  170.134  70.506  -19.017  -7.12  -0.30  0000
   34  -0.167  3025 399659706   73.949  168.378  70.700  -18.659  -7.39  -0.57  0000
   35  -0.133  4374 399659707   73.999  167.520  70.768  -18.477  -7.88  -1.06  0000
   36  -0.100  3837 399659708   73.252  165.255  71.214  -18.069  -7.82  -1.00  0000
   37  -0.067  4210 399659709   73.644  163.963  71.226  -17.773  -7.64  -0.82  0000
   38  -0.033  4026 399659710   73.265  162.304  71.508  -17.465  -7.72  -0.90  0000
   39   0.000  4592 399659711   73.340  161.433  71.575  -17.281  -8.17  -1.35  0000
   40   0.033  3266 399659712   72.078  160.095  72.091  -17.113  -6.29   0.53  0000
