#
#   version : 20090611
#    num_fr : 13
#      time : 20151204 06:10:35.888 UTC
#      unix : 1449209435.888038
#       ntp : LOCK -1920 213150 4189
#       seq : 24754126
#       mul : 0 [A]
#      site : 01
#    latlon : 45.5749 -94.3965 370.0
#      text : Collegeville
#     label : 
#     plate : metal_20100816_20100506-404-gd3
#      geom : 640 480
#    reject : 0
#
#  fr    time   sum     seq       cx       cy      th      phi    lsp    mag  flag
   30  -0.234  3790 24754119  324.774   88.783  42.671   58.220  -7.11  -0.29  0000
   31  -0.200  2706 24754120  325.026   88.743  42.688   58.311  -7.36  -0.54  0000
   32  -0.167  4316 24754121  324.258   89.678  42.416   58.059  -7.79  -0.97  0000
   33  -0.133  4346 24754122  324.160   89.728  42.400   58.025  -7.91  -1.09  0000
   34  -0.100  4540 24754123  324.909   90.904  42.095   58.340  -8.00  -1.18  0000
   35  -0.067  4892 24754124  323.582   92.105  41.739   57.885  -8.38  -1.56  0000
   36  -0.033  4460 24754125  323.471   92.405  41.655   57.853  -8.11  -1.29  0000
   37   0.000  5213 24754126  323.602   92.955  41.508   57.919  -8.29  -1.47  0000
   38   0.033  4910 24754127  324.605   94.265  41.172   58.340  -8.32  -1.50  0000
   39   0.067  4084 24754128  324.549   94.545  41.095   58.328  -8.12  -1.30  0000
   40   0.100  4675 24754129  324.104   95.468  40.834   58.190  -8.07  -1.25  0000
   41   0.133  3971 24754130  324.009   95.900  40.714   58.169  -7.41  -0.59  0000
   42   0.167  2814 24754131  324.185   95.872  40.726   58.235  -6.12   0.70  0000
