#
#   version : 20090611
#    num_fr : 43
#      time : 20110816 03:37:33.592 UTC
#      unix : 1313465853.592154
#       ntp : LOCK 205 831250 3558
#       seq : 1289420
#       mul : 0 [A]
#      site : 01
#    latlon : 45.5749 -94.3965 370.0
#      text : Collegeville
#     label : 
#     plate : metal_20100816_20100506-404-gd3
#      geom : 640 480
#    reject : 0
#
#  fr    time   sum     seq       cx       cy      th      phi    lsp    mag  flag
   30  -0.801  2875 1289396   79.681  292.002  66.070  -46.681  -6.23   0.59  0000
   32  -0.734  3222 1289398   76.183  294.944  67.296  -47.214  -6.40   0.42  0000
   34  -0.667  3550 1289400   74.363  297.100  67.975  -47.624  -6.66   0.16  0000
   35  -0.634  2668 1289401   75.623  298.905  67.695  -48.080  -6.70   0.12  0000
   36  -0.601  3794 1289402   74.486  299.955  68.106  -48.265  -7.11  -0.29  0000
   37  -0.567  3989 1289403   72.578  300.969  68.753  -48.406  -7.13  -0.31  0000
   38  -0.534  4285 1289404   72.237  302.147  68.931  -48.650  -7.50  -0.68  0000
   39  -0.500  4455 1289405   71.299  303.104  69.280  -48.817  -7.56  -0.74  0000
   40  -0.467  4457 1289406   70.565  304.383  69.588  -49.062  -7.61  -0.79  0000
   41  -0.434  4702 1289407   69.679  306.679  70.013  -49.518  -7.82  -1.00  0000
   42  -0.400  4795 1289408   69.254  307.115  70.174  -49.592  -7.95  -1.13  0000
   43  -0.367  5753 1289409   68.049  308.630  70.649  -49.859  -8.51  -1.69  0000
   44  -0.334  6511 1289410   67.780  309.451  70.790  -50.021  -8.81  -1.99  0000
   45  -0.300  6858 1289411   67.261  310.429  71.020  -50.204  -8.92  -2.10  0000
   46  -0.267  7158 1289412   66.696  311.404  71.264  -50.382  -9.03  -2.21  0000
   47  -0.234  7459 1289413   65.879  312.708  71.612  -50.616  -9.04  -2.22  0000
   48  -0.200  6987 1289414   65.078  314.412  71.987  -50.933  -9.05  -2.23  0000
   49  -0.167  7331 1289415   64.718  315.437  72.177  -51.128  -9.05  -2.23  0000
   50  -0.133  7162 1289416   64.174  316.244  72.407  -51.268  -9.10  -2.28  0000
   51  -0.100  6891 1289417   63.375  317.313  72.738  -51.447  -9.14  -2.32  0000
   52  -0.067  7130 1289418   62.881  318.325  72.971  -51.630  -9.03  -2.21  0000
   53  -0.033  7407 1289419   62.342  319.999  73.273  -51.944  -9.39  -2.57  0000
   54   0.000  8748 1289420   61.861  321.032  73.507  -52.129  -9.34  -2.52  0000
   55   0.033  8086 1289421   61.002  321.917  73.846  -52.262  -9.32  -2.50  0000
   56   0.067  8551 1289422   60.379  323.000  74.131  -52.447  -9.36  -2.54  0000
   57   0.100  8723 1289423   60.583  323.195  74.084  -52.498  -9.40  -2.58  0000
   58   0.133  8249 1289424   59.980  325.059  74.431  -52.840  -9.20  -2.38  0000
   59   0.167  7984 1289425   59.551  325.495  74.602  -52.903  -9.18  -2.36  0000
   60   0.200  7450 1289426   58.924  326.593  74.893  -53.087  -9.09  -2.27  0000
   61   0.234  7094 1289427   58.111  327.549  75.230  -53.230  -9.08  -2.26  0000
   62   0.267  7483 1289428   57.763  328.738  75.445  -53.446  -9.05  -2.23  0000
   63   0.300  7073 1289429   57.889  330.042  75.526  -53.711  -8.87  -2.05  0000
   64   0.334  6800 1289430   57.691  330.640  75.642  -53.817  -8.93  -2.11  0000
   65   0.367  6146 1289431   57.507  331.996  75.826  -54.073  -8.58  -1.76  0000
   66   0.400  5707 1289432   56.792  333.024  76.145  -54.231  -8.50  -1.68  0000
   67   0.434  5258 1289433   55.975  333.762  76.469  -54.326  -8.58  -1.76  0000
   68   0.467  5446 1289434   55.735  334.936  76.657  -54.539  -8.21  -1.39  0000
   69   0.500  5161 1289435   55.144  335.937  76.938  -54.697  -8.08  -1.26  0000
   70   0.534  4781 1289436   54.813  336.375  77.084  -54.761  -8.13  -1.31  0000
   71   0.567  6678 1289437   54.227  338.327  77.460  -55.099  -8.72  -1.90  0000
   72   0.601  5229 1289438   54.612  338.278  77.336  -55.114  -8.10  -1.28  0000
   73   0.634  3680 1289439   53.003  339.694  77.979  -55.283  -7.00  -0.18  0000
   74   0.667  2019 1289440   53.378  340.131  77.907  -55.390  -6.37   0.45  0000
