#
#   version : 20090611
#    num_fr : 16
#      time : 20130515 06:42:43.842 UTC
#      unix : 1368600163.842497
#       ntp : LOCK -1153 183274 1411
#       seq : 283082487
#       mul : 0 [A]
#      site : 01
#    latlon : 45.5749 -94.3965 370.0
#      text : Collegeville
#     label : 
#     plate : metal_20100816_20100506-404-gd3
#      geom : 640 480
#    reject : 0
#
#  fr    time   sum     seq       cx       cy      th      phi    lsp    mag  flag
   29  -0.334  1734 283082477  307.554  464.039  57.428 -124.347  -6.05   0.77  0000
   30  -0.300  1923 283082478  309.996  465.110  57.723 -125.010  -6.19   0.63  0000
   31  -0.267  2217 283082479  311.880  466.880  58.229 -125.514  -6.82   0.00  0000
   32  -0.234  2688 283082480  314.204  467.276  58.344 -126.136  -7.40  -0.58  0000
   33  -0.200  3354 283082481  314.583  468.421  58.677 -126.230  -8.04  -1.22  0000
   34  -0.167  3972 283082482  317.422  469.770  59.080 -126.973  -8.22  -1.40  0000
   35  -0.133  3754 283082483  318.386  470.674  59.349 -127.218  -8.28  -1.46  0000
   36  -0.100  4511 283082484  320.317  472.048  59.765 -127.708  -8.66  -1.84  0000
   37  -0.067  4816 283082485  322.256  473.335  60.162 -128.194  -8.59  -1.77  0000
   38  -0.033  4854 283082486  324.320  473.972  60.377 -128.720  -8.81  -1.99  0000
   39   0.000  5933 283082487  325.705  475.144  60.741 -129.055  -9.14  -2.32  0000
   40   0.033  5572 283082488  328.085  476.265  61.113 -129.643  -9.00  -2.18  0000
   41   0.067  5118 283082489  329.875  477.017  61.372 -130.082  -8.98  -2.16  0000
   42   0.100  5085 283082490  331.842  477.611  61.593 -130.567  -8.96  -2.14  0000
   43   0.133  3898 283082491  332.885  477.958  61.721 -130.822  -8.73  -1.91  0000
   44   0.167  3058 283082492  335.555  478.006  61.811 -131.496  -8.24  -1.42  0000
