#
#   version : 20090611
#    num_fr : 20
#      time : 20131214 06:04:46.026 UTC
#      unix : 1387001086.026202
#       ntp : LOCK 666 374903 1249
#       seq : 282538456
#       mul : 0 [A]
#      site : 01
#    latlon : 45.5749 -94.3965 370.0
#      text : Collegeville
#     label : 
#     plate : metal_20100816_20100506-404-gd3
#      geom : 640 480
#    reject : 0
#
#  fr    time   sum     seq       cx       cy      th      phi    lsp    mag  flag
   29  -0.400  2389 282538444  315.452  268.472   4.852 -137.927  -8.19  -1.37  0000
   31  -0.334  2950 282538446  319.152  270.163   5.545 -146.918  -8.38  -1.56  0000
   32  -0.300  2106 282538447  321.426  271.994   6.211 -150.544  -8.35  -1.53  0000
   33  -0.267  3588 282538448  323.220  272.179   6.463 -154.192  -8.14  -1.32  0000
   36  -0.167  2185 282538451  329.871  276.670   8.374 -161.057  -8.20  -1.38  0000
   37  -0.133  3122 282538452  331.153  276.203   8.477 -163.397  -8.32  -1.50  0000
   38  -0.100  3062 282538453  333.306  278.024   9.198 -164.431  -8.72  -1.90  0000
   39  -0.067  3466 282538454  335.634  278.616   9.709 -166.710  -9.14  -2.32  0000
   40  -0.033  3970 282538455  337.570  280.155  10.346 -167.419  -9.38  -2.56  0000
   41   0.000  4953 282538456  338.981  280.503  10.664 -168.599  -9.31  -2.49  0000
   42   0.033  3783 282538457  341.866  282.496  11.564 -169.647  -9.04  -2.22  0000
   43   0.067  4176 282538458  344.038  283.945  12.235 -170.376  -9.22  -2.40  0000
   44   0.100  4076 282538459  346.245  284.464  12.746 -171.824  -9.21  -2.39  0000
   45   0.133  3354 282538460  348.556  286.299  13.519 -172.180  -9.25  -2.43  0000
   46   0.167  3201 282538461  351.407  287.026  14.204 -173.731  -9.16  -2.34  0000
   47   0.200  3165 282538462  354.109  288.742  15.038 -174.302  -8.92  -2.10  0000
   48   0.234  3506 282538463  356.506  290.046  15.743 -174.913  -9.05  -2.23  0000
   49   0.267  3007 282538464  358.728  290.579  16.284 -175.900  -8.82  -2.00  0000
   50   0.300  2920 282538465  361.387  292.148  17.092 -176.367  -8.59  -1.77  0000
   52   0.367  2689 282538467  366.972  294.556  18.652 -177.770  -8.05  -1.23  0000
