#
#   version : 20090611
#    num_fr : 13
#      time : 20120817 03:44:33.118 UTC
#      unix : 1345175073.118279
#       ntp : LOCK -127 544190 503
#       seq : 15579436
#       mul : 0 [A]
#      site : 01
#    latlon : 45.5749 -94.3965 370.0
#      text : Collegeville
#     label : 
#     plate : metal_20100816_20100506-404-gd3
#      geom : 640 480
#    reject : 0
#
#  fr    time   sum     seq       cx       cy      th      phi    lsp    mag  flag
   30  -0.334  1604 15579426  466.973  132.029  52.687  107.511  -6.11   0.71  0000
   32  -0.267  1884 15579428  469.074  135.909  52.538  108.803  -6.51   0.31  0000
   33  -0.234  1893 15579429  469.862  136.375  52.648  109.051  -6.35   0.47  0000
   34  -0.200  1927 15579430  471.123  138.950  52.536  109.888  -6.53   0.29  0000
   35  -0.167  2048 15579431  472.901  140.677  52.691  110.606  -6.79   0.03  0000
   36  -0.133  1887 15579432  472.767  141.835  52.480  110.867  -6.54   0.28  0000
   37  -0.100  2067 15579433  474.908  144.905  52.533  111.974  -7.07  -0.25  0000
   38  -0.067  1999 15579434  475.889  146.577  52.526  112.547  -7.01  -0.19  0000
   39  -0.033  2310 15579435  476.357  148.236  52.398  113.036  -7.08  -0.26  0000
   40   0.000  2350 15579436  478.123  150.197  52.555  113.803  -7.51  -0.69  0000
   41   0.033  2349 15579437  477.950  151.642  52.308  114.143  -7.23  -0.41  0000
   42   0.067  1961 15579438  479.689  154.215  52.387  115.061  -6.97  -0.15  0000
   43   0.100  1696 15579439  481.007  155.935  52.488  115.695  -6.30   0.52  0000
