#
#   version : 20090611
#    num_fr : 15
#      time : 20120817 03:31:45.886 UTC
#      unix : 1345174305.886181
#       ntp : LOCK -154 159190 503
#       seq : 15556442
#       mul : 0 [A]
#      site : 01
#    latlon : 45.5749 -94.3965 370.0
#      text : Collegeville
#     label : 
#     plate : metal_20100816_20100506-404-gd3
#      geom : 640 480
#    reject : 0
#
#  fr    time   sum     seq       cx       cy      th      phi    lsp    mag  flag
   30  -0.400  2119 15556430  147.042  156.292  51.769   -7.926  -6.46   0.36  0000
   31  -0.367  2165 15556431  145.237  160.573  51.662   -9.296  -6.68   0.14  0000
   32  -0.334  2399 15556432  144.291  162.764  51.625  -10.003  -6.69   0.13  0000
   33  -0.300  2694 15556433  143.686  164.867  51.518  -10.640  -6.93  -0.11  0000
   34  -0.267  2513 15556434  143.380  168.302  51.178  -11.594  -7.12  -0.30  0000
   35  -0.234  2375 15556435  141.707  172.271  51.156  -12.883  -7.15  -0.33  0000
   36  -0.200  2642 15556436  141.107  174.664  51.047  -13.609  -7.25  -0.43  0000
   37  -0.167  2840 15556437  140.117  177.921  50.959  -14.622  -7.08  -0.26  0000
   38  -0.133  2523 15556438  140.103  182.374  50.502  -15.860  -7.10  -0.28  0000
   39  -0.100  2486 15556439  138.867  184.461  50.633  -16.585  -7.26  -0.44  0000
   40  -0.067  2340 15556440  137.186  188.077  50.752  -17.784  -7.19  -0.37  0000
   41  -0.033  2458 15556441  135.653  192.553  50.781  -19.207  -6.79   0.03  0000
   42   0.000  2889 15556442  135.577  195.884  50.526  -20.166  -7.34  -0.52  0000
   43   0.033  2868 15556443  134.810  198.057  50.570  -20.861  -7.17  -0.35  0000
   44   0.067  2351 15556444  135.463  201.925  50.098  -21.928  -6.75   0.07  0000
