#
#   version : 20090611
#    num_fr : 16
#      time : 20120817 04:45:47.422 UTC
#      unix : 1345178747.422046
#       ntp : LOCK -66 924825 455
#       seq : 15689553
#       mul : 0 [A]
#      site : 01
#    latlon : 45.5749 -94.3965 370.0
#      text : Collegeville
#     label : 
#     plate : metal_20100816_20100506-404-gd3
#      geom : 640 480
#    reject : 0
#
#  fr    time   sum     seq       cx       cy      th      phi    lsp    mag  flag
   29  -0.234  1929 15689546  547.588  335.966  69.708  164.356  -6.37   0.45  0000
   30  -0.200  1949 15689547  547.776  337.513  69.920  164.672  -6.20   0.62  0000
   31  -0.167  2203 15689548  547.696  338.579  70.007  164.904  -6.31   0.51  0000
   32  -0.133  2013 15689549  548.242  340.511  70.368  165.271  -6.76   0.06  0000
   33  -0.100  2372 15689550  547.852  341.760  70.388  165.563  -6.89  -0.07  0000
   34  -0.067  2112 15689551  548.260  343.580  70.703  165.913  -6.77   0.05  0000
   35  -0.033  2344 15689552  547.627  344.699  70.643  166.196  -7.00  -0.18  0000
   36   0.000  2672 15689553  547.651  347.272  70.938  166.729  -7.03  -0.21  0000
   37   0.033  2522 15689554  547.374  348.216  70.966  166.946  -6.85  -0.03  0000
   38   0.067  2535 15689555  547.462  349.857  71.180  167.278  -6.99  -0.17  0000
   39   0.100  2555 15689556  546.874  350.745  71.115  167.508  -7.21  -0.39  0000
   40   0.133  2467 15689557  547.831  352.359  71.580  167.760  -6.88  -0.06  0000
   41   0.167  2491 15689558  546.917  353.210  71.419  168.010  -6.85  -0.03  0000
   42   0.200  1955 15689559  547.959  354.492  71.871  168.183  -6.35   0.47  0000
   43   0.234  2074 15689560  547.359  355.575  71.832  168.453  -6.61   0.21  0000
   44   0.267  1677 15689561  548.082  358.462  72.395  168.973  -6.37   0.45  0000
