#
#   version : 20090611
#    num_fr : 19
#      time : 20120817 05:06:58.158 UTC
#      unix : 1345180018.158363
#       ntp : LOCK -160 541588 427
#       seq : 15727637
#       mul : 0 [A]
#      site : 01
#    latlon : 45.5749 -94.3965 370.0
#      text : Collegeville
#     label : 
#     plate : metal_20100816_20100506-404-gd3
#      geom : 640 480
#    reject : 0
#
#  fr    time   sum     seq       cx       cy      th      phi    lsp    mag  flag
   30  -0.267  1411 15727629  461.286  148.453  48.714  110.569  -5.81   1.01  0000
   31  -0.234  1861 15727630  462.613  148.420  49.035  110.797  -6.53   0.29  0000
   32  -0.200  1985 15727631  463.538  147.822  49.347  110.804  -6.78   0.04  0000
   33  -0.167  2022 15727632  466.121  146.851  50.113  111.003  -7.32  -0.50  0000
   34  -0.133  2452 15727633  466.772  146.938  50.256  111.137  -7.43  -0.61  0000
   35  -0.100  2687 15727634  469.491  146.523  50.974  111.491  -7.56  -0.74  0000
   36  -0.067  2401 15727635  470.304  146.731  51.140  111.680  -7.38  -0.56  0000
   37  -0.033  2411 15727636  471.651  146.334  51.526  111.802  -7.28  -0.46  0000
   38   0.000  2749 15727637  473.277  146.045  51.965  111.995  -7.43  -0.61  0000
   39   0.033  2430 15727638  474.427  146.008  52.251  112.171  -7.41  -0.59  0000
   40   0.067  2727 15727639  475.805  145.259  52.700  112.205  -7.36  -0.54  0000
   41   0.100  2687 15727640  477.930  144.872  53.279  112.445  -7.76  -0.94  0000
   42   0.133  2599 15727641  478.708  145.002  53.451  112.599  -7.56  -0.74  0000
   43   0.167  2611 15727642  480.810  144.912  53.984  112.901  -7.33  -0.51  0000
   44   0.200  2361 15727643  481.034  144.019  54.171  112.718  -7.20  -0.38  0000
   45   0.234  2369 15727644  481.905  144.259  54.351  112.909  -6.71   0.11  0000
   46   0.267  2070 15727645  484.550  144.000  55.047  113.244  -7.08  -0.26  0000
   47   0.300  1685 15727646  484.789  143.878  55.124  113.250  -6.28   0.54  0000
   48   0.334  1634 15727647  487.490  143.766  55.817  113.620  -6.31   0.51  0000
