#
#   version : 20090611
#    num_fr : 19
#      time : 20120817 03:37:21.654 UTC
#      unix : 1345174641.654402
#       ntp : LOCK -142 324190 503
#       seq : 15566505
#       mul : 0 [A]
#      site : 01
#    latlon : 45.5749 -94.3965 370.0
#      text : Collegeville
#     label : 
#     plate : metal_20100816_20100506-404-gd3
#      geom : 640 480
#    reject : 0
#
#  fr    time   sum     seq       cx       cy      th      phi    lsp    mag  flag
   30  -0.400  1854 15566493  305.930   23.072  61.077   51.677  -6.00   0.82  0000
   31  -0.367  2056 15566494  305.893   22.874  61.135   51.668  -6.57   0.25  0000
   32  -0.334  2382 15566495  306.914   20.966  61.681   51.939  -7.19  -0.37  0000
   33  -0.300  2896 15566496  307.021   20.477  61.823   51.967  -7.67  -0.85  0000
   34  -0.267  3407 15566497  307.438   19.771  62.025   52.076  -7.80  -0.98  0000
   35  -0.234  3503 15566498  306.410   18.607  62.373   51.813  -7.94  -1.12  0000
   36  -0.200  3912 15566499  307.429   17.947  62.558   52.075  -8.05  -1.23  0000
   37  -0.167  3825 15566500  307.492   16.917  62.859   52.092  -8.24  -1.42  0000
   38  -0.133  3941 15566501  306.836   15.892  63.164   51.926  -8.25  -1.43  0000
   39  -0.100  3538 15566502  306.950   15.109  63.393   51.956  -8.14  -1.32  0000
   40  -0.067  4290 15566503  307.749   13.895  63.743   52.159  -8.25  -1.43  0000
   41  -0.033  4008 15566504  307.717   12.994  64.008   52.151  -8.21  -1.39  0000
   42   0.000  5636 15566505  307.747   11.829  64.350   52.159  -8.80  -1.98  0000
   43   0.033  5544 15566506  307.887   10.990  64.596   52.194  -8.77  -1.95  0000
   44   0.067  4569 15566507  307.331   10.146  64.849   52.056  -8.50  -1.68  0000
   45   0.100  3427 15566508  307.120    9.613  65.008   52.004  -8.02  -1.20  0000
   46   0.133  3133 15566509  307.319    8.474  65.343   52.054  -7.62  -0.80  0000
   47   0.167  2442 15566510  308.035    7.857  65.520   52.230  -7.00  -0.18  0000
   49   0.234  2409 15566512  308.786    4.976  66.369   52.412  -6.39   0.43  0000
