#
#   version : 20090611
#    num_fr : 41
#      time : 20101106 05:02:37.770 UTC
#      unix : 1289019757.770478
#       ntp : LOCK -282 324896 1153
#       seq : 5256839
#       mul : 0 [A]
#      site : 01
#    latlon : 45.5749 -94.3965 370.0
#      text : Collegeville
#     label : 
#     plate : metal_20100816_20100506-404-gd3
#      geom : 640 480
#    reject : 0
#
#  fr    time   sum     seq       cx       cy      th      phi    lsp    mag  flag
   30  -1.068  1409 5256807  125.960  210.851  52.224  -25.204  -5.69  -5.69  0000
   36  -0.868  1423 5256813  119.950  214.569  53.759  -26.609  -5.83  -5.83  0000
   37  -0.834  1609 5256814  119.316  214.351  53.953  -26.584  -6.38  -6.38  0000
   38  -0.801  1943 5256815  118.776  215.060  54.075  -26.810  -6.50  -6.50  0000
   41  -0.701  2069 5256818  115.198  217.527  55.000  -27.673  -6.65  -6.65  0000
   42  -0.667  1983 5256819  114.619  218.617  55.121  -27.999  -6.79  -6.79  0000
   43  -0.634  2305 5256820  114.248  218.919  55.216  -28.099  -6.84  -6.84  0000
   44  -0.601  2072 5256821  113.194  219.916  55.483  -28.418  -6.88  -6.88  0000
   45  -0.567  2240 5256822  112.846  220.304  55.569  -28.539  -7.15  -7.15  0000
   46  -0.534  2340 5256823  111.903  221.234  55.808  -28.832  -7.00  -7.00  0000
   47  -0.501  2440 5256824  111.167  222.059  55.992  -29.086  -7.02  -7.02  0000
   48  -0.467  2641 5256825  109.690  222.574  56.407  -29.285  -7.16  -7.16  0000
   49  -0.434  2586 5256826  108.991  223.093  56.594  -29.452  -7.28  -7.28  0000
   50  -0.400  2371 5256827  107.954  223.796  56.875  -29.679  -7.27  -7.27  0000
   51  -0.367  2474 5256828  107.140  224.344  57.097  -29.855  -7.31  -7.31  0000
   52  -0.334  3018 5256829  107.049  224.826  57.107  -29.987  -7.42  -7.42  0000
   53  -0.300  2936 5256830  106.181  225.904  57.328  -30.303  -7.54  -7.54  0000
   54  -0.267  3013 5256831  105.119  226.696  57.618  -30.548  -7.50  -7.50  0000
   55  -0.234  3077 5256832  103.268  226.978  58.159  -30.684  -7.61  -7.61  0000
   56  -0.200  3275 5256833  102.518  228.111  58.349  -31.003  -7.60  -7.60  0000
   57  -0.167  3124 5256834  102.238  228.412  58.424  -31.090  -7.75  -7.75  0000
   58  -0.133  3128 5256835  101.335  229.333  58.667  -31.356  -7.81  -7.81  0000
   59  -0.100  3351 5256836  101.362  229.782  58.647  -31.472  -7.78  -7.78  0000
   60  -0.067  3422 5256837  100.395  230.373  58.920  -31.653  -7.81  -7.81  0000
   61  -0.033  3170 5256838   98.691  231.076  59.412  -31.880  -7.73  -7.73  0000
   62   0.000  3585 5256839   98.669  232.005  59.396  -32.119  -7.80  -7.80  0000
   63   0.033  3430 5256840   96.966  232.222  59.902  -32.217  -7.82  -7.82  0000
   64   0.067  3359 5256841   96.751  232.888  59.952  -32.392  -7.86  -7.86  0000
   65   0.100  3486 5256842   95.642  233.845  60.264  -32.661  -7.88  -7.88  0000
   66   0.133  3481 5256843   95.123  234.305  60.411  -32.789  -7.96  -7.96  0000
   67   0.167  3266 5256844   94.771  235.090  60.502  -32.995  -7.84  -7.84  0000
   68   0.200  3503 5256845   94.572  235.622  60.552  -33.133  -7.92  -7.92  0000
   69   0.234  3472 5256846   93.538  236.398  60.850  -33.350  -7.94  -7.94  0000
   70   0.267  3379 5256847   92.201  236.893  61.245  -33.499  -7.83  -7.83  0000
   71   0.300  3444 5256848   92.566  237.578  61.124  -33.664  -7.76  -7.76  0000
   72   0.334  3486 5256849   90.748  238.137  61.665  -33.835  -7.71  -7.71  0000
   73   0.367  3042 5256850   90.206  238.899  61.819  -34.033  -7.59  -7.59  0000
   74   0.400  3120 5256851   89.511  239.195  62.025  -34.117  -7.52  -7.52  0000
   75   0.434  2633 5256852   88.718  240.126  62.254  -34.359  -7.28  -7.28  0000
   76   0.467  2417 5256853   88.797  240.429  62.226  -34.433  -6.99  -6.99  0000
   77   0.501  2047 5256854   87.933  241.168  62.481  -34.626  -6.45  -6.45  0000
