#
#   version : 20090611
#    num_fr : 48
#      time : 20130313 04:58:49.174 UTC
#      unix : 1363150729.174622
#       ntp : LOCK -340 62769 444
#       seq : 119764765
#       mul : 0 [A]
#      site : 01
#    latlon : 45.5749 -94.3965 370.0
#      text : Collegeville
#     label : 
#     plate : metal_20100816_20100506-404-gd3
#      geom : 640 480
#    reject : 0
#
#  fr    time   sum     seq       cx       cy      th      phi    lsp    mag  flag
   30  -0.701  1436 119764744  308.387   85.274  43.513   52.209  -5.49   1.33  0000
   31  -0.667  1661 119764745  307.475   84.208  43.813   51.887  -5.59   1.23  0000
   34  -0.567  1591 119764748  307.290   81.215  44.639   51.839  -5.64   1.18  0000
   40  -0.367  2256 119764754  306.430   75.594  46.199   51.578  -6.66   0.16  0000
   42  -0.300  1879 119764756  305.188   73.148  46.891   51.178  -6.36   0.46  0000
   43  -0.267  2206 119764757  305.131   72.648  47.030   51.164  -6.44   0.38  0000
   44  -0.234  2716 119764758  305.168   70.845  47.530   51.192  -7.38  -0.56  0000
   45  -0.200  3135 119764759  305.757   70.095  47.732   51.393  -7.60  -0.78  0000
   46  -0.167  3090 119764760  304.438   69.063  48.035   50.967  -7.62  -0.80  0000
   47  -0.133  3401 119764761  304.303   68.053  48.317   50.934  -7.74  -0.92  0000
   48  -0.100  3640 119764762  304.420   67.376  48.504   50.978  -8.10  -1.28  0000
   49  -0.067  3831 119764763  304.542   66.132  48.849   51.029  -8.20  -1.38  0000
   50  -0.033  3856 119764764  304.402   65.270  49.091   50.992  -8.23  -1.41  0000
   51   0.000  4507 119764765  303.600   64.081  49.434   50.747  -8.50  -1.68  0000
   52   0.033  3906 119764766  303.254   63.121  49.707   50.647  -8.24  -1.42  0000
   53   0.067  4142 119764767  303.564   62.270  49.941   50.754  -8.28  -1.46  0000
   54   0.100  4282 119764768  303.519   61.298  50.213   50.750  -8.24  -1.42  0000
   55   0.133  4208 119764769  303.416   60.029  50.570   50.731  -8.27  -1.45  0000
   56   0.167  3840 119764770  302.748   59.006  50.867   50.533  -8.08  -1.26  0000
   57   0.200  3806 119764771  302.839   57.861  51.186   50.574  -8.00  -1.18  0000
   58   0.234  3626 119764772  302.998   56.843  51.470   50.634  -7.91  -1.09  0000
   59   0.267  3619 119764773  301.924   56.031  51.715   50.314  -8.00  -1.18  0000
   60   0.300  3156 119764774  302.118   54.868  52.039   50.386  -7.67  -0.85  0000
   61   0.334  3156 119764775  301.497   53.895  52.323   50.209  -7.43  -0.61  0000
   62   0.367  2767 119764776  301.788   52.867  52.607   50.309  -7.48  -0.66  0000
   63   0.400  3034 119764777  302.361   51.856  52.883   50.493  -7.50  -0.68  0000
   64   0.434  2535 119764778  300.700   51.129  53.117   50.004  -7.16  -0.34  0000
   65   0.467  2576 119764779  301.085   50.033  53.419   50.133  -7.18  -0.36  0000
   66   0.501  2820 119764780  301.758   48.890  53.731   50.345  -7.20  -0.38  0000
   67   0.534  2818 119764781  301.136   47.661  54.089   50.176  -7.24  -0.42  0000
   68   0.567  2477 119764782  300.807   47.421  54.163   50.082  -7.04  -0.22  0000
   69   0.601  2653 119764783  299.266   45.910  54.620   49.653  -7.18  -0.36  0000
   70   0.634  2813 119764784  300.102   45.231  54.796   49.904  -7.36  -0.54  0000
   71   0.667  2850 119764785  299.948   44.671  54.958   49.867  -7.05  -0.23  0000
   72   0.701  2633 119764786  298.668   42.933  55.477   49.522  -6.96  -0.14  0000
   73   0.734  2827 119764787  298.218   42.184  55.700   49.405  -7.10  -0.28  0000
   74   0.767  2645 119764788  298.743   41.140  55.986   49.569  -6.86  -0.04  0000
   75   0.801  3332 119764789  299.116   40.505  56.159   49.683  -7.72  -0.90  0000
   76   0.834  3853 119764790  298.192   39.017  56.602   49.443  -8.22  -1.40  0000
   77   0.868  3767 119764791  298.235   38.243  56.822   49.466  -8.14  -1.32  0000
   78   0.901  3033 119764792  298.260   37.533  57.025   49.483  -7.65  -0.83  0000
   79   0.934  2703 119764793  298.688   36.634  57.273   49.614  -7.14  -0.32  0000
   80   0.968  2584 119764794  298.283   35.702  57.548   49.514  -7.29  -0.47  0000
   81   1.001  2862 119764795  297.922   35.611  57.581   49.416  -7.29  -0.47  0000
   82   1.034  2384 119764796  296.640   33.910  58.097   49.088  -6.73   0.09  0000
   83   1.068  2235 119764797  296.340   33.456  58.234   49.012  -6.74   0.08  0000
   84   1.101  2386 119764798  297.064   32.794  58.408   49.220  -6.50   0.32  0000
   85   1.134  2171 119764799  295.874   31.050  58.936   48.923  -6.36   0.46  0000
