#
#   version : 20090611
#    num_fr : 12
#      time : 20160209 09:53:33.679 UTC
#      unix : 1455011613.679836
#       ntp : LOCK 821 1126479 788
#       seq : 9273633
#       mul : 0 [A]
#      site : 01
#    latlon : 45.5749 -94.3965 370.0
#      text : Collegeville
#     label : 
#     plate : metal_20100816_20100506-404-gd3
#      geom : 640 480
#    reject : 0
#
#  fr    time   sum     seq       cx       cy      th      phi    lsp    mag  flag
   30  -0.300  1918 9273624  194.999   79.670  55.893   17.856  -6.54   0.28  0000
   31  -0.267  2491 9273625  195.623   77.536  56.287   18.330  -6.92  -0.10  0000
   32  -0.234  3270 9273626  196.963   75.739  56.486   18.915  -7.60  -0.78  0000
   33  -0.200  3773 9273627  197.267   74.929  56.628   19.107  -8.02  -1.20  0000
   34  -0.167  3346 9273628  197.721   73.379  56.922   19.441  -8.13  -1.31  0000
   35  -0.133  3807 9273629  198.545   71.002  57.358   19.978  -8.03  -1.21  0000
   36  -0.100  3504 9273630  199.681   69.548  57.525   20.451  -8.08  -1.26  0000
   37  -0.067  3777 9273631  200.814   67.827  57.762   20.957  -8.22  -1.40  0000
   38  -0.033  4238 9273632  201.520   65.761  58.156   21.405  -8.45  -1.63  0000
   39   0.000  4247 9273633  202.501   64.089  58.414   21.860  -8.36  -1.54  0000
   40   0.033  3719 9273634  203.817   62.128  58.698   22.428  -7.91  -1.09  0000
   41   0.067  1958 9273635  204.225   61.853  58.704   22.560  -6.05   0.77  0000
