#
#   version : 20090611
#    num_fr : 12
#      time : 20141006 06:25:39.589 UTC
#      unix : 1412576739.589902
#       ntp : LOCK 112 491639 2258
#       seq : 125776063
#       mul : 0 [A]
#      site : 01
#    latlon : 45.5749 -94.3965 370.0
#      text : Collegeville
#     label : 
#     plate : metal_20100816_20100506-404-gd3
#      geom : 640 480
#    reject : 0
#
#  fr    time   sum     seq       cx       cy      th      phi    lsp    mag  flag
   30  -0.200  2243 125776057   76.920  303.102  67.562  -49.077  -6.78   0.04  0000
   31  -0.167  2561 125776058   76.078  303.900  67.870  -49.215  -7.07  -0.25  0000
   32  -0.133  4189 125776059   75.203  304.964  68.208  -49.409  -7.52  -0.70  0000
   33  -0.100  5006 125776060   74.996  306.862  68.400  -49.817  -7.52  -0.70  0000
   34  -0.067  4575 125776061   73.991  308.221  68.801  -50.065  -7.76  -0.94  0000
   35  -0.033  4147 125776062   73.067  309.395  69.166  -50.274  -7.76  -0.94  0000
   36   0.000  5462 125776063   72.298  310.215  69.460  -50.412  -7.57  -0.75  0000
   37   0.033  4527 125776064   72.169  312.773  69.689  -50.958  -7.74  -0.92  0000
   38   0.067  3718 125776065   71.667  313.342  69.885  -51.053  -7.55  -0.73  0000
   39   0.100  4103 125776066   70.493  314.960  70.368  -51.336  -7.88  -1.06  0000
   40   0.133  3518 125776067   71.218  316.588  70.275  -51.723  -7.57  -0.75  0000
   41   0.167  4998 125776068   70.736  318.040  70.539  -52.004  -6.68   0.14  0000
