#
#   version : 20090611
#    num_fr : 17
#      time : 20141006 03:10:39.608 UTC
#      unix : 1412565039.608706
#       ntp : LOCK 1407 266291 2439
#       seq : 125425423
#       mul : 0 [A]
#      site : 01
#    latlon : 45.5749 -94.3965 370.0
#      text : Collegeville
#     label : 
#     plate : metal_20100816_20100506-404-gd3
#      geom : 640 480
#    reject : 0
#
#  fr    time   sum     seq       cx       cy      th      phi    lsp    mag  flag
   30  -0.434  3547 125425410  505.968  322.167  56.583  164.497  -5.89   0.93  0000
   31  -0.400  3147 125425411  506.905  323.788  57.000  164.827  -5.90   0.92  0000
   33  -0.334  3416 125425413  507.984  328.701  57.797  165.965  -6.90  -0.08  0000
   34  -0.300  4310 125425414  507.010  329.870  57.654  166.350  -6.90  -0.08  0000
   35  -0.267  4201 125425415  507.197  330.415  57.763  166.468  -7.41  -0.59  0000
   36  -0.234  3700 125425416  507.084  332.287  57.934  166.944  -7.33  -0.51  0000
   37  -0.200  4276 125425417  507.638  334.584  58.338  167.454  -7.67  -0.85  0000
   38  -0.167  3857 125425418  507.264  336.036  58.400  167.847  -7.70  -0.88  0000
   39  -0.133  5115 125425419  507.053  337.865  58.553  168.314  -7.79  -0.97  0000
   40  -0.100  4663 125425420  506.372  340.093  58.630  168.925  -7.71  -0.89  0000
   41  -0.067  4449 125425421  507.067  341.922  59.035  169.290  -7.73  -0.91  0000
   42  -0.033  5962 125425422  506.451  344.500  59.185  169.972  -8.21  -1.39  0000
   43   0.000  6054 125425423  506.592  345.234  59.313  170.130  -8.35  -1.53  0000
   44   0.033  5643 125425424  506.405  346.536  59.427  170.458  -8.04  -1.22  0000
   45   0.067  4508 125425425  507.069  348.108  59.802  170.753  -7.42  -0.60  0000
   46   0.100  3860 125425426  507.079  350.390  60.098  171.283  -6.75   0.07  0000
   47   0.133  4956 125425427  506.054  352.306  60.078  171.843  -7.11  -0.29  0000
