#
#   version : 20090611
#    num_fr : 14
#      time : 20120202 10:47:56.796 UTC
#      unix : 1328179676.796204
#       ntp : LOCK -1213 383609 810
#       seq : 25525877
#       mul : 0 [A]
#      site : 01
#    latlon : 45.5749 -94.3965 370.0
#      text : Collegeville
#     label : 
#     plate : metal_20100816_20100506-404-gd3
#      geom : 640 480
#    reject : 0
#
#  fr    time   sum     seq       cx       cy      th      phi    lsp    mag  flag
   29  -0.267  2676 25525869  357.400  434.303  50.536 -139.756  -7.38  -0.56  0000
   30  -0.234  3390 25525870  359.671  436.255  51.230 -140.273  -7.94  -1.12  0000
   31  -0.200  3367 25525871  361.119  438.436  51.932 -140.519  -8.17  -1.35  0000
   32  -0.167  4209 25525872  363.403  440.264  52.603 -141.026  -8.30  -1.48  0000
   33  -0.133  4546 25525873  365.586  442.231  53.310 -141.480  -8.50  -1.68  0000
   34  -0.100  4592 25525874  367.443  444.052  53.956 -141.845  -8.60  -1.78  0000
   35  -0.067  5082 25525875  368.694  446.013  54.594 -142.024  -8.76  -1.94  0000
   36  -0.033  6557 25525876  370.914  448.018  55.328 -142.457  -9.27  -2.45  0000
   37   0.000  7134 25525877  373.198  449.792  56.010 -142.914  -9.36  -2.54  0000
   38   0.033  5773 25525878  375.207  451.644  56.693 -143.283  -9.01  -2.19  0000
   39   0.067  4914 25525879  376.905  453.737  57.419 -143.541  -8.75  -1.93  0000
   40   0.100  4804 25525880  379.143  455.477  58.102 -143.962  -8.59  -1.77  0000
   41   0.133  3985 25525881  381.376  457.008  58.732 -144.391  -8.44  -1.62  0000
   42   0.167  4246 25525882  383.480  458.803  59.427 -144.754  -8.48  -1.66  0000
