#
#   version : 20090611
#    num_fr : 31
#      time : 20140108 09:58:45.306 UTC
#      unix : 1389175125.306801
#       ntp : LOCK -8215 313806 6656
#       seq : 347692820
#       mul : 0 [A]
#      site : 01
#    latlon : 45.5749 -94.3965 370.0
#      text : Collegeville
#     label : 
#     plate : metal_20100816_20100506-404-gd3
#      geom : 640 480
#    reject : 0
#
#  fr    time   sum     seq       cx       cy      th      phi    lsp    mag  flag
   29  -0.934  1603 347692792  400.319  302.979  27.364  174.427  -5.73   1.09  0000
   30  -0.901  1926 347692793  400.997  302.346  27.440  173.940  -6.48   0.34  0000
   31  -0.868  1872 347692794  401.152  299.645  27.129  172.603  -6.64   0.18  0000
   32  -0.834  2343 347692795  402.824  297.354  27.250  171.055  -7.14  -0.32  0000
   33  -0.801  2445 347692796  402.441  295.390  26.926  170.178  -7.15  -0.33  0000
   34  -0.767  3037 347692797  403.981  293.752  27.118  168.991  -7.76  -0.94  0000
   35  -0.734  3398 347692798  403.883  291.363  26.834  167.805  -7.84  -1.02  0000
   36  -0.701  3547 347692799  404.632  289.314  26.810  166.589  -8.18  -1.36  0000
   37  -0.667  4056 347692800  405.920  286.262  26.840  164.741  -8.42  -1.60  0000
   38  -0.634  4374 347692801  406.065  283.904  26.665  163.475  -8.53  -1.71  0000
   39  -0.601  4387 347692802  407.137  281.964  26.776  162.254  -8.43  -1.61  0000
   40  -0.567  4869 347692803  406.888  279.696  26.532  161.083  -8.66  -1.84  0000
   41  -0.534  4851 347692804  407.871  277.439  26.622  159.710  -8.63  -1.81  0000
   42  -0.500  5045 347692805  408.724  275.095  26.687  158.317  -8.85  -2.03  0000
   43  -0.467  5778 347692806  409.411  271.904  26.676  156.490  -9.02  -2.20  0000
   44  -0.434  5285 347692807  410.433  269.776  26.834  155.212  -8.76  -1.94  0000
   45  -0.400  5976 347692808  410.667  267.237  26.776  153.796  -9.10  -2.28  0000
   46  -0.367  5124 347692809  411.234  264.307  26.810  152.134  -8.87  -2.05  0000
   47  -0.334  5919 347692810  412.474  261.740  27.059  150.637  -8.86  -2.04  0000
   48  -0.300  6622 347692811  412.275  259.232  26.939  149.268  -9.32  -2.50  0000
   49  -0.267  6168 347692812  413.498  256.265  27.212  147.587  -8.97  -2.15  0000
   50  -0.234  5877 347692813  414.393  252.848  27.417  145.700  -8.95  -2.13  0000
   51  -0.200  6405 347692814  414.700  250.026  27.490  144.163  -9.19  -2.37  0000
   52  -0.167  6305 347692815  415.436  247.440  27.699  142.769  -9.07  -2.25  0000
   53  -0.133  6233 347692816  415.783  245.186  27.815  141.564  -9.17  -2.35  0000
   54  -0.100  6347 347692817  416.289  241.456  28.014  139.589  -9.18  -2.36  0000
   55  -0.067  6421 347692818  417.153  238.326  28.326  137.980  -9.16  -2.34  0000
   56  -0.033  6364 347692819  418.003  235.726  28.638  136.681  -9.07  -2.25  0000
   57   0.000  6671 347692820  418.346  232.959  28.835  135.282  -9.16  -2.34  0000
   58   0.033  5484 347692821  418.633  229.637  29.062  133.615  -8.83  -2.01  0000
   59   0.067  4069 347692822  419.499  226.462  29.458  132.112  -8.22  -1.40  0000
