#
#   version : 20090611
#    num_fr : 13
#      time : 20140108 08:26:46.956 UTC
#      unix : 1389169606.956056
#       ntp : LOCK 8122 101056 4401
#       seq : 347527439
#       mul : 0 [A]
#      site : 01
#    latlon : 45.5749 -94.3965 370.0
#      text : Collegeville
#     label : 
#     plate : metal_20100816_20100506-404-gd3
#      geom : 640 480
#    reject : 0
#
#  fr    time   sum     seq       cx       cy      th      phi    lsp    mag  flag
   29  -0.200  2808 347527433  113.088  243.176  54.922  -34.817  -7.12  -0.30  0000
   30  -0.167  4053 347527434  112.810  245.125  54.989  -35.361  -8.12  -1.30  0000
   31  -0.133  3927 347527435  113.639  246.634  54.735  -35.772  -8.14  -1.32  0000
   32  -0.100  3299 347527436  113.519  248.396  54.765  -36.263  -8.04  -1.22  0000
   33  -0.067  4700 347527437  113.530  250.127  54.761  -36.744  -8.50  -1.68  0000
   34  -0.033  5363 347527438  114.184  252.099  54.571  -37.293  -8.64  -1.82  0000
   35   0.000  6669 347527439  114.179  254.105  54.582  -37.852  -9.17  -2.35  0000
   36   0.033  6614 347527440  114.257  255.707  54.570  -38.299  -9.19  -2.37  0000
   37   0.067  6359 347527441  114.780  257.631  54.435  -38.840  -9.06  -2.24  0000
   38   0.100  6542 347527442  115.256  259.401  54.316  -39.339  -9.22  -2.40  0000
   39   0.133  6626 347527443  115.492  261.126  54.272  -39.825  -9.19  -2.37  0000
   40   0.167  4934 347527444  116.478  263.894  54.031  -40.616  -8.63  -1.81  0000
   41   0.200  2861 347527445  117.048  265.737  53.903  -41.145  -7.58  -0.76  0000
