#
#   version : 20090611
#    num_fr : 26
#      time : 20110713 06:18:28.989 UTC
#      unix : 1310537908.989861
#       ntp : LOCK -1153 869293 1979
#       seq : 5111131
#       mul : 0 [A]
#      site : 01
#    latlon : 45.5749 -94.3965 370.0
#      text : Collegeville
#     label : 
#     plate : metal_20100816_20100506-404-gd3
#      geom : 640 480
#    reject : 0
#
#  fr    time   sum     seq       cx       cy      th      phi    lsp    mag  flag
   29  -0.434  2174 5111118  395.837  168.816  30.914  100.707  -5.89   0.93  0000
   31  -0.367  2580 5111120  398.979  168.999  31.512  101.827  -6.55   0.27  0000
   32  -0.334  2665 5111121  401.902  168.999  32.110  102.771  -6.50   0.32  0000
   33  -0.300  3069 5111122  402.094  168.989  32.151  102.828  -6.92  -0.10  0000
   34  -0.267  3191 5111123  405.893  168.963  32.947  103.994  -7.53  -0.71  0000
   35  -0.234  3444 5111124  406.122  168.146  33.136  103.778  -7.19  -0.37  0000
   36  -0.200  3404 5111125  409.207  168.703  33.693  104.884  -7.73  -0.91  0000
   37  -0.167  3783 5111126  411.870  168.450  34.307  105.556  -7.83  -1.01  0000
   38  -0.133  3850 5111127  411.816  168.188  34.339  105.451  -7.86  -1.04  0000
   39  -0.100  3772 5111128  415.121  167.964  35.092  106.286  -7.93  -1.11  0000
   40  -0.067  3440 5111129  416.254  168.041  35.327  106.617  -7.71  -0.89  0000
   41  -0.033  3858 5111130  418.294  168.278  35.738  107.234  -8.01  -1.19  0000
   42   0.000  3917 5111131  421.644  168.348  36.472  108.112  -7.76  -0.94  0000
   43   0.033  3592 5111132  421.921  167.949  36.597  108.048  -7.66  -0.84  0000
   44   0.067  3856 5111133  425.037  168.057  37.281  108.847  -7.96  -1.14  0000
   45   0.100  3764 5111134  426.255  168.007  37.565  109.121  -7.72  -0.90  0000
   46   0.133  3509 5111135  428.288  168.143  38.008  109.643  -7.82  -1.00  0000
   47   0.167  3724 5111136  431.438  168.008  38.753  110.315  -7.54  -0.72  0000
   48   0.200  3719 5111137  431.599  167.999  38.791  110.348  -7.64  -0.82  0000
   49   0.234  3585 5111138  434.801  167.815  39.562  110.990  -7.55  -0.73  0000
   50   0.267  3670 5111139  435.554  168.117  39.694  111.248  -7.58  -0.76  0000
   51   0.300  3354 5111140  437.997  167.941  40.293  111.706  -7.39  -0.57  0000
   52   0.334  3120 5111141  439.047  168.099  40.518  111.973  -7.22  -0.40  0000
   53   0.367  3189 5111142  441.515  168.100  41.103  112.472  -7.30  -0.48  0000
   54   0.400  3024 5111143  444.729  168.175  41.860  113.125  -7.10  -0.28  0000
   55   0.434  2286 5111144  444.845  168.347  41.864  113.201  -6.51   0.31  0000
