#
#   version : 20090611
#    num_fr : 17
#      time : 20130814 04:05:15.478 UTC
#      unix : 1376453115.478797
#       ntp : LOCK -540 238191 1157
#       seq : 71235598
#       mul : 0 [A]
#      site : 01
#    latlon : 45.5749 -94.3965 370.0
#      text : Collegeville
#     label : 
#     plate : metal_20100816_20100506-404-gd3
#      geom : 640 480
#    reject : 0
#
#  fr    time   sum     seq       cx       cy      th      phi    lsp    mag  flag
   30  -0.434  1660 71235585  508.299  209.215  54.812  132.902  -5.94   0.88  0000
   31  -0.400  2147 71235586  509.876  212.285  55.097  133.836  -6.48   0.34  0000
   32  -0.367  2415 71235587  509.688  213.330  54.990  134.113  -7.00  -0.18  0000
   33  -0.334  2669 71235588  511.211  216.479  55.275  135.058  -7.48  -0.66  0000
   34  -0.300  2583 71235589  511.426  218.056  55.266  135.502  -7.20  -0.38  0000
   35  -0.267  2825 71235590  512.169  220.067  55.395  136.089  -7.50  -0.68  0000
   36  -0.234  2867 71235591  513.591  222.765  55.700  136.889  -7.40  -0.58  0000
   37  -0.200  2834 71235592  514.761  225.672  55.937  137.730  -7.61  -0.79  0000
   38  -0.167  3372 71235593  514.781  227.939  55.872  138.351  -7.89  -1.07  0000
   39  -0.133  3181 71235594  515.099  230.142  55.902  138.965  -7.89  -1.07  0000
   40  -0.100  3289 71235595  516.167  232.301  56.157  139.587  -7.82  -1.00  0000
   41  -0.067  3234 71235596  517.107  234.827  56.375  140.300  -7.87  -1.05  0000
   42  -0.033  3277 71235597  518.037  237.753  56.593  141.117  -7.88  -1.06  0000
   43   0.000  3386 71235598  518.435  240.360  56.671  141.833  -7.94  -1.12  0000
   44   0.033  2990 71235599  519.618  242.566  56.992  142.448  -7.72  -0.90  0000
   45   0.067  2461 71235600  519.447  244.630  56.924  143.005  -7.00  -0.18  0000
   46   0.100  1921 71235601  520.966  247.648  57.354  143.833  -6.38   0.44  0000
