#
#   version : 20090611
#    num_fr : 18
#      time : 20130814 05:25:53.552 UTC
#      unix : 1376457953.552255
#       ntp : LOCK 609 626913 1073
#       seq : 71380592
#       mul : 0 [A]
#      site : 01
#    latlon : 45.5749 -94.3965 370.0
#      text : Collegeville
#     label : 
#     plate : metal_20100816_20100506-404-gd3
#      geom : 640 480
#    reject : 0
#
#  fr    time   sum     seq       cx       cy      th      phi    lsp    mag  flag
   30  -0.434  1774 71380579  565.188  252.789  70.659  145.251  -6.12   0.70  0000
   32  -0.367  1883 71380581  566.008  254.445  70.920  145.620  -6.38   0.44  0000
   33  -0.334  1815 71380582  567.818  256.758  71.497  146.131  -6.27   0.55  0000
   34  -0.300  2258 71380583  568.030  258.038  71.574  146.413  -7.13  -0.31  0000
   35  -0.267  2396 71380584  568.353  258.770  71.682  146.573  -7.24  -0.42  0000
   36  -0.234  2531 71380585  568.058  260.306  71.607  146.912  -7.17  -0.35  0000
   37  -0.200  2475 71380586  569.153  261.899  71.968  147.257  -7.30  -0.48  0000
   38  -0.167  2917 71380587  569.596  263.000  72.122  147.495  -7.33  -0.51  0000
   39  -0.133  2857 71380588  569.468  264.764  72.111  147.882  -7.41  -0.59  0000
   40  -0.100  3263 71380589  570.833  266.637  72.570  148.278  -7.94  -1.12  0000
   41  -0.067  4660 71380590  571.197  267.792  72.707  148.525  -8.62  -1.80  0000
   42  -0.033  4573 71380591  571.623  269.048  72.866  148.793  -8.44  -1.62  0000
   43   0.000  4732 71380592  572.098  270.466  73.047  149.094  -8.51  -1.69  0000
   44   0.033  4323 71380593  572.121  271.642  73.083  149.347  -8.35  -1.53  0000
   45   0.067  2825 71380594  573.249  273.434  73.481  149.717  -7.38  -0.56  0000
   46   0.100  4280 71380595  573.080  274.362  73.454  149.919  -8.18  -1.36  0000
   47   0.133  2538 71380596  573.945  275.627  73.761  150.177  -6.87  -0.05  0000
   48   0.167  1865 71380597  573.877  277.385  73.793  150.553  -6.55   0.27  0000
