#
#   version : 20090611
#    num_fr : 37
#      time : 20130814 05:32:31.116 UTC
#      unix : 1376458351.116723
#       ntp : LOCK 554 821913 1073
#       seq : 71392506
#       mul : 0 [A]
#      site : 01
#    latlon : 45.5749 -94.3965 370.0
#      text : Collegeville
#     label : 
#     plate : metal_20100816_20100506-404-gd3
#      geom : 640 480
#    reject : 0
#
#  fr    time   sum     seq       cx       cy      th      phi    lsp    mag  flag
   30  -0.300  1916 71392497  156.997   62.706  66.870   12.478  -5.98   0.84  0000
   31  -0.267  2506 71392498  156.565   62.392  67.028   12.443  -6.44   0.38  0000
   32  -0.234  2169 71392499  157.822   61.753  66.922   12.771  -6.16   0.66  0000
   34  -0.167  2525 71392501  157.716   60.346  67.266   12.956  -6.66   0.16  0000
   35  -0.133  2445 71392502  157.603   59.748  67.425   13.021  -6.51   0.31  0000
   36  -0.100  2565 71392503  157.973   58.865  67.555   13.217  -6.65   0.17  0000
   37  -0.067  2582 71392504  158.744   57.730  67.665   13.524  -6.63   0.19  0000
   38  -0.033  2774 71392505  159.098   57.824  67.573   13.576  -7.00  -0.18  0000
   39   0.000  3246 71392506  158.305   55.972  68.159   13.690  -7.34  -0.52  0000
   40   0.033  2812 71392507  158.166   55.065  68.398   13.791  -6.97  -0.15  0000
   41   0.067  2712 71392508  158.772   54.556  68.398   13.975  -6.85  -0.03  0000
   42   0.100  2603 71392509  160.127   54.011  68.262   14.304  -6.82  -0.00  0000
   43   0.133  2993 71392510  160.326   53.566  68.328   14.403  -7.07  -0.25  0000
   44   0.167  2739 71392511  159.728   52.068  68.797   14.497  -7.00  -0.18  0000
   45   0.200  2798 71392512  160.293   51.298  68.869   14.707  -7.00  -0.18  0000
   46   0.234  2574 71392513  160.849   50.565  68.936   14.911  -7.03  -0.21  0000
   47   0.267  2790 71392514  161.058   50.083  69.011   15.015  -7.20  -0.38  0000
   48   0.300  2887 71392515  161.798   49.200  69.079   15.273  -7.22  -0.40  0000
   49   0.334  2855 71392516  161.799   48.737  69.190   15.335  -7.28  -0.46  0000
   50   0.367  2821 71392517  162.020   47.431  69.461   15.550  -7.20  -0.38  0000
   51   0.400  2879 71392518  162.061   46.889  69.584   15.629  -7.01  -0.19  0000
   52   0.434  2740 71392519  162.868   46.258  69.583   15.864  -7.09  -0.27  0000
   53   0.467  2672 71392520  163.010   45.656  69.701   15.970  -7.17  -0.35  0000
   54   0.500  2878 71392521  163.210   44.947  69.835   16.100  -7.16  -0.34  0000
   55   0.534  3014 71392522  163.978   43.841  69.960   16.388  -7.06  -0.24  0000
   56   0.567  2410 71392523  164.193   43.665  69.963   16.451  -6.85  -0.03  0000
   57   0.601  2591 71392524  164.253   42.318  70.280   16.634  -7.01  -0.19  0000
   58   0.634  2570 71392525  164.219   42.080  70.345   16.658  -6.92  -0.10  0000
   59   0.667  2511 71392526  165.153   40.909  70.459   16.983  -6.81   0.01  0000
   60   0.701  2592 71392527  165.853   40.020  70.550   17.227  -6.68   0.14  0000
   61   0.734  2665 71392528  166.060   39.513  70.637   17.329  -6.65   0.17  0000
   62   0.767  2471 71392529  166.227   39.501  70.609   17.362  -6.69   0.13  0000
   64   0.834  2690 71392531  167.585   37.734  70.800   17.839  -6.47   0.35  0000
   66   0.901  2131 71392533  167.957   36.186  71.119   18.098  -5.94   0.88  0000
   67   0.934  2369 71392534  168.879   35.167  71.209   18.396  -6.16   0.66  0000
   68   0.968  1960 71392535  168.323   34.677  71.432   18.349  -6.02   0.80  0000
   72   1.101  2084 71392539  168.226   31.966  72.132   18.652  -5.47   1.35  0000
