#
#   version : 20090611
#    num_fr : 14
#      time : 20130814 03:53:58.301 UTC
#      unix : 1376452438.301462
#       ntp : LOCK -1265 427090 1193
#       seq : 71215304
#       mul : 0 [A]
#      site : 01
#    latlon : 45.5749 -94.3965 370.0
#      text : Collegeville
#     label : 
#     plate : metal_20100816_20100506-404-gd3
#      geom : 640 480
#    reject : 0
#
#  fr    time   sum     seq       cx       cy      th      phi    lsp    mag  flag
   30  -0.400  1508 71215292  203.221  170.554  36.072   -1.216  -5.77   1.05  0000
   31  -0.367  1948 71215293  201.930  173.552  35.906   -2.561  -6.16   0.66  0000
   32  -0.334  1952 71215294  200.196  176.227  35.912   -3.910  -6.17   0.65  0000
   33  -0.300  2320 71215295  198.751  178.707  35.898   -5.122  -6.67   0.15  0000
   34  -0.267  2018 71215296  197.396  180.573  35.962   -6.094  -6.62   0.20  0000
   35  -0.234  2388 71215297  197.128  182.884  35.713   -6.989  -6.43   0.39  0000
   36  -0.200  2160 71215298  196.312  186.520  35.438   -8.503  -6.60   0.22  0000
   37  -0.167  2133 71215299  194.226  188.464  35.711   -9.655  -6.56   0.26  0000
   38  -0.133  2338 71215300  193.567  192.064  35.446  -11.144  -6.76   0.06  0000
   39  -0.100  2364 71215301  191.745  196.113  35.455  -13.037  -6.56   0.26  0000
   40  -0.067  2011 71215302  191.051  198.070  35.425  -13.919  -6.43   0.39  0000
   41  -0.033  2304 71215303  190.313  200.799  35.339  -15.114  -6.48   0.34  0000
   42   0.000  2614 71215304  188.362  205.115  35.441  -17.130  -6.87  -0.05  0000
   43   0.033  2356 71215305  188.507  207.780  35.169  -18.179  -6.61   0.21  0000
