#
#   version : 20090611
#    num_fr : 14
#      time : 20130814 08:06:02.266 UTC
#      unix : 1376467562.266772
#       ntp : LOCK -1248 804150 1220
#       seq : 71668559
#       mul : 0 [A]
#      site : 01
#    latlon : 45.5749 -94.3965 370.0
#      text : Collegeville
#     label : 
#     plate : metal_20100816_20100506-404-gd3
#      geom : 640 480
#    reject : 0
#
#  fr    time   sum     seq       cx       cy      th      phi    lsp    mag  flag
   29  -0.334  1602 71668549  353.895  392.569  39.144 -142.525  -6.12   0.70  0000
   30  -0.300  1674 71668550  354.775  396.346  40.201 -142.424  -6.49   0.33  0000
   31  -0.267  2223 71668551  354.641  398.729  40.815 -142.113  -7.01  -0.19  0000
   32  -0.234  2474 71668552  355.488  402.349  41.833 -142.029  -7.27  -0.45  0000
   33  -0.200  2480 71668553  356.496  404.638  42.515 -142.141  -7.48  -0.66  0000
   34  -0.167  2680 71668554  357.908  407.644  43.420 -142.313  -7.64  -0.82  0000
   35  -0.133  3049 71668555  357.784  410.267  44.103 -142.004  -7.61  -0.79  0000
   36  -0.100  3046 71668556  358.824  413.162  44.953 -142.060  -7.94  -1.12  0000
   37  -0.067  3230 71668557  360.265  416.548  45.968 -142.195  -7.93  -1.11  0000
   38  -0.033  3291 71668558  361.416  419.084  46.736 -142.315  -8.03  -1.21  0000
   39   0.000  3382 71668559  361.544  422.015  47.528 -142.074  -7.99  -1.17  0000
   40   0.033  2824 71668560  362.249  424.824  48.336 -142.029  -7.89  -1.07  0000
   41   0.067  2856 71668561  363.836  426.958  49.037 -142.314  -7.50  -0.68  0000
   42   0.100  1762 71668562  362.929  430.059  49.798 -141.758  -6.26   0.56  0000
