#
#   version : 20090611
#    num_fr : 12
#      time : 20130814 07:05:13.816 UTC
#      unix : 1376463913.816879
#       ntp : LOCK 1080 1032384 1046
#       seq : 71559216
#       mul : 0 [A]
#      site : 01
#    latlon : 45.5749 -94.3965 370.0
#      text : Collegeville
#     label : 
#     plate : metal_20100816_20100506-404-gd3
#      geom : 640 480
#    reject : 0
#
#  fr    time   sum     seq       cx       cy      th      phi    lsp    mag  flag
   29  -0.367  1818 71559205  151.805  408.383  61.839  -80.036  -6.44   0.38  0000
   30  -0.334  2127 71559206  151.493  409.749  62.186  -80.223  -6.53   0.29  0000
   31  -0.300  1982 71559207  151.989  412.478  62.641  -80.787  -6.76   0.06  0000
   32  -0.267  2233 71559208  152.093  414.807  63.105  -81.206  -6.75   0.07  0000
   33  -0.234  2307 71559209  152.883  417.038  63.405  -81.724  -6.63   0.19  0000
   34  -0.200  2504 71559210  152.272  418.638  63.875  -81.883  -7.07  -0.25  0000
   35  -0.167  2355 71559211  153.519  420.521  64.012  -82.416  -6.99  -0.17  0000
   36  -0.133  2745 71559212  152.597  423.685  64.890  -82.768  -7.27  -0.45  0000
   37  -0.100  2636 71559213  153.682  425.893  65.143  -83.315  -7.22  -0.40  0000
   38  -0.067  2828 71559214  153.510  428.583  65.772  -83.709  -7.72  -0.90  0000
   39  -0.033  3416 71559215  154.462  430.977  66.106  -84.249  -7.94  -1.12  0000
   40   0.000  3483 71559216  154.227  432.649  66.529  -84.464  -8.19  -1.37  0000
