#
#   version : 20090611
#    num_fr : 13
#      time : 20130814 06:17:28.549 UTC
#      unix : 1376461048.549095
#       ntp : LOCK 193 1122068 1016
#       seq : 71473347
#       mul : 0 [A]
#      site : 01
#    latlon : 45.5749 -94.3965 370.0
#      text : Collegeville
#     label : 
#     plate : metal_20100816_20100506-404-gd3
#      geom : 640 480
#    reject : 0
#
#  fr    time   sum     seq       cx       cy      th      phi    lsp    mag  flag
   30  -0.234  2534 71473340  415.492  260.458  27.840  149.775  -6.37   0.45  0000
   31  -0.200  4204 71473341  417.773  262.958  28.528  150.966  -8.11  -1.29  0000
   32  -0.167  4545 71473342  419.515  266.008  29.104  152.420  -8.25  -1.43  0000
   33  -0.133  5963 71473343  420.332  268.593  29.429  153.664  -8.92  -2.10  0000
   34  -0.100  6253 71473344  421.271  272.338  29.860  155.440  -8.97  -2.15  0000
   35  -0.067  6367 71473345  423.247  275.472  30.560  156.761  -9.05  -2.23  0000
   36  -0.033  5957 71473346  424.440  279.110  31.100  158.350  -9.00  -2.18  0000
   37   0.000  6537 71473347  425.748  282.418  31.672  159.719  -9.19  -2.37  0000
   38   0.033  5908 71473348  426.869  285.971  32.231  161.176  -9.00  -2.18  0000
   39   0.067  5855 71473349  428.224  289.222  32.848  162.418  -8.99  -2.17  0000
   40   0.100  5973 71473350  429.583  293.237  33.549  163.939  -9.03  -2.21  0000
   41   0.133  3604 71473351  430.791  296.216  34.137  164.997  -8.15  -1.33  0000
   42   0.167  1842 71473352  432.026  298.586  34.683  165.770  -6.65   0.17  0000
