#
#   version : 20090611
#    num_fr : 13
#      time : 20130814 09:45:39.311 UTC
#      unix : 1376473539.311355
#       ntp : LOCK -606 196352 988
#       seq : 71847689
#       mul : 0 [A]
#      site : 01
#    latlon : 45.5749 -94.3965 370.0
#      text : Collegeville
#     label : 
#     plate : metal_20100816_20100506-404-gd3
#      geom : 640 480
#    reject : 0
#
#  fr    time   sum     seq       cx       cy      th      phi    lsp    mag  flag
   29  -0.367  2206 71847678  474.316   65.918  67.180   96.045  -6.66   0.16  0000
   30  -0.334  2379 71847679  474.974   65.409  67.426   96.082  -7.15  -0.33  0000
   31  -0.300  3070 71847680  477.523   64.840  68.075   96.442  -7.43  -0.61  0000
   32  -0.267  3336 71847681  478.028   64.890  68.169   96.538  -7.93  -1.11  0000
   33  -0.234  3741 71847682  479.029   64.818  68.392   96.700  -8.07  -1.25  0000
   34  -0.200  3736 71847683  481.181   64.517  68.906   97.024  -8.14  -1.32  0000
   35  -0.167  3961 71847684  482.135   64.289  69.156   97.152  -8.38  -1.56  0000
   36  -0.133  4423 71847685  483.342   63.925  69.490   97.300  -8.43  -1.61  0000
   37  -0.100  4896 71847686  485.153   63.725  69.917   97.574  -8.68  -1.86  0000
   38  -0.067  5953 71847687  486.427   63.320  70.276   97.724  -8.96  -2.14  0000
   39  -0.033  7872 71847688  487.375   63.063  70.534   97.841  -9.93  -3.11  0000
   40   0.000  8981 71847689  489.050   62.083  71.106   97.965  -9.69  -2.87  0000
   41   0.033  2454 71847690  489.124   63.969  70.714   98.272  -7.02  -0.20  0000
