#
#   version : 20090611
#    num_fr : 18
#      time : 20130814 04:42:31.815 UTC
#      unix : 1376455351.815827
#       ntp : LOCK -180 340908 1090
#       seq : 71302620
#       mul : 0 [A]
#      site : 01
#    latlon : 45.5749 -94.3965 370.0
#      text : Collegeville
#     label : 
#     plate : metal_20100816_20100506-404-gd3
#      geom : 640 480
#    reject : 0
#
#  fr    time   sum     seq       cx       cy      th      phi    lsp    mag  flag
   30  -0.500  2297 71302605   50.662  266.134  74.234  -40.330  -5.93   0.89  0000
   31  -0.467  2438 71302606   49.707  267.199  74.561  -40.544  -6.34   0.48  0000
   32  -0.434  2261 71302607   48.701  269.246  74.929  -40.960  -5.70   1.12  0000
   35  -0.334  2903 71302610   48.117  274.836  75.262  -42.109  -6.48   0.34  0000
   36  -0.300  2555 71302611   47.867  276.798  75.401  -42.510  -6.61   0.21  0000
   37  -0.267  2984 71302612   47.114  278.016  75.683  -42.747  -6.95  -0.13  0000
   38  -0.234  2991 71302613   47.091  278.937  75.721  -42.935  -6.96  -0.14  0000
   39  -0.200  3471 71302614   46.416  280.092  75.978  -43.159  -7.25  -0.43  0000
   40  -0.167  3299 71302615   45.655  282.454  76.309  -43.625  -7.50  -0.68  0000
   41  -0.133  3857 71302616   46.368  284.681  76.165  -44.094  -7.86  -1.04  0000
   42  -0.100  3774 71302617   45.286  286.732  76.599  -44.484  -8.05  -1.23  0000
   43  -0.067  3828 71302618   45.111  288.379  76.727  -44.813  -7.98  -1.16  0000
   44  -0.033  3975 71302619   44.251  289.896  77.073  -45.096  -7.99  -1.17  0000
   45   0.000  5026 71302620   44.035  291.407  77.213  -45.394  -8.50  -1.68  0000
   46   0.033  4718 71302621   44.624  293.016  77.101  -45.733  -8.32  -1.50  0000
   47   0.067  3688 71302622   44.064  294.441  77.353  -46.002  -8.01  -1.19  0000
   48   0.100  3124 71302623   43.206  296.844  77.755  -46.454  -7.61  -0.79  0000
   49   0.133  3202 71302624   42.666  297.988  77.992  -46.664  -7.43  -0.61  0000
