#
#   version : 20090611
#    num_fr : 12
#      time : 20130814 03:17:55.738 UTC
#      unix : 1376450275.738153
#       ntp : LOCK -2107 355326 1230
#       seq : 71150492
#       mul : 0 [A]
#      site : 01
#    latlon : 45.5749 -94.3965 370.0
#      text : Collegeville
#     label : 
#     plate : metal_20100816_20100506-404-gd3
#      geom : 640 480
#    reject : 0
#
#  fr    time   sum     seq       cx       cy      th      phi    lsp    mag  flag
   29  -0.234  2140 71150485  345.764   70.042  48.601   64.468  -6.67   0.15  0000
   30  -0.200  1874 71150486  344.907   71.056  48.279   64.258  -6.31   0.51  0000
   31  -0.167  2334 71150487  345.042   72.689  47.840   64.404  -6.53   0.29  0000
   32  -0.133  2189 71150488  345.304   72.819  47.818   64.497  -6.24   0.58  0000
   33  -0.100  2336 71150489  346.390   74.549  47.406   64.962  -6.66   0.16  0000
   34  -0.067  2455 71150490  346.568   74.796  47.349   65.037  -6.90  -0.08  0000
   35  -0.033  2761 71150491  345.426   76.356  46.861   64.768  -7.38  -0.56  0000
   36   0.000  3229 71150492  345.433   77.059  46.671   64.817  -7.60  -0.78  0000
   37   0.033  2907 71150493  345.597   78.703  46.233   64.982  -7.53  -0.71  0000
   38   0.067  2566 71150494  347.119   79.568  46.086   65.551  -6.96  -0.14  0000
   39   0.100  1973 71150495  346.427   80.968  45.667   65.419  -6.25   0.57  0000
   40   0.133  1710 71150496  345.785   81.949  45.365   65.272  -5.71   1.11  0000
