#
#   version : 20090611
#    num_fr : 13
#      time : 20130814 07:30:53.824 UTC
#      unix : 1376465453.824364
#       ntp : LOCK -127 794685 1170
#       seq : 71605370
#       mul : 0 [A]
#      site : 01
#    latlon : 45.5749 -94.3965 370.0
#      text : Collegeville
#     label : 
#     plate : metal_20100816_20100506-404-gd3
#      geom : 640 480
#    reject : 0
#
#  fr    time   sum     seq       cx       cy      th      phi    lsp    mag  flag
   30  -0.400  2074 71605358   88.276  252.508  62.335  -37.413  -5.35   1.47  0000
   31  -0.367  2612 71605359   88.229  253.412  62.353  -37.636  -6.22   0.60  0000
   32  -0.334  3014 71605360   86.876  254.933  62.773  -38.008  -7.03  -0.21  0000
   33  -0.300  4265 71605361   86.135  256.579  63.012  -38.408  -7.86  -1.04  0000
   34  -0.267  3654 71605362   85.255  258.684  63.302  -38.915  -7.63  -0.81  0000
   35  -0.234  4719 71605363   83.563  260.944  63.847  -39.450  -8.29  -1.47  0000
   36  -0.200  5727 71605364   82.772  262.484  64.113  -39.812  -8.69  -1.87  0000
   37  -0.167  4604 71605365   81.411  264.652  64.568  -40.316  -8.18  -1.36  0000
   38  -0.133  3636 71605366   81.178  265.809  64.662  -40.588  -7.49  -0.67  0000
   41  -0.033  6874 71605369   77.280  272.728  66.027  -42.151  -8.97  -2.15  0000
   42   0.000  9022 71605370   76.338  274.352  66.365  -42.509  -9.45  -2.63  0000
   43   0.033  8410 71605371   75.295  276.794  66.765  -43.049  -9.26  -2.44  0000
   44   0.067  3639 71605372   74.187  277.891  67.144  -43.275  -6.97  -0.15  0000
