#
#   version : 20090611
#    num_fr : 13
#      time : 20130814 04:46:36.427 UTC
#      unix : 1376455596.427204
#       ntp : LOCK -169 465908 1090
#       seq : 71309950
#       mul : 0 [A]
#      site : 01
#    latlon : 45.5749 -94.3965 370.0
#      text : Collegeville
#     label : 
#     plate : metal_20100816_20100506-404-gd3
#      geom : 640 480
#    reject : 0
#
#  fr    time   sum     seq       cx       cy      th      phi    lsp    mag  flag
   29  -0.334  2122 71309940  254.029  230.262  16.242  -17.977  -6.60   0.22  0000
   30  -0.300  2460 71309941  255.077  234.220  15.672  -21.210  -7.20  -0.38  0000
   31  -0.267  2811 71309942  254.240  236.745  15.732  -23.724  -7.52  -0.70  0000
   32  -0.234  3053 71309943  254.051  240.806  15.585  -27.541  -7.60  -0.78  0000
   33  -0.200  2903 71309944  252.725  244.652  15.818  -31.308  -7.58  -0.76  0000
   34  -0.167  3511 71309945  253.198  248.484  15.634  -34.891  -7.94  -1.12  0000
   35  -0.133  3523 71309946  252.554  252.543  15.816  -38.716  -7.91  -1.09  0000
   36  -0.100  3586 71309947  251.849  256.370  16.078  -42.221  -8.17  -1.35  0000
   37  -0.067  3547 71309948  251.582  260.319  16.288  -45.774  -8.09  -1.27  0000
   38  -0.033  3791 71309949  251.197  264.489  16.603  -49.394  -8.31  -1.49  0000
   39   0.000  4045 71309950  251.630  268.343  16.748  -52.809  -8.33  -1.51  0000
   40   0.033  2884 71309951  251.136  272.439  17.209  -56.070  -7.57  -0.75  0000
   41   0.067  1626 71309952  250.834  276.341  17.656  -59.068  -6.24   0.58  0000
