#
#   version : 20090611
#    num_fr : 25
#      time : 20130814 04:35:35.299 UTC
#      unix : 1376454935.299147
#       ntp : LOCK -346 1148191 1157
#       seq : 71290137
#       mul : 0 [A]
#      site : 01
#    latlon : 45.5749 -94.3965 370.0
#      text : Collegeville
#     label : 
#     plate : metal_20100816_20100506-404-gd3
#      geom : 640 480
#    reject : 0
#
#  fr    time   sum     seq       cx       cy      th      phi    lsp    mag  flag
   29  -0.434  2143 71290124  223.303  116.751  42.679   18.931  -6.34   0.48  0000
   30  -0.400  2855 71290125  221.975  118.717  42.451   18.135  -7.35  -0.53  0000
   31  -0.367  3089 71290126  221.116  120.565  42.179   17.496  -7.62  -0.80  0000
   32  -0.334  3519 71290127  220.395  122.291  41.917   16.917  -8.04  -1.22  0000
   33  -0.300  3817 71290128  219.014  124.217  41.729   16.089  -8.16  -1.34  0000
   34  -0.267  4360 71290129  218.592  126.229  41.364   15.522  -8.34  -1.52  0000
   35  -0.234  4390 71290130  217.319  127.984  41.209   14.748  -8.58  -1.76  0000
   36  -0.200  5957 71290131  216.352  129.762  41.002   14.054  -8.98  -2.16  0000
   37  -0.167  5615 71290132  215.263  132.004  40.727   13.208  -8.90  -2.08  0000
   38  -0.133  5765 71290133  214.289  133.964  40.498   12.453  -8.92  -2.10  0000
   39  -0.100  5995 71290134  213.225  136.131  40.251   11.612  -9.22  -2.40  0000
   40  -0.067  6196 71290135  212.428  138.244  39.974   10.852  -9.04  -2.22  0000
   41  -0.033  6493 71290136  211.170  140.554  39.754    9.899  -9.18  -2.36  0000
   42   0.000  8422 71290137  209.892  142.814  39.560    8.942  -9.61  -2.79  0000
   43   0.033  7852 71290138  208.806  144.647  39.421    8.146  -9.42  -2.60  0000
   44   0.067  6516 71290139  207.709  147.115  39.171    7.167  -9.09  -2.27  0000
   45   0.100  5664 71290140  207.122  149.765  38.795    6.266  -8.82  -2.00  0000
   46   0.133  4337 71290141  206.484  152.248  38.471    5.381  -8.28  -1.46  0000
   47   0.167  3505 71290142  204.920  155.802  38.163    3.915  -7.95  -1.13  0000
   48   0.200  2927 71290143  204.112  157.653  38.012    3.144  -7.64  -0.82  0000
   49   0.234  2610 71290144  202.103  160.434  37.972    1.770  -7.25  -0.43  0000
   50   0.267  2809 71290145  200.483  164.245  37.700    0.164  -7.72  -0.90  0000
   51   0.300  2501 71290146  199.166  166.487  37.638   -0.880  -7.42  -0.60  0000
   52   0.334  2521 71290147  197.773  169.944  37.418   -2.345  -7.02  -0.20  0000
   53   0.367  1896 71290148  198.330  172.375  36.921   -3.025  -6.01   0.81  0000
