#
#   version : 20090611
#    num_fr : 13
#      time : 20101210 07:31:34.906 UTC
#      unix : 1291966294.906698
#       ntp : LOCK -1757 931612 950
#       seq : 24670554
#       mul : 0 [A]
#      site : 01
#    latlon : 45.5749 -94.3965 370.0
#      text : Collegeville
#     label : 
#     plate : metal_20100816_20100506-404-gd3
#      geom : 640 480
#    reject : 0
#
#  fr    time   sum     seq       cx       cy      th      phi    lsp    mag  flag
   29  -0.334  1344 24670544  313.827  441.120  50.871 -126.206  -5.97  -5.97  0000
   30  -0.300  1487 24670545  316.176  442.447  51.254 -126.909  -6.06  -6.06  0000
   33  -0.200  1971 24670548  322.188  445.334  52.129 -128.673  -6.92  -6.92  0000
   34  -0.167  2425 24670549  325.405  446.028  52.379 -129.613  -7.25  -7.25  0000
   35  -0.133  2391 24670550  327.463  446.870  52.660 -130.200  -7.37  -7.37  0000
   36  -0.100  2521 24670551  330.413  447.934  53.033 -131.033  -7.45  -7.45  0000
   37  -0.067  2498 24670552  332.180  449.159  53.428 -131.508  -7.42  -7.42  0000
   38  -0.033  2643 24670553  335.283  449.908  53.737 -132.377  -7.64  -7.64  0000
   39   0.000  3031 24670554  338.027  451.025  54.150 -133.118  -7.69  -7.69  0000
   40   0.033  2767 24670555  339.228  451.633  54.367 -133.434  -7.54  -7.54  0000
   41   0.067  2324 24670556  342.006  452.568  54.745 -134.178  -7.44  -7.44  0000
   42   0.100  2102 24670557  344.405  453.548  55.129 -134.803  -6.83  -6.83  0000
   43   0.133  1781 24670558  347.089  454.569  55.546 -135.497  -6.73  -6.73  0000
