#
#   version : 20090611
#    num_fr : 12
#      time : 20101210 08:33:04.243 UTC
#      unix : 1291969984.243774
#       ntp : LOCK -2751 730016 889
#       seq : 24781123
#       mul : 0 [A]
#      site : 01
#    latlon : 45.5749 -94.3965 370.0
#      text : Collegeville
#     label : 
#     plate : metal_20100816_20100506-404-gd3
#      geom : 640 480
#    reject : 0
#
#  fr    time   sum     seq       cx       cy      th      phi    lsp    mag  flag
   30  -0.267  1364 24781115  520.679  362.968  65.407  172.559  -5.62  -5.62  0000
   32  -0.200  1686 24781117  525.262  361.961  66.505  171.857  -6.36  -6.36  0000
   33  -0.167  1681 24781118  526.251  361.035  66.648  171.559  -6.31  -6.31  0000
   34  -0.133  1658 24781119  528.347  360.441  67.140  171.220  -6.32  -6.32  0000
   35  -0.100  1939 24781120  528.634  359.945  67.153  171.086  -6.50  -6.50  0000
   36  -0.067  2056 24781121  531.790  359.039  67.900  170.583  -6.71  -6.71  0000
   37  -0.033  2122 24781122  533.230  357.793  68.137  170.183  -6.70  -6.70  0000
   38   0.000  2282 24781123  534.379  357.742  68.449  170.063  -7.00  -7.00  0000
   39   0.033  2084 24781124  536.744  356.927  69.003  169.672  -6.74  -6.74  0000
   40   0.067  2191 24781125  538.149  356.153  69.299  169.382  -6.71  -6.71  0000
   41   0.100  1882 24781126  539.549  355.435  69.602  169.106  -6.80  -6.80  0000
   42   0.133  2210 24781127  541.198  354.607  69.964  168.788  -6.81  -6.81  0000
