#
#   version : 20090611
#    num_fr : 13
#      time : 20101210 10:57:07.184 UTC
#      unix : 1291978627.184057
#       ntp : LOCK 650 452478 914
#       seq : 25040151
#       mul : 0 [A]
#      site : 01
#    latlon : 45.5749 -94.3965 370.0
#      text : Collegeville
#     label : 
#     plate : metal_20100816_20100506-404-gd3
#      geom : 640 480
#    reject : 0
#
#  fr    time   sum     seq       cx       cy      th      phi    lsp    mag  flag
   30  -0.200  1493 25040145  436.284  190.118  36.980  118.996  -5.77  -5.77  0000
   31  -0.167  2059 25040146  436.963  188.645  37.320  118.576  -6.72  -6.72  0000
   32  -0.133  2589 25040147  436.106  187.004  37.300  117.822  -7.35  -7.35  0000
   33  -0.100  3541 25040148  436.044  185.385  37.480  117.225  -7.78  -7.78  0000
   34  -0.067  4028 25040149  436.748  184.822  37.724  117.156  -8.27  -8.27  0000
   35  -0.033  3712 25040150  437.339  183.259  38.062  116.712  -8.23  -8.23  0000
   36   0.000  4836 25040151  437.975  181.727  38.411  116.295  -8.64  -8.64  0000
   37   0.033  4651 25040152  438.221  180.263  38.657  115.834  -8.65  -8.65  0000
   38   0.067  4306 25040153  438.375  179.018  38.856  115.437  -8.41  -8.41  0000
   39   0.100  4283 25040154  438.259  177.373  39.044  114.855  -8.46  -8.46  0000
   40   0.133  3914 25040155  438.503  176.139  39.267  114.486  -8.23  -8.23  0000
   41   0.167  3335 25040156  438.996  174.706  39.580  114.105  -7.91  -7.91  0000
   42   0.200  2410 25040157  438.412  173.776  39.566  113.682  -7.11  -7.11  0000
