#
#   version : 20090611
#    num_fr : 20
#      time : 20101210 07:06:05.370 UTC
#      unix : 1291964765.370242
#       ntp : LOCK -1930 166112 950
#       seq : 24624714
#       mul : 0 [A]
#      site : 01
#    latlon : 45.5749 -94.3965 370.0
#      text : Collegeville
#     label : 
#     plate : metal_20100816_20100506-404-gd3
#      geom : 640 480
#    reject : 0
#
#  fr    time   sum     seq       cx       cy      th      phi    lsp    mag  flag
   29  -0.467  1612 24624700   88.077  253.683  62.400  -37.703  -5.65  -5.65  0000
   31  -0.400  1991 24624702   86.803  256.158  62.805  -38.307  -5.92  -5.92  0000
   32  -0.367  2014 24624703   86.091  259.006  63.050  -38.999  -6.20  -6.20  0000
   33  -0.334  2025 24624704   85.455  259.918  63.255  -39.216  -6.18  -6.18  0000
   34  -0.300  2432 24624705   85.307  262.479  63.338  -39.836  -6.70  -6.70  0000
   35  -0.267  3303 24624706   84.487  263.871  63.612  -40.164  -7.27  -7.27  0000
   36  -0.234  3545 24624707   82.939  264.731  64.101  -40.352  -7.85  -7.85  0000
   37  -0.200  4093 24624708   82.256  266.234  64.340  -40.703  -8.15  -8.15  0000
   38  -0.167  4279 24624709   82.103  268.373  64.434  -41.211  -8.39  -8.39  0000
   39  -0.133  4978 24624710   81.394  269.672  64.683  -41.508  -8.63  -8.63  0000
   40  -0.100  5670 24624711   80.443  271.258  65.015  -41.866  -8.88  -8.88  0000
   41  -0.067  5543 24624712   80.312  272.548  65.091  -42.168  -8.86  -8.86  0000
   42  -0.033  5186 24624713   78.990  274.433  65.552  -42.583  -8.56  -8.56  0000
   43   0.000  5758 24624714   78.455  275.821  65.760  -42.896  -8.85  -8.85  0000
   44   0.033  5681 24624715   77.575  277.790  66.097  -43.333  -8.96  -8.96  0000
   45   0.067  5532 24624716   76.794  279.423  66.395  -43.691  -8.79  -8.79  0000
   46   0.100  4512 24624717   75.962  280.832  66.704  -43.993  -8.41  -8.41  0000
   47   0.133  4326 24624718   75.600  282.003  66.860  -44.252  -8.33  -8.33  0000
   48   0.167  3206 24624719   74.960  283.835  67.132  -44.652  -7.69  -7.69  0000
   49   0.200  2065 24624720   74.913  284.067  67.156  -44.703  -5.73  -5.73  0000
