#
#   version : 20090611
#    num_fr : 24
#      time : 20141117 11:14:21.541 UTC
#      unix : 1416222861.541654
#       ntp : LOCK -931 572000 976
#       seq : 235047883
#       mul : 0 [A]
#      site : 01
#    latlon : 45.5749 -94.3965 370.0
#      text : Collegeville
#     label : 
#     plate : metal_20100816_20100506-404-gd3
#      geom : 640 480
#    reject : 0
#
#  fr    time   sum     seq       cx       cy      th      phi    lsp    mag  flag
   30  -0.901  2044 235047856  325.097  220.960   8.282   79.246  -5.74   1.08  0000
   31  -0.868  2309 235047857  325.975  220.107   8.582   80.019  -6.23   0.59  0000
   32  -0.834  2313 235047858  323.414  218.754   8.632   74.933  -6.30   0.52  0000
   35  -0.734  2247 235047861  318.895  213.722   9.552   65.338  -6.10   0.72  0000
   37  -0.667  2163 235047863  315.214  208.992  10.630   58.814  -5.79   1.03  0000
   38  -0.634  2894 235047864  312.345  208.164  10.807   54.671  -6.74   0.08  0000
   40  -0.567  2719 235047866  308.703  203.700  11.996   49.926  -6.84  -0.02  0000
   41  -0.534  2803 235047867  307.560  203.263  12.134   48.524  -6.57   0.25  0000
   43  -0.467  2826 235047869  305.057  199.255  13.248   46.041  -6.50   0.32  0000
   44  -0.434  2732 235047870  301.758  196.749  14.037   42.820  -6.49   0.33  0000
   45  -0.400  2584 235047871  300.398  195.158  14.518   41.714  -6.37   0.45  0000
   46  -0.367  2996 235047872  298.661  192.960  15.181   40.438  -7.01  -0.19  0000
   47  -0.334  2805 235047873  297.309  191.810  15.560   39.390  -6.74   0.08  0000
   48  -0.300  2968 235047874  295.754  189.839  16.166   38.402  -6.73   0.09  0000
   51  -0.200  2785 235047877  289.942  183.245  18.278   35.083  -6.50   0.32  0000
   52  -0.167  2846 235047878  288.116  181.536  18.863   34.097  -6.88  -0.06  0000
   53  -0.133  2755 235047879  285.516  179.425  19.628   32.706  -6.72   0.10  0000
   54  -0.100  3014 235047880  284.194  179.239  19.805   31.796  -7.19  -0.37  0000
   56  -0.033  2936 235047882  280.660  174.864  21.236   30.546  -7.13  -0.31  0000
   57   0.000  3164 235047883  278.398  172.939  21.947   29.590  -7.23  -0.41  0000
   58   0.033  2926 235047884  276.269  171.301  22.581   28.697  -6.53   0.29  0000
   59   0.067  2946 235047885  275.109  169.133  23.233   28.578  -6.87  -0.05  0000
   60   0.100  2463 235047886  273.715  167.974  23.673   28.059  -6.76   0.06  0000
   61   0.133  2438 235047887  271.880  166.113  24.335   27.495  -6.31   0.51  0000
