#
#   version : 20090611
#    num_fr : 13
#      time : 20141117 08:02:51.987 UTC
#      unix : 1416211371.987230
#       ntp : LOCK 1369 982185 1175
#       seq : 234703549
#       mul : 0 [A]
#      site : 01
#    latlon : 45.5749 -94.3965 370.0
#      text : Collegeville
#     label : 
#     plate : metal_20100816_20100506-404-gd3
#      geom : 640 480
#    reject : 0
#
#  fr    time   sum     seq       cx       cy      th      phi    lsp    mag  flag
   29  -0.267  1716 234703541  322.843  440.724  50.838 -128.965  -5.97   0.85  0000
   30  -0.234  2191 234703542  324.988  442.645  51.416 -129.571  -6.25   0.57  0000
   31  -0.200  3019 234703543  327.716  444.526  52.004 -130.340  -7.13  -0.31  0000
   32  -0.167  3195 234703544  328.223  444.937  52.131 -130.479  -7.72  -0.90  0000
   33  -0.133  3721 234703545  331.342  446.796  52.736 -131.342  -7.98  -1.16  0000
   34  -0.100  4041 234703546  333.290  448.334  53.228 -131.858  -8.20  -1.38  0000
   35  -0.067  4873 234703547  335.414  450.248  53.837 -132.401  -8.46  -1.64  0000
   36  -0.033  4723 234703548  337.757  451.804  54.360 -133.009  -8.56  -1.74  0000
   37   0.000  4884 234703549  340.329  453.001  54.798 -133.686  -8.59  -1.77  0000
   38   0.033  4717 234703550  342.688  454.646  55.362 -134.272  -8.39  -1.57  0000
   39   0.067  4026 234703551  344.688  455.921  55.812 -134.766  -8.24  -1.42  0000
   40   0.100  3738 234703552  347.716  457.109  56.294 -135.537  -7.80  -0.98  0000
   41   0.133  2517 234703553  348.464  458.607  56.756 -135.663  -7.04  -0.22  0000
