#
#   version : 20090611
#    num_fr : 21
#      time : 20151209 11:08:25.603 UTC
#      unix : 1449659305.603401
#       ntp : LOCK 2871 813073 6377
#       seq : 38236473
#       mul : 0 [A]
#      site : 01
#    latlon : 45.5749 -94.3965 370.0
#      text : Collegeville
#     label : 
#     plate : metal_20100816_20100506-404-gd3
#      geom : 640 480
#    reject : 0
#
#  fr    time   sum     seq       cx       cy      th      phi    lsp    mag  flag
   30  -0.601  2125 38236455  286.828  447.132  53.083 -118.212  -6.79   0.03  0000
   31  -0.567  2848 38236456  286.735  446.967  53.041 -118.179  -7.53  -0.71  0000
   32  -0.534  3364 38236457  286.054  447.790  53.300 -118.010  -7.97  -1.15  0000
   33  -0.501  3580 38236458  285.839  448.180  53.418 -117.961  -8.25  -1.43  0000
   34  -0.467  3912 38236459  285.460  448.286  53.464 -117.855  -8.40  -1.58  0000
   35  -0.434  4396 38236460  285.181  448.346  53.492 -117.777  -8.46  -1.64  0000
   36  -0.400  4664 38236461  284.970  448.804  53.630 -117.732  -8.59  -1.77  0000
   37  -0.367  5606 38236462  284.325  449.226  53.776 -117.562  -8.93  -2.11  0000
   38  -0.334  6340 38236463  283.655  449.327  53.834 -117.373  -9.11  -2.29  0000
   39  -0.300  6552 38236464  283.064  449.726  53.972 -117.219  -9.23  -2.41  0000
   40  -0.267  6383 38236465  282.845  450.058  54.076 -117.169  -9.09  -2.27  0000
   41  -0.234  6314 38236466  282.466  450.450  54.203 -117.076  -9.13  -2.31  0000
   42  -0.200  6546 38236467  281.948  450.794  54.324 -116.942  -9.21  -2.39  0000
   43  -0.167  5527 38236468  281.733  451.053  54.407 -116.891  -8.87  -2.05  0000
   44  -0.133  5304 38236469  281.045  451.332  54.518 -116.707  -8.78  -1.96  0000
   45  -0.100  5366 38236470  280.851  451.475  54.568 -116.658  -8.89  -2.07  0000
   46  -0.067  5155 38236471  280.676  452.156  54.768 -116.636  -8.77  -1.95  0000
   47  -0.033  5452 38236472  280.263  452.751  54.956 -116.544  -8.84  -2.02  0000
   48   0.000  6904 38236473  279.309  452.586  54.956 -116.270  -9.24  -2.42  0000
   49   0.033  6596 38236474  278.976  453.283  55.169 -116.206  -9.26  -2.44  0000
   50   0.067  3101 38236475  279.085  453.527  55.233 -116.246  -7.84  -1.02  0000
