#
#   version : 20090611
#    num_fr : 14
#      time : 20101113 01:16:42.103 UTC
#      unix : 1289611002.103164
#       ntp : LOCK -813 677316 461
#       seq : 10714222
#       mul : 0 [A]
#      site : 01
#    latlon : 45.5749 -94.3965 370.0
#      text : Collegeville
#     label : 
#     plate : metal_20100816_20100506-404-gd3
#      geom : 640 480
#    reject : 0
#
#  fr    time   sum     seq       cx       cy      th      phi    lsp    mag  flag
   29  -0.334  1609 10714212  471.427  173.674  47.810  119.175  -6.15  -6.15  0000
   30  -0.300  1568 10714213  471.494  173.684  47.826  119.187  -6.13  -6.13  0000
   31  -0.267  1822 10714214  472.185  174.325  47.929  119.469  -6.25  -6.25  0000
   32  -0.234  1897 10714215  472.404  174.618  47.952  119.584  -6.60  -6.60  0000
   33  -0.200  2376 10714216  472.722  174.802  48.013  119.681  -6.84  -6.84  0000
   34  -0.167  2732 10714217  473.444  175.344  48.138  119.936  -7.21  -7.21  0000
   35  -0.133  2395 10714218  475.172  175.820  48.534  120.305  -7.37  -7.37  0000
   36  -0.100  2824 10714219  474.841  176.087  48.418  120.338  -7.60  -7.60  0000
   37  -0.067  2856 10714220  475.452  175.900  48.598  120.365  -7.52  -7.52  0000
   38  -0.033  4455 10714221  475.991  176.283  48.696  120.546  -8.53  -8.53  0000
   39   0.000  5260 10714222  476.777  176.919  48.831  120.831  -8.82  -8.82  0000
   40   0.033  3075 10714223  477.273  177.621  48.884  121.096  -7.92  -7.92  0000
   41   0.067  2631 10714224  476.986  177.883  48.780  121.135  -7.42  -7.42  0000
   42   0.100  3291 10714225  477.642  178.291  48.908  121.336  -7.91  -7.91  0000
