#
#   version : 20090611
#    num_fr : 15
#      time : 20110708 08:04:57.028 UTC
#      unix : 1310112297.028107
#       ntp : LOCK 12977 747332 5260
#       seq : 15102844
#       mul : 0 [A]
#      site : 01
#    latlon : 45.5749 -94.3965 370.0
#      text : Collegeville
#     label : 
#     plate : metal_20100816_20100506-404-gd3
#      geom : 640 480
#    reject : 0
#
#  fr    time   sum     seq       cx       cy      th      phi    lsp    mag  flag
   30  -0.334  1327 15102834  402.495  281.617  25.553  162.908  -6.15   0.67  0000
   31  -0.300  1437 15102835  405.499  281.169  26.289  162.115  -6.26   0.56  0000
   32  -0.267  1759 15102836  407.700  281.325  26.870  161.819  -6.39   0.43  0000
   33  -0.234  1527 15102837  410.083  280.317  27.410  160.899  -6.41   0.41  0000
   34  -0.200  1621 15102838  412.341  280.610  28.021  160.701  -6.37   0.45  0000
   35  -0.167  1721 15102839  414.085  280.085  28.438  160.175  -6.48   0.34  0000
   36  -0.133  1424 15102840  417.643  279.227  29.311  159.253  -6.32   0.50  0000
   37  -0.100  1196 15102841  420.847  278.952  30.138  158.708  -5.98   0.84  0000
   38  -0.067  1244 15102842  423.038  278.007  30.657  157.993  -6.08   0.74  0000
   39  -0.033  1403 15102843  425.863  277.702  31.390  157.532  -6.53   0.29  0000
   40   0.000  2005 15102844  429.389  277.248  32.304  156.952  -7.24  -0.42  0000
   41   0.033  1927 15102845  432.242  276.922  33.050  156.524  -7.13  -0.31  0000
   42   0.067  1764 15102846  435.020  276.654  33.782  156.147  -6.58   0.24  0000
   43   0.100  1649 15102847  436.169  275.831  34.047  155.688  -6.47   0.35  0000
   44   0.133  1208 15102848  438.778  275.350  34.726  155.263  -6.14   0.68  0000
