#
#   version : 20090611
#    num_fr : 29
#      time : 20110708 06:30:37.811 UTC
#      unix : 1310106637.811374
#       ntp : LOCK -5116 485055 4532
#       seq : 14933237
#       mul : 0 [A]
#      site : 01
#    latlon : 45.5749 -94.3965 370.0
#      text : Collegeville
#     label : 
#     plate : metal_20100816_20100506-404-gd3
#      geom : 640 480
#    reject : 0
#
#  fr    time   sum     seq       cx       cy      th      phi    lsp    mag  flag
   30  -0.667  1488 14933217  146.071  365.341  55.283  -70.365  -6.18   0.64  0000
   31  -0.634  1428 14933218  146.419  366.763  55.428  -70.742  -5.84   0.98  0000
   32  -0.601  1641 14933219  147.301  365.913  55.074  -70.690  -6.15   0.67  0000
   33  -0.567  1774 14933220  147.645  366.724  55.122  -70.929  -6.31   0.51  0000
   34  -0.534  1903 14933221  148.249  367.840  55.158  -71.279  -6.78   0.04  0000
   35  -0.500  1864 14933222  148.350  368.193  55.191  -71.375  -6.96  -0.14  0000
   36  -0.467  2158 14933223  148.378  368.637  55.258  -71.479  -7.26  -0.44  0000
   37  -0.434  2449 14933224  148.663  368.672  55.195  -71.533  -7.17  -0.35  0000
   38  -0.400  2476 14933225  149.800  369.991  55.140  -72.015  -7.38  -0.56  0000
   39  -0.367  2251 14933226  149.507  370.692  55.328  -72.123  -7.45  -0.63  0000
   40  -0.334  2589 14933227  149.485  371.094  55.401  -72.209  -7.74  -0.92  0000
   41  -0.300  3142 14933228  150.004  371.433  55.334  -72.370  -7.74  -0.92  0000
   42  -0.267  3179 14933229  151.144  372.217  55.195  -72.733  -7.76  -0.94  0000
   43  -0.234  3474 14933230  151.596  372.719  55.173  -72.920  -8.13  -1.31  0000
   44  -0.200  3568 14933231  151.837  373.395  55.232  -73.110  -8.27  -1.45  0000
   45  -0.167  3514 14933232  152.092  374.007  55.277  -73.287  -8.36  -1.54  0000
   46  -0.133  4666 14933233  152.033  374.676  55.407  -73.423  -8.64  -1.82  0000
   47  -0.100  4506 14933234  152.614  375.099  55.343  -73.615  -8.63  -1.81  0000
   48  -0.067  4485 14933235  153.188  375.753  55.322  -73.856  -8.55  -1.73  0000
   49  -0.033  4200 14933236  153.530  376.588  55.389  -74.095  -8.51  -1.69  0000
   50   0.000  5118 14933237  153.882  377.020  55.383  -74.250  -8.83  -2.01  0000
   51   0.033  4890 14933238  154.700  377.727  55.317  -74.544  -8.69  -1.87  0000
   52   0.067  4541 14933239  154.996  378.299  55.351  -74.719  -8.61  -1.79  0000
   53   0.100  3835 14933240  155.126  378.863  55.421  -74.863  -8.40  -1.58  0000
   54   0.133  4118 14933241  155.469  379.853  55.520  -75.134  -8.49  -1.67  0000
   55   0.167  3735 14933242  156.111  380.130  55.422  -75.306  -8.23  -1.41  0000
   56   0.200  3099 14933243  157.203  380.993  55.328  -75.684  -7.87  -1.05  0000
   57   0.234  2053 14933244  157.117  381.142  55.375  -75.700  -6.96  -0.14  0000
   58   0.267  1466 14933245  157.379  382.081  55.487  -75.945  -6.18   0.64  0000
