#
#   version : 20090611
#    num_fr : 12
#      time : 20130420 06:55:08.668 UTC
#      unix : 1366440908.668938
#       ntp : LOCK 1 343296 257
#       seq : 218370284
#       mul : 0 [A]
#      site : 01
#    latlon : 45.5749 -94.3965 370.0
#      text : Collegeville
#     label : 
#     plate : metal_20100816_20100506-404-gd3
#      geom : 640 480
#    reject : 0
#
#  fr    time   sum     seq       cx       cy      th      phi    lsp    mag  flag
   29  -0.267  2883 218370276  451.292   92.123  56.926   96.088  -6.67   0.15  0000
   30  -0.234  3140 218370277  452.703   92.753  57.071   96.494  -7.10  -0.28  0000
   31  -0.200  3267 218370278  453.716   92.933  57.234   96.735  -7.53  -0.71  0000
   32  -0.167  3985 218370279  455.976   93.543  57.559   97.306  -7.63  -0.81  0000
   33  -0.133  3890 218370280  457.810   94.490  57.734   97.849  -7.80  -0.98  0000
   34  -0.100  4256 218370281  458.507   94.647  57.844   98.016  -7.98  -1.16  0000
   35  -0.067  4113 218370282  461.089   95.119  58.277   98.611  -8.04  -1.22  0000
   36  -0.033  4486 218370283  461.660   95.861  58.244   98.862  -8.15  -1.33  0000
   37   0.000  4601 218370284  464.388   96.213  58.742   99.453  -8.35  -1.53  0000
   38   0.033  3845 218370285  465.010   97.367  58.642   99.790  -7.88  -1.06  0000
   39   0.067  3839 218370286  467.254   97.869  59.018  100.308  -7.77  -0.95  0000
   40   0.100  4061 218370287  467.886   97.911  59.144  100.434  -7.73  -0.91  0000
