#
#   version : 20090611
#    num_fr : 49
#      time : 20130420 07:56:16.817 UTC
#      unix : 1366444576.817145
#       ntp : LOCK -182 130897 232
#       seq : 218480217
#       mul : 0 [A]
#      site : 01
#    latlon : 45.5749 -94.3965 370.0
#      text : Collegeville
#     label : 
#     plate : metal_20100816_20100506-404-gd3
#      geom : 640 480
#    reject : 0
#
#  fr    time   sum     seq       cx       cy      th      phi    lsp    mag  flag
   29  -1.101  2522 218480184  445.179  431.262  61.027 -162.326  -6.32   0.50  0000
   31  -1.034  2669 218480186  447.933  431.297  61.533 -162.876  -6.60   0.22  0000
   32  -1.001  2625 218480187  449.210  430.142  61.500 -163.313  -6.65   0.17  0000
   33  -0.968  3166 218480188  450.191  429.460  61.524 -163.616  -6.92  -0.10  0000
   34  -0.934  2928 218480189  450.291  429.430  61.536 -163.640  -7.02  -0.20  0000
   35  -0.901  3384 218480190  451.684  428.503  61.583 -164.063  -7.35  -0.53  0000
   36  -0.868  3165 218480191  452.845  428.969  61.907 -164.216  -7.21  -0.39  0000
   37  -0.834  3412 218480192  454.151  428.272  61.995 -164.582  -7.49  -0.67  0000
   38  -0.801  3586 218480193  455.149  427.523  62.015 -164.896  -7.83  -1.01  0000
   39  -0.767  3919 218480194  455.527  427.327  62.043 -165.001  -7.92  -1.10  0000
   40  -0.734  4667 218480195  456.993  426.784  62.203 -165.371  -8.06  -1.24  0000
   41  -0.701  4335 218480196  457.733  426.351  62.249 -165.583  -8.24  -1.42  0000
   42  -0.667  4260 218480197  457.854  426.235  62.246 -165.625  -8.15  -1.33  0000
   43  -0.634  4640 218480198  459.037  425.483  62.309 -165.973  -8.05  -1.23  0000
   44  -0.601  4618 218480199  461.072  425.189  62.643 -166.403  -8.10  -1.28  0000
   45  -0.567  4593 218480200  461.570  424.785  62.652 -166.563  -8.08  -1.26  0000
   46  -0.534  4296 218480201  462.607  424.033  62.692 -166.881  -8.12  -1.30  0000
   47  -0.501  3824 218480202  463.494  423.422  62.736 -167.148  -7.86  -1.04  0000
   48  -0.467  4121 218480203  464.638  422.663  62.800 -167.486  -7.90  -1.08  0000
   49  -0.434  4400 218480204  465.028  422.245  62.788 -167.628  -8.05  -1.23  0000
   50  -0.400  4211 218480205  467.102  422.013  63.159 -168.043  -8.02  -1.20  0000
   51  -0.367  4632 218480206  468.334  421.408  63.281 -168.367  -8.36  -1.54  0000
   52  -0.334  4465 218480207  468.568  421.037  63.250 -168.473  -8.01  -1.19  0000
   53  -0.300  4673 218480208  470.654  420.332  63.531 -168.964  -8.10  -1.28  0000
   54  -0.267  3901 218480209  471.340  420.047  63.613 -169.134  -8.08  -1.26  0000
   55  -0.234  4490 218480210  471.661  419.311  63.524 -169.317  -8.04  -1.22  0000
   56  -0.200  4369 218480211  472.765  418.706  63.628 -169.615  -7.99  -1.17  0000
   57  -0.167  3581 218480212  473.772  417.909  63.673 -169.929  -7.54  -0.72  0000
   58  -0.133  3837 218480213  475.810  417.897  64.104 -170.281  -7.59  -0.77  0000
   59  -0.100  3721 218480214  476.171  417.078  64.010 -170.486  -7.51  -0.69  0000
   60  -0.067  3365 218480215  477.374  416.188  64.085 -170.847  -7.43  -0.61  0000
   61  -0.033  5253 218480216  478.308  416.304  64.310 -170.984  -8.55  -1.73  0000
   62   0.000  6689 218480217  479.182  415.370  64.308 -171.296  -8.92  -2.10  0000
   63   0.033  4696 218480218  481.086  414.615  64.569 -171.746  -8.29  -1.47  0000
   64   0.067  4110 218480219  481.652  414.157  64.600 -171.921  -8.05  -1.23  0000
   65   0.100  4398 218480220  481.736  413.332  64.452 -172.082  -7.94  -1.12  0000
   66   0.133  4495 218480221  484.686  413.047  65.048 -172.613  -7.97  -1.15  0000
   67   0.167  4655 218480222  484.047  411.723  64.640 -172.747  -8.11  -1.29  0000
   68   0.200  3911 218480223  486.388  411.482  65.117 -173.167  -8.07  -1.25  0000
   69   0.234  4667 218480224  486.833  411.293  65.179 -173.272  -8.12  -1.30  0000
   70   0.267  4483 218480225  487.638  410.346  65.174 -173.570  -8.11  -1.29  0000
   71   0.300  4353 218480226  488.572  409.718  65.262 -173.831  -8.00  -1.18  0000
   72   0.334  4585 218480227  490.627  409.793  65.746 -174.138  -7.81  -0.99  0000
   73   0.367  3927 218480228  491.275  408.198  65.585 -174.528  -7.56  -0.74  0000
   74   0.400  3827 218480229  491.388  408.360  65.642 -174.516  -7.50  -0.68  0000
   75   0.434  3755 218480230  491.969  407.111  65.535 -174.834  -7.35  -0.53  0000
   76   0.467  3633 218480231  493.091  406.111  65.604 -175.189  -7.46  -0.64  0000
   77   0.501  3277 218480232  495.647  406.468  66.267 -175.507  -6.58   0.24  0000
   78   0.534  2643 218480233  495.821  405.487  66.122 -175.714  -6.61   0.21  0000
