#
#   version : 20090611
#    num_fr : 19
#      time : 20140916 06:19:08.170 UTC
#      unix : 1410848348.170697
#       ntp : LOCK 885 997752 1010
#       seq : 73977311
#       mul : 0 [A]
#      site : 01
#    latlon : 45.5749 -94.3965 370.0
#      text : Collegeville
#     label : 
#     plate : metal_20100816_20100506-404-gd3
#      geom : 640 480
#    reject : 0
#
#  fr    time   sum     seq       cx       cy      th      phi    lsp    mag  flag
   29  -0.434  1623 73977298  304.991  126.606  32.346   50.308  -5.33   1.49  0000
   30  -0.400  2004 73977299  306.612  129.066  31.664   51.043  -6.38   0.44  0000
   31  -0.367  2107 73977300  306.593  130.330  31.327   51.011  -6.74   0.08  0000
   32  -0.334  2273 73977301  308.220  132.500  30.728   51.791  -7.10  -0.28  0000
   33  -0.300  2725 73977302  309.871  134.785  30.106   52.611  -7.14  -0.32  0000
   34  -0.267  2549 73977303  310.274  136.432  29.664   52.813  -7.16  -0.34  0000
   35  -0.234  2416 73977304  311.918  138.700  29.055   53.680  -6.97  -0.15  0000
   36  -0.200  3020 73977305  313.923  140.707  28.525   54.774  -7.37  -0.55  0000
   37  -0.167  3088 73977306  315.159  143.903  27.683   55.509  -7.57  -0.75  0000
   38  -0.133  3137 73977307  316.422  146.209  27.083   56.278  -7.68  -0.86  0000
   39  -0.100  3031 73977308  318.194  148.512  26.498   57.376  -7.77  -0.95  0000
   40  -0.067  3596 73977309  319.772  151.659  25.697   58.450  -7.88  -1.06  0000
   41  -0.033  3669 73977310  321.090  154.176  25.065   59.390  -7.95  -1.13  0000
   42   0.000  3826 73977311  322.225  156.273  24.546   60.233  -7.99  -1.17  0000
   43   0.033  3394 73977312  324.882  159.917  23.684   62.222  -7.85  -1.03  0000
   44   0.067  3345 73977313  325.548  162.447  23.052   62.912  -7.78  -0.96  0000
   45   0.100  3701 73977314  327.969  166.003  22.243   64.956  -7.98  -1.16  0000
   46   0.133  3538 73977315  330.154  168.188  21.803   66.764  -7.62  -0.80  0000
   47   0.167  2475 73977316  331.439  172.082  20.890   68.322  -7.23  -0.41  0000
