#
#   version : 20090611
#    num_fr : 19
#      time : 20131107 02:08:57.783 UTC
#      unix : 1383790137.783125
#       ntp : LOCK 2683 889869 4552
#       seq : 186308543
#       mul : 0 [A]
#      site : 01
#    latlon : 45.5749 -94.3965 370.0
#      text : Collegeville
#     label : 
#     plate : metal_20100816_20100506-404-gd3
#      geom : 640 480
#    reject : 0
#
#  fr    time   sum     seq       cx       cy      th      phi    lsp    mag  flag
   29  -0.267  2043 186308535  489.592  231.124  48.557  138.420  -5.93   0.89  0000
   30  -0.234  2409 186308536  489.016  232.937  48.345  138.968  -6.47   0.35  0000
   31  -0.200  2676 186308537  490.019  236.732  48.542  140.189  -7.20  -0.38  0000
   32  -0.167  2671 186308538  489.778  238.422  48.442  140.714  -6.91  -0.09  0000
   33  -0.133  2708 186308539  490.491  242.188  48.589  141.912  -7.46  -0.64  0000
   34  -0.100  3099 186308540  489.861  244.501  48.386  142.630  -7.49  -0.67  0000
   35  -0.067  2744 186308541  490.577  247.869  48.571  143.697  -7.61  -0.79  0000
   36  -0.033  3204 186308542  491.131  250.382  48.726  144.489  -7.68  -0.86  0000
   37   0.000  3264 186308543  491.268  252.650  48.770  145.199  -7.66  -0.84  0000
   38   0.033  2871 186308544  491.330  256.367  48.813  146.362  -7.30  -0.48  0000
   39   0.067  3070 186308545  491.316  258.388  48.831  146.993  -7.54  -0.72  0000
   40   0.100  2945 186308546  491.155  262.332  48.847  148.227  -7.55  -0.73  0000
   41   0.133  2798 186308547  491.373  264.514  48.953  148.903  -7.41  -0.59  0000
   42   0.167  2985 186308548  491.500  268.348  49.084  150.090  -7.36  -0.54  0000
   43   0.200  2723 186308549  491.283  270.282  49.079  150.695  -6.99  -0.17  0000
   44   0.234  2412 186308550  492.092  273.742  49.422  151.734  -6.66   0.16  0000
   45   0.267  2186 186308551  491.193  276.329  49.265  152.563  -6.30   0.52  0000
   46   0.300  2109 186308552  491.230  280.521  49.454  153.845  -6.12   0.70  0000
   47   0.334  2057 186308553  491.442  282.316  49.598  154.381  -6.26   0.56  0000
