#
#   version : 20090611
#    num_fr : 15
#      time : 20140605 05:44:25.776 UTC
#      unix : 1401947065.776457
#       ntp : LOCK -225 311078 687
#       seq : 188172903
#       mul : 0 [A]
#      site : 01
#    latlon : 45.5749 -94.3965 370.0
#      text : Collegeville
#     label : 
#     plate : metal_20100816_20100506-404-gd3
#      geom : 640 480
#    reject : 0
#
#  fr    time   sum     seq       cx       cy      th      phi    lsp    mag  flag
   30  -0.133  1622 188172899  424.826   90.480  52.439   89.834  -6.11   0.71  0000
   31  -0.100  1822 188172900  425.143   90.498  52.488   89.915  -6.07   0.75  0000
   32  -0.067  2026 188172901  427.429   90.308  52.922   90.434  -6.26   0.56  0000
   33  -0.033  2100 188172902  427.257   90.031  52.955   90.344  -6.86  -0.04  0000
   34   0.000  2310 188172903  430.682   89.790  53.603   91.115  -6.56   0.26  0000
   35   0.033  1907 188172904  431.151   89.531  53.743   91.180  -6.59   0.23  0000
   36   0.067  1979 188172905  434.276   89.384  54.329   91.879  -6.33   0.49  0000
   37   0.100  1833 188172906  435.056   89.217  54.506   92.028  -6.33   0.49  0000
   38   0.133  1964 188172907  435.511   89.197  54.592   92.129  -6.12   0.70  0000
   39   0.167  2030 188172908  437.738   88.862  55.069   92.574  -6.84  -0.02  0000
   40   0.200  2152 188172909  438.554   88.979  55.191   92.777  -6.68   0.14  0000
   41   0.234  2029 188172910  441.299   88.779  55.740   93.350  -6.55   0.27  0000
   42   0.267  2031 188172911  442.393   88.411  56.024   93.525  -6.22   0.60  0000
   43   0.300  2027 188172912  444.807   88.700  56.412   94.099  -6.51   0.31  0000
   44   0.334  1953 188172913  445.189   89.034  56.412   94.241  -5.87   0.95  0000
