#
#   version : 20090611
#    num_fr : 28
#      time : 20131213 08:39:00.113 UTC
#      unix : 1386923940.113015
#       ntp : LOCK 526 219819 688
#       seq : 280226451
#       mul : 0 [A]
#      site : 01
#    latlon : 45.5749 -94.3965 370.0
#      text : Collegeville
#     label : 
#     plate : metal_20100816_20100506-404-gd3
#      geom : 640 480
#    reject : 0
#
#  fr    time   sum     seq       cx       cy      th      phi    lsp    mag  flag
   30  -0.567  4485 280226434  421.660  191.012  33.260  116.462  -7.71  -0.89  0000
   31  -0.534  4089 280226435  424.781  190.751  34.054  117.019  -8.09  -1.27  0000
   32  -0.501  3397 280226436  425.842  189.059  34.522  116.579  -8.57  -1.75  0000
   33  -0.467  3560 280226437  427.114  188.010  34.963  116.439  -8.55  -1.73  0000
   34  -0.434  5288 280226438  427.400  187.608  35.083  116.345  -8.76  -1.94  0000
   35  -0.400  4808 280226439  428.016  185.811  35.460  115.794  -8.82  -2.00  0000
   36  -0.367  5264 280226440  430.605  185.720  36.102  116.290  -8.89  -2.07  0000
   37  -0.334  5314 280226441  432.246  183.927  36.729  115.962  -8.94  -2.12  0000
   38  -0.300  5145 280226442  432.516  183.486  36.852  115.856  -8.84  -2.02  0000
   39  -0.267  4518 280226443  433.923  181.860  37.403  115.555  -8.96  -2.14  0000
   40  -0.234  5715 280226444  435.719  180.750  37.984  115.519  -8.78  -1.96  0000
   41  -0.200  4405 280226445  437.507  179.698  38.556  115.502  -8.91  -2.09  0000
   42  -0.167  5084 280226446  439.214  178.113  39.179  115.290  -8.78  -1.96  0000
   43  -0.133  4142 280226447  439.866  177.679  39.394  115.268  -8.81  -1.99  0000
   44  -0.100  5268 280226448  441.222  175.717  39.983  114.872  -9.01  -2.19  0000
   45  -0.067  5851 280226449  444.078  174.976  40.777  115.167  -8.93  -2.11  0000
   46  -0.033  4332 280226450  444.525  173.579  41.071  114.797  -8.77  -1.95  0000
   47   0.000  5994 280226451  446.017  172.109  41.631  114.604  -9.16  -2.34  0000
   48   0.033  5406 280226452  448.435  171.436  42.311  114.835  -9.32  -2.50  0000
   49   0.067  5411 280226453  450.338  169.825  42.993  114.678  -9.16  -2.34  0000
   50   0.100  5349 280226454  451.476  168.789  43.410  114.563  -9.22  -2.40  0000
   51   0.133  4378 280226455  454.101  166.767  44.327  114.418  -9.17  -2.35  0000
   52   0.167  4300 280226456  456.034  165.914  44.916  114.502  -8.78  -1.96  0000
   56   0.300  3024 280226460  462.274  160.029  47.257  113.877  -8.87  -2.05  0000
   57   0.334  3280 280226461  463.498  158.914  47.712  113.772  -9.00  -2.18  0000
   58   0.367  3577 280226462  464.660  157.688  48.170  113.628  -8.83  -2.01  0000
   59   0.400  3134 280226463  467.977  155.292  49.323  113.526  -8.71  -1.89  0000
   61   0.467  4166 280226465  470.335  153.079  50.217  113.323  -8.70  -1.88  0000
