#
#   version : 20090611
#    num_fr : 13
#      time : 20160102 07:15:49.134 UTC
#      unix : 1451718949.134153
#       ntp : LOCK 1678 555245 3155
#       seq : 29716178
#       mul : 0 [A]
#      site : 01
#    latlon : 45.5749 -94.3965 370.0
#      text : Collegeville
#     label : 
#     plate : metal_20100816_20100506-404-gd3
#      geom : 640 480
#    reject : 0
#
#  fr    time   sum     seq       cx       cy      th      phi    lsp    mag  flag
   29  -0.434  1939 29716165  501.141  144.703  59.168  115.712  -5.55   1.27  0000
   30  -0.400  2305 29716166  502.701  146.662  59.309  116.365  -6.31   0.51  0000
   32  -0.334  1906 29716168  504.747  149.145  59.516  117.195  -5.52   1.30  0000
   33  -0.300  1963 29716169  504.888  150.271  59.407  117.475  -5.72   1.10  0000
   37  -0.167  2330 29716173  508.445  156.638  59.556  119.389  -6.28   0.54  0000
   38  -0.133  2881 29716174  511.215  157.556  60.190  119.916  -7.29  -0.47  0000
   39  -0.100  3118 29716175  511.190  159.962  59.901  120.481  -7.24  -0.42  0000
   40  -0.067  2982 29716176  512.336  160.435  60.157  120.717  -7.25  -0.43  0000
   41  -0.033  2793 29716177  514.101  162.057  60.452  121.288  -7.16  -0.34  0000
   42   0.000  3233 29716178  514.398  164.127  60.303  121.809  -7.58  -0.76  0000
   43   0.033  3232 29716179  515.920  165.555  60.565  122.303  -7.38  -0.56  0000
   44   0.067  2702 29716180  516.133  166.622  60.509  122.579  -6.86  -0.04  0000
   45   0.100  2304 29716181  516.993  167.911  60.610  122.970  -6.46   0.36  0000
