#
#   version : 20090611
#    num_fr : 22
#      time : 20160102 11:40:58.696 UTC
#      unix : 1451734858.696775
#       ntp : LOCK -1316 826724 2225
#       seq : 30192978
#       mul : 0 [A]
#      site : 01
#    latlon : 45.5749 -94.3965 370.0
#      text : Collegeville
#     label : 
#     plate : metal_20100816_20100506-404-gd3
#      geom : 640 480
#    reject : 0
#
#  fr    time   sum     seq       cx       cy      th      phi    lsp    mag  flag
   29  -0.701  2426 30192957  555.164  234.732  67.709  141.054  -6.24   0.58  0000
   31  -0.634  3012 30192959  556.353  236.894  68.036  141.572  -6.64   0.18  0000
   32  -0.601  3376 30192960  557.023  237.070  68.238  141.623  -7.19  -0.37  0000
   33  -0.567  3941 30192961  558.825  237.691  68.780  141.793  -7.53  -0.71  0000
   34  -0.534  4061 30192962  559.197  238.123  68.888  141.897  -7.75  -0.93  0000
   35  -0.501  4330 30192963  559.572  238.254  69.001  141.933  -7.89  -1.07  0000
   36  -0.467  5012 30192964  560.953  239.415  69.410  142.215  -8.24  -1.42  0000
   37  -0.434  4984 30192965  561.056  239.913  69.436  142.329  -8.46  -1.64  0000
   38  -0.400  5914 30192966  561.924  240.154  69.700  142.395  -8.66  -1.84  0000
   39  -0.367  6299 30192967  562.432  240.889  69.849  142.567  -8.78  -1.96  0000
   40  -0.334  6110 30192968  563.669  241.954  70.220  142.820  -8.94  -2.12  0000
   41  -0.300  6803 30192969  564.399  242.329  70.442  142.912  -9.03  -2.21  0000
   42  -0.267  7210 30192970  565.100  242.432  70.658  142.942  -9.10  -2.28  0000
   43  -0.234  7308 30192971  566.163  243.497  70.978  143.190  -9.08  -2.26  0000
   44  -0.200  7727 30192972  566.629  243.962  71.119  143.297  -9.30  -2.48  0000
   45  -0.167  8056 30192973  566.906  244.226  71.203  143.358  -9.50  -2.68  0000
   46  -0.133  7081 30192974  567.373  244.598  71.346  143.445  -9.61  -2.79  0000
   47  -0.100  9097 30192975  568.891  245.780  71.811  143.717  -9.72  -2.90  0000
   48  -0.067  9238 30192976  568.955  246.167  71.829  143.803  -9.83  -3.01  0000
   49  -0.033  8987 30192977  569.971  246.720  72.144  143.931  -9.75  -2.93  0000
   50   0.000  9675 30192978  571.716  246.980  72.687  144.000  -9.76  -2.94  0000
   52   0.067  7388 30192980  572.094  248.289  72.802  144.286  -9.42  -2.60  0000
