#
#   version : 20090611
#    num_fr : 19
#      time : 20160102 09:02:00.673 UTC
#      unix : 1451725320.673296
#       ntp : LOCK 1895 679710 2964
#       seq : 29907129
#       mul : 0 [A]
#      site : 01
#    latlon : 45.5749 -94.3965 370.0
#      text : Collegeville
#     label : 
#     plate : metal_20100816_20100506-404-gd3
#      geom : 640 480
#    reject : 0
#
#  fr    time   sum     seq       cx       cy      th      phi    lsp    mag  flag
   29  -0.467  1951 29907115  306.197  136.250  29.752   50.692  -6.06   0.76  0000
   30  -0.434  2237 29907116  307.839  136.779  29.590   51.538  -6.61   0.21  0000
   31  -0.400  2843 29907117  307.297  138.026  29.265   51.233  -7.35  -0.53  0000
   32  -0.367  3139 29907118  308.423  139.040  28.982   51.815  -7.34  -0.52  0000
   33  -0.334  3621 29907119  309.906  140.426  28.602   52.599  -7.92  -1.10  0000
   34  -0.300  3783 29907120  310.050  141.615  28.285   52.670  -8.24  -1.42  0000
   35  -0.267  3998 29907121  311.429  142.463  28.054   53.425  -8.21  -1.39  0000
   36  -0.234  4743 29907122  311.355  143.758  27.710   53.386  -8.64  -1.82  0000
   37  -0.200  5546 29907123  313.622  144.469  27.523   54.659  -8.79  -1.97  0000
   38  -0.167  4645 29907124  313.799  146.098  27.092   54.781  -8.58  -1.76  0000
   39  -0.133  5591 29907125  314.934  146.910  26.883   55.445  -8.92  -2.10  0000
   40  -0.100  5988 29907126  315.729  148.408  26.493   55.939  -8.88  -2.06  0000
   41  -0.067  5724 29907127  317.138  149.087  26.330   56.781  -8.94  -2.12  0000
   42  -0.033  6072 29907128  317.951  150.734  25.907   57.322  -8.97  -2.15  0000
   43   0.000  6548 29907129  318.825  151.933  25.606   57.896  -9.08  -2.26  0000
   44   0.033  6506 29907130  320.124  153.310  25.270   58.750  -9.06  -2.24  0000
   45   0.067  6115 29907131  321.065  155.112  24.818   59.434  -9.07  -2.25  0000
   46   0.100  5520 29907132  321.628  156.165  24.557   59.853  -8.73  -1.91  0000
   47   0.133  3624 29907133  323.708  157.992  24.143   61.300  -7.94  -1.12  0000
