#
#   version : 20090611
#    num_fr : 21
#      time : 20160102 07:46:19.173 UTC
#      unix : 1451720779.173285
#       ntp : LOCK -200 446451 2902
#       seq : 29771022
#       mul : 0 [A]
#      site : 01
#    latlon : 45.5749 -94.3965 370.0
#      text : Collegeville
#     label : 
#     plate : metal_20100816_20100506-404-gd3
#      geom : 640 480
#    reject : 0
#
#  fr    time   sum     seq       cx       cy      th      phi    lsp    mag  flag
   30  -0.367  1732 29771011  272.484  201.306  16.414   13.965  -6.21   0.61  0000
   31  -0.334  2823 29771012  271.475  203.149  16.225   12.154  -7.48  -0.66  0000
   32  -0.300  3458 29771013  272.614  206.149  15.436   11.097  -7.82  -1.00  0000
   33  -0.267  3959 29771014  272.536  208.197  15.061    9.676  -8.30  -1.48  0000
   34  -0.234  5154 29771015  272.683  210.566  14.593    8.118  -8.68  -1.86  0000
   35  -0.200  5302 29771016  273.400  213.166  13.984    6.704  -8.72  -1.90  0000
   36  -0.167  6168 29771017  273.753  215.059  13.581    5.467  -9.09  -2.27  0000
   37  -0.133  6038 29771018  274.050  218.276  12.975    2.964  -8.98  -2.16  0000
   38  -0.100  7129 29771019  274.074  220.477  12.614    0.981  -9.33  -2.51  0000
   39  -0.067  6907 29771020  274.451  223.663  12.045   -1.846  -9.27  -2.45  0000
   40  -0.033  8263 29771021  274.960  225.557  11.658   -3.450  -9.49  -2.67  0000
   41   0.000  9016 29771022  275.340  228.630  11.155   -6.595  -9.62  -2.80  0000
   42   0.033  8528 29771023  275.540  231.077  10.806   -9.369  -9.50  -2.68  0000
   43   0.067  8873 29771024  275.921  234.465  10.342  -13.440  -9.68  -2.86  0000
   44   0.100  7929 29771025  276.066  236.802  10.084  -16.518  -9.51  -2.69  0000
   45   0.133  8476 29771026  276.688  239.642   9.699  -20.267  -9.53  -2.71  0000
   46   0.167  7260 29771027  277.094  243.401   9.368  -25.799  -9.33  -2.51  0000
   47   0.200  6892 29771028  277.720  245.883   9.106  -29.577  -9.16  -2.34  0000
   48   0.234  5595 29771029  278.010  248.736   8.971  -34.197  -8.90  -2.08  0000
   49   0.267  3740 29771030  278.081  251.612   8.956  -38.945  -8.15  -1.33  0000
   50   0.300  2188 29771031  278.469  253.662   8.893  -42.383  -6.61   0.21  0000
