#
#   version : 20090611
#    num_fr : 20
#      time : 20110316 10:26:42.962 UTC
#      unix : 1300271202.962120
#       ntp : LOCK 171 211231 1673
#       seq : 162010940
#       mul : 0 [A]
#      site : 01
#    latlon : 45.5749 -94.3965 370.0
#      text : Collegeville
#     label : 
#     plate : metal_20100816_20100506-404-gd3
#      geom : 640 480
#    reject : 0
#
#  fr    time   sum     seq       cx       cy      th      phi    lsp    mag  flag
   29  -0.501  2489 162010925   91.898  239.867  61.293  -34.247  -6.07  -6.07  0000
   31  -0.434  2295 162010927   91.653  242.281  61.340  -34.854  -6.26  -6.26  0000
   33  -0.367  2558 162010929   92.099  245.183  61.183  -35.575  -6.46  -6.46  0000
   34  -0.334  2427 162010930   91.919  246.622  61.230  -35.937  -6.33  -6.33  0000
   35  -0.300  2461 162010931   91.796  247.705  61.264  -36.209  -5.95  -5.95  0000
   36  -0.267  2421 162010932   93.620  248.874  60.710  -36.493  -6.41  -6.41  0000
   37  -0.234  2724 162010933   93.262  249.948  60.817  -36.765  -6.65  -6.65  0000
   39  -0.167  2541 162010935   94.474  252.417  60.456  -37.386  -6.15  -6.15  0000
   40  -0.133  2477 162010936   94.176  254.803  60.558  -37.990  -6.33  -6.33  0000
   41  -0.100  2830 162010937   93.486  255.847  60.774  -38.252  -6.75  -6.75  0000
   42  -0.067  2735 162010938   95.793  257.145  60.089  -38.590  -6.71  -6.71  0000
   43  -0.033  2785 162010939   95.883  258.900  60.081  -39.038  -6.83  -6.83  0000
   44   0.000  2904 162010940   95.420  259.940  60.234  -39.299  -6.90  -6.90  0000
   45   0.033  2877 162010941   96.681  261.922  59.883  -39.816  -6.68  -6.68  0000
   46   0.067  2816 162010942   96.033  262.835  60.093  -40.041  -6.92  -6.92  0000
   47   0.100  2684 162010943   96.196  264.546  60.076  -40.478  -6.60  -6.60  0000
   48   0.133  2492 162010944   96.854  266.507  59.918  -40.988  -6.58  -6.58  0000
   49   0.167  2675 162010945   97.146  267.022  59.842  -41.124  -6.71  -6.71  0000
   50   0.200  2356 162010946   98.514  268.936  59.478  -41.638  -6.46  -6.46  0000
   51   0.234  2563 162010947   98.252  269.820  59.579  -41.859  -6.62  -6.62  0000
