#
#   version : 20090611
#    num_fr : 15
#      time : 20100830 05:05:45.357 UTC
#      unix : 1283144745.357023
#       ntp : LOCK -1998 180290 577
#       seq : 41984201
#       mul : 0 [A]
#      site : 01
#    latlon : 45.5749 -94.3965 370.0
#      text : Collegeville
#     label : 
#     plate : metal 20090611
#      geom : 640 480
#    reject : 0
#
#  fr    time   sum     seq       cx       cy      th      phi    lsp    mag  flag
   30  -0.400  1548 41984189  480.430  326.492  51.569  173.007  -5.70  -5.70  0000
   32  -0.334  1928 41984191  483.280  328.624  52.564  173.135  -6.50  -6.50  0000
   33  -0.300  2477 41984192  485.381  329.791  53.248  173.126  -7.17  -7.17  0000
   34  -0.267  2904 41984193  485.670  330.545  53.418  173.272  -7.31  -7.31  0000
   35  -0.234  2866 41984194  488.431  332.111  54.323  173.264  -7.60  -7.60  0000
   36  -0.200  3910 41984195  490.768  333.438  55.092  173.258  -8.15  -8.15  0000
   37  -0.167  4140 41984196  491.534  334.560  55.433  173.420  -8.45  -8.45  0000
   38  -0.133  5715 41984197  493.012  336.049  56.006  173.567  -9.02  -9.02  0000
   39  -0.100  5471 41984198  495.524  337.111  56.789  173.469  -8.79  -8.79  0000
   40  -0.067  5234 41984199  496.484  338.212  57.180  173.594  -8.66  -8.66  0000
   41  -0.033  5429 41984200  498.001  339.682  57.764  173.725  -9.00  -9.00  0000
   42   0.000  6325 41984201  500.429  341.060  58.571  173.709  -9.04  -9.04  0000
   43   0.033  5456 41984202  502.126  341.973  59.130  173.686  -8.78  -8.78  0000
   44   0.067  5553 41984203  503.274  342.838  59.542  173.726  -8.84  -8.84  0000
   45   0.100  2571 41984204  505.368  344.242  60.271  173.759  -7.33  -7.33  0000
