#
#   version : 20090611
#    num_fr : 23
#      time : 20110209 04:52:56.536 UTC
#      unix : 1297227176.536580
#       ntp : DRIFT 0 16000000 516
#       seq : 70781561
#       mul : 0 [A]
#      site : 01
#    latlon : 45.5749 -94.3965 370.0
#      text : Collegeville
#     label : 
#     plate : metal_20100816_20100506-404-gd3
#      geom : 640 480
#    reject : 0
#
#  fr    time   sum     seq       cx       cy      th      phi    lsp    mag  flag
   29  -0.534  1524 70781545  491.598  156.910  55.077  117.399  -5.76  -5.76  0000
   31  -0.467  1782 70781547  493.774  158.809  55.405  118.154  -6.29  -6.29  0000
   32  -0.434  2099 70781548  493.610  160.078  55.205  118.452  -6.51  -6.51  0000
   33  -0.400  2422 70781549  495.128  161.467  55.434  118.990  -6.93  -6.93  0000
   34  -0.367  2572 70781550  495.457  162.927  55.346  119.399  -7.43  -7.43  0000
   35  -0.334  2854 70781551  495.849  163.887  55.336  119.689  -7.31  -7.31  0000
   36  -0.300  2804 70781552  497.039  165.208  55.498  120.166  -7.43  -7.43  0000
   37  -0.267  2408 70781553  497.034  166.211  55.381  120.420  -7.13  -7.13  0000
   38  -0.234  2223 70781554  498.484  168.051  55.560  121.057  -7.05  -7.05  0000
   39  -0.200  2564 70781555  498.832  168.987  55.549  121.335  -7.11  -7.11  0000
   40  -0.167  2940 70781556  500.308  170.684  55.761  121.933  -7.49  -7.49  0000
   41  -0.133  2796 70781557  500.380  171.828  55.658  122.234  -7.57  -7.57  0000
   42  -0.100  2978 70781558  501.333  173.694  55.720  122.816  -7.51  -7.51  0000
   43  -0.067  2653 70781559  502.267  175.083  55.831  123.272  -7.54  -7.54  0000
   44  -0.033  2709 70781560  502.279  176.319  55.710  123.592  -7.38  -7.38  0000
   45   0.000  3007 70781561  503.514  177.930  55.888  124.134  -7.62  -7.62  0000
   46   0.033  2977 70781562  504.263  179.507  55.941  124.616  -7.24  -7.24  0000
   47   0.067  2634 70781563  505.079  180.224  56.097  124.881  -7.54  -7.54  0000
   48   0.100  2967 70781564  505.319  181.959  56.001  125.355  -7.56  -7.56  0000
   49   0.133  2675 70781565  506.166  183.927  56.057  125.946  -7.40  -7.40  0000
   50   0.167  2754 70781566  506.515  184.506  56.102  126.129  -7.03  -7.03  0000
   51   0.200  2123 70781567  508.005  186.521  56.341  126.787  -6.49  -6.49  0000
   52   0.234  1816 70781568  508.314  188.132  56.290  127.234  -6.22  -6.22  0000
