#
#   version : 20090611
#    num_fr : 15
#      time : 20140330 07:50:53.077 UTC
#      unix : 1396165853.077167
#       ntp : LOCK 431 905477 1073
#       seq : 14914107
#       mul : 0 [A]
#      site : 01
#    latlon : 45.5749 -94.3965 370.0
#      text : Collegeville
#     label : 
#     plate : metal_20100816_20100506-404-gd3
#      geom : 640 480
#    reject : 0
#
#  fr    time   sum     seq       cx       cy      th      phi    lsp    mag  flag
   30  -0.133  2218 14914103  474.092  338.385  49.990  172.471  -6.54   0.28  0000
   31  -0.100  2168 14914104  474.502  338.021  50.046  172.314  -6.42   0.40  0000
   32  -0.067  2559 14914105  474.731  337.328  50.014  172.093  -6.78   0.04  0000
   33  -0.033  2659 14914106  475.345  337.150  50.147  171.959  -6.79   0.03  0000
   34   0.000  3140 14914107  476.753  336.339  50.402  171.544  -7.24  -0.42  0000
   35   0.033  2523 14914108  477.202  336.222  50.502  171.451  -7.09  -0.27  0000
   36   0.067  2666 14914109  477.617  335.956  50.575  171.322  -7.29  -0.47  0000
   37   0.100  2687 14914110  478.086  335.276  50.610  171.074  -7.25  -0.43  0000
   38   0.133  2537 14914111  479.101  334.440  50.767  170.712  -6.90  -0.08  0000
   39   0.167  2785 14914112  479.200  333.911  50.727  170.556  -6.76   0.06  0000
   41   0.234  2308 14914114  481.526  333.683  51.301  170.192  -6.45   0.37  0000
   42   0.267  2153 14914115  482.641  332.659  51.467  169.774  -6.23   0.59  0000
   43   0.300  2310 14914116  483.594  332.181  51.659  169.526  -6.45   0.37  0000
   44   0.334  2279 14914117  484.703  331.344  51.850  169.164  -6.67   0.15  0000
   45   0.367  2010 14914118  484.903  331.170  51.882  169.092  -6.25   0.57  0000
