#
#   version : 20090611
#    num_fr : 17
#      time : 20140330 03:02:19.645 UTC
#      unix : 1396148539.645817
#       ntp : LOCK -491 929546 1669
#       seq : 14395239
#       mul : 0 [A]
#      site : 01
#    latlon : 45.5749 -94.3965 370.0
#      text : Collegeville
#     label : 
#     plate : metal_20100816_20100506-404-gd3
#      geom : 640 480
#    reject : 0
#
#  fr    time   sum     seq       cx       cy      th      phi    lsp    mag  flag
   29  -0.300  3225 14395230  106.800  134.226  65.405   -8.319  -6.96  -0.14  0000
   30  -0.267  3616 14395231  107.072  135.030  65.217   -8.452  -7.04  -0.22  0000
   31  -0.234  3484 14395232  107.027  134.342  65.327   -8.316  -7.14  -0.32  0000
   32  -0.200  3287 14395233  107.277  134.755  65.201   -8.370  -7.10  -0.28  0000
   33  -0.167  3149 14395234  106.857  134.956  65.285   -8.463  -7.16  -0.34  0000
   34  -0.133  2303 14395235  106.987  135.028  65.240   -8.462  -7.24  -0.42  0000
   35  -0.100  3318 14395236  110.769  143.831  63.001   -9.862  -6.74   0.08  0000
   36  -0.067  3918 14395237  108.359  145.114  63.486  -10.424  -6.64   0.18  0000
   37  -0.033  4181 14395238  108.145  145.322  63.517  -10.493  -6.93  -0.11  0000
   38   0.000  4188 14395239  107.113  146.928  63.589  -10.959  -6.69   0.13  0000
   39   0.033  3788 14395240  106.922  147.118  63.617  -11.022  -5.16   1.66  0000
   40   0.067  3695 14395241  105.884  147.877  63.805  -11.304  -6.05   0.77  0000
   41   0.100  3505 14395242  105.073  149.059  63.878  -11.651  -5.73   1.09  0000
   42   0.133  3418 14395243  104.860  149.104  63.932  -11.684  -5.71   1.11  0000
   43   0.167  3539 14395244  104.070  149.985  64.040  -11.962  -5.33   1.49  0000
   44   0.200  3475 14395245  102.283  150.793  64.436  -12.331  -6.44   0.38  0000
   46   0.267  3226 14395247  100.218  152.699  64.780  -12.963  -5.97   0.85  0000
