#
#   version : 20090611
#    num_fr : 13
#      time : 20140206 10:40:09.930 UTC
#      unix : 1391683209.930216
#       ntp : LOCK 1993 660618 2072
#       seq : 422858277
#       mul : 0 [A]
#      site : 01
#    latlon : 45.5749 -94.3965 370.0
#      text : Collegeville
#     label : 
#     plate : metal_20100816_20100506-404-gd3
#      geom : 640 480
#    reject : 0
#
#  fr    time   sum     seq       cx       cy      th      phi    lsp    mag  flag
   30  -0.200  2212 422858271  423.664  432.982  57.825 -157.435  -6.76   0.06  0000
   31  -0.167  2477 422858272  424.365  434.619  58.334 -157.358  -7.19  -0.37  0000
   32  -0.133  3079 422858273  426.022  436.024  58.938 -157.529  -7.59  -0.77  0000
   33  -0.100  3327 422858274  426.785  436.862  59.264 -157.579  -7.74  -0.92  0000
   34  -0.067  4027 422858275  428.031  438.555  59.875 -157.614  -8.27  -1.45  0000
   35  -0.033  4196 422858276  429.634  440.162  60.525 -157.737  -8.05  -1.23  0000
   36   0.000  4591 422858277  430.786  441.279  60.983 -157.829  -8.53  -1.71  0000
   37   0.033  4579 422858278  431.971  442.361  61.439 -157.932  -8.34  -1.52  0000
   38   0.067  3806 422858279  432.947  443.327  61.834 -158.005  -7.87  -1.05  0000
   39   0.100  2626 422858280  434.420  444.793  62.434 -158.112  -7.37  -0.55  0000
   40   0.133  2642 422858281  434.810  446.301  62.870 -157.987  -7.05  -0.23  0000
   41   0.167  2161 422858282  436.535  447.443  63.432 -158.188  -6.35   0.47  0000
   42   0.200  2196 422858283  437.972  448.905  64.029 -158.284  -6.50   0.32  0000
