#
#   version : 20090611
#    num_fr : 33
#      time : 20140206 10:03:09.634 UTC
#      unix : 1391680989.634258
#       ntp : LOCK 1705 1085857 2277
#       seq : 422791737
#       mul : 0 [A]
#      site : 01
#    latlon : 45.5749 -94.3965 370.0
#      text : Collegeville
#     label : 
#     plate : metal_20100816_20100506-404-gd3
#      geom : 640 480
#    reject : 0
#
#  fr    time   sum     seq       cx       cy      th      phi    lsp    mag  flag
   30  -0.634  1476 422791718  355.322  391.148  38.891 -143.229  -5.82   1.00  0000
   31  -0.601  1534 422791719  356.783  392.698  39.417 -143.588  -5.86   0.96  0000
   32  -0.567  1843 422791720  357.835  395.004  40.105 -143.697  -6.36   0.46  0000
   33  -0.534  1740 422791721  358.207  397.060  40.671 -143.587  -6.40   0.42  0000
   34  -0.501  2251 422791722  359.458  398.586  41.176 -143.854  -6.95  -0.13  0000
   35  -0.467  2469 422791723  359.670  399.962  41.553 -143.767  -7.15  -0.33  0000
   36  -0.434  2716 422791724  361.053  401.492  42.072 -144.072  -7.25  -0.43  0000
   37  -0.400  2989 422791725  361.212  403.272  42.550 -143.920  -7.72  -0.90  0000
   38  -0.367  3186 422791726  361.557  404.666  42.944 -143.878  -7.75  -0.93  0000
   39  -0.334  3161 422791727  362.560  406.694  43.562 -143.987  -7.87  -1.05  0000
   40  -0.300  3827 422791728  363.767  408.500  44.142 -144.185  -8.03  -1.21  0000
   41  -0.267  3574 422791729  364.245  410.191  44.627 -144.153  -8.08  -1.26  0000
   42  -0.234  3755 422791730  365.085  412.278  45.250 -144.194  -8.09  -1.27  0000
   43  -0.200  4236 422791731  365.534  413.452  45.598 -144.210  -8.28  -1.46  0000
   44  -0.167  4364 422791732  366.786  415.083  46.140 -144.429  -8.37  -1.55  0000
   45  -0.133  4425 422791733  366.960  417.501  46.792 -144.221  -8.48  -1.66  0000
   46  -0.100  4492 422791734  367.933  419.014  47.279 -144.361  -8.54  -1.72  0000
   47  -0.067  3855 422791735  368.117  420.526  47.695 -144.257  -8.25  -1.43  0000
   48  -0.033  4563 422791736  369.421  422.398  48.308 -144.457  -8.51  -1.69  0000
   49   0.000  4702 422791737  369.870  424.003  48.774 -144.423  -8.44  -1.62  0000
   50   0.033  4518 422791738  370.486  425.213  49.152 -144.481  -8.58  -1.76  0000
   51   0.067  4273 422791739  371.088  427.075  49.701 -144.466  -8.39  -1.57  0000
   52   0.100  4192 422791740  371.621  428.679  50.176 -144.457  -8.39  -1.57  0000
   53   0.133  4701 422791741  372.478  430.796  50.819 -144.490  -8.43  -1.61  0000
   54   0.167  4519 422791742  373.860  432.151  51.309 -144.749  -8.42  -1.60  0000
   55   0.200  4287 422791743  374.347  433.145  51.620 -144.786  -8.39  -1.57  0000
   56   0.234  3377 422791744  374.707  434.766  52.086 -144.724  -7.86  -1.04  0000
   57   0.267  3054 422791745  375.901  436.633  52.699 -144.871  -7.58  -0.76  0000
   58   0.300  2829 422791746  376.809  438.348  53.244 -144.950  -7.16  -0.34  0000
   59   0.334  2601 422791747  377.674  439.553  53.650 -145.067  -7.20  -0.38  0000
   60   0.367  3074 422791748  377.195  441.149  54.032 -144.780  -7.65  -0.83  0000
   61   0.400  2531 422791749  378.530  443.073  54.678 -144.952  -7.30  -0.48  0000
   62   0.434  1888 422791750  378.130  444.199  54.942 -144.736  -6.63   0.19  0000
