#
#   version : 20090611
#    num_fr : 22
#      time : 20140331 08:35:22.303 UTC
#      unix : 1396254922.303885
#       ntp : LOCK 548 330197 1014
#       seq : 17583444
#       mul : 0 [A]
#      site : 01
#    latlon : 45.5749 -94.3965 370.0
#      text : Collegeville
#     label : 
#     plate : metal_20100816_20100506-404-gd3
#      geom : 640 480
#    reject : 0
#
#  fr    time   sum     seq       cx       cy      th      phi    lsp    mag  flag
   30  -0.100  4505 17583441  187.697  292.934  35.449  -54.967  -7.98  -1.16  0000
   31  -0.067  4861 17583442  204.589  287.327  30.517  -55.052  -7.96  -1.14  0000
   32  -0.033  4482 17583443  213.982  284.175  27.792  -55.098  -7.94  -1.12  0000
   33   0.000  6017 17583444  231.177  277.775  22.788  -54.834  -8.17  -1.35  0000
   34   0.033  5219 17583445  252.198  270.898  16.805  -55.117  -7.80  -0.98  0000
   35   0.067  4676 17583446  272.209  263.235  11.063  -54.291  -7.92  -1.10  0000
   36   0.100  4106 17583447  292.837  255.380   5.197  -51.740  -7.91  -1.09  0000
   37   0.133  5674 17583448  308.033  250.503   0.976  -44.005  -7.83  -1.01  0000
   38   0.167  3998 17583449  327.309  242.396   4.565  118.577  -7.82  -1.00  0000
   39   0.200  5067 17583450  348.034  234.461  10.414  121.362  -7.71  -0.89  0000
   40   0.234  4775 17583451  357.372  229.964  13.156  120.852  -7.86  -1.04  0000
   41   0.267  4380 17583452  371.176  224.020  17.154  120.957  -7.59  -0.77  0000
   42   0.300  4303 17583453  394.776  214.787  23.943  121.606  -7.65  -0.83  0000
   43   0.334  4838 17583454  407.997  209.191  27.821  121.628  -8.06  -1.24  0000
   44   0.367  4967 17583455  417.045  205.736  30.451  121.814  -7.75  -0.93  0000
   45   0.400  3943 17583456  434.335  199.120  35.515  122.095  -7.76  -0.94  0000
   46   0.434  3492 17583457  441.408  197.364  37.507  122.545  -7.56  -0.74  0000
   47   0.467  3537 17583458  453.858  192.326  41.232  122.570  -7.09  -0.27  0000
   48   0.501  4172 17583459  462.037  189.673  43.631  122.800  -6.99  -0.17  0000
   49   0.534  3292 17583460  471.648  185.651  46.561  122.766  -6.92  -0.10  0000
   50   0.567  3473 17583461  481.318  181.913  49.501  122.827  -6.83  -0.01  0000
   51   0.601  3139 17583462  489.202  178.086  51.997  122.659  -6.39   0.43  0000
