#
#   version : 20090611
#    num_fr : 12
#      time : 20100721 07:36:03.854 UTC
#      unix : 1279697763.854778
#       ntp : LOCK -4605 973620 2006
#       seq : 13430329
#       mul : 0 [A]
#      site : 01
#    latlon : 45.5749 -94.3965 370.0
#      text : Collegeville
#     label : 
#     plate : metal 20090611
#      geom : 640 480
#    reject : 0
#
#  fr    time   sum     seq       cx       cy      th      phi    lsp    mag  flag
   30  -0.267  1560 13430321   93.031  399.788  74.775  -68.205  -6.00  -6.00  0000
   31  -0.234  1839 13430322   91.924  402.517  75.531  -68.513  -6.46  -6.46  0000
   32  -0.200  1728 13430323   91.808  403.019  75.649  -68.580  -6.38  -6.38  0000
   33  -0.167  1752 13430324   91.769  404.088  75.848  -68.751  -6.40  -6.40  0000
   34  -0.133  2119 13430325   91.392  405.564  76.206  -68.943  -6.87  -6.87  0000
   35  -0.100  2598 13430326   91.857  407.019  76.353  -69.242  -7.22  -7.22  0000
   36  -0.067  3677 13430327   91.446  408.364  76.698  -69.405  -7.91  -7.91  0000
   37  -0.033  5498 13430328   90.844  410.052  77.154  -69.595  -8.80  -8.80  0000
   38   0.000  7183 13430329   90.547  411.073  77.415  -69.719  -9.19  -9.19  0000
   39   0.033  4919 13430330   90.646  412.191  77.596  -69.910  -8.51  -8.51  0000
   40   0.067  6057 13430331   90.222  413.716  77.983  -70.094  -8.94  -8.94  0000
   41   0.100  3874 13430332   90.782  414.321  77.957  -70.264  -8.33  -8.33  0000
