#
#   version : 20090611
#    num_fr : 17
#      time : 20130221 11:32:13.593 UTC
#      unix : 1361446333.593543
#       ntp : LOCK 52 840791 126
#       seq : 68683452
#       mul : 0 [A]
#      site : 01
#    latlon : 45.5749 -94.3965 370.0
#      text : Collegeville
#     label : 
#     plate : metal_20100816_20100506-404-gd3
#      geom : 640 480
#    reject : 0
#
#  fr    time   sum     seq       cx       cy      th      phi    lsp    mag  flag
   29  -0.367  2593 68683441  508.776  347.481  60.178  170.417  -6.62   0.20  0000
   30  -0.334  2545 68683442  510.619  348.141  60.754  170.369  -6.50   0.32  0000
   31  -0.300  2114 68683443  510.936  348.021  60.824  170.307  -6.00   0.82  0000
   34  -0.200  2150 68683446  514.255  349.638  61.919  170.321  -6.33   0.49  0000
   35  -0.167  2627 68683447  515.421  349.026  62.157  170.059  -6.44   0.38  0000
   36  -0.133  2856 68683448  517.396  350.071  62.822  170.089  -7.02  -0.20  0000
   37  -0.100  3215 68683449  517.752  350.143  62.927  170.068  -7.06  -0.24  0000
   38  -0.067  3173 68683450  519.972  350.957  63.632  170.022  -7.21  -0.39  0000
   39  -0.033  3394 68683451  520.725  351.172  63.864  169.993  -7.52  -0.70  0000
   40   0.000  3926 68683452  522.388  351.789  64.395  169.961  -7.87  -1.05  0000
   41   0.033  3615 68683453  522.932  352.089  64.581  169.972  -7.57  -0.75  0000
   42   0.067  3632 68683454  524.787  352.809  65.179  169.944  -7.37  -0.55  0000
   43   0.100  3310 68683455  525.935  352.671  65.476  169.800  -7.38  -0.56  0000
   44   0.133  2962 68683456  527.191  353.738  65.955  169.908  -6.88  -0.06  0000
   45   0.167  2910 68683457  527.515  353.880  66.062  169.907  -6.92  -0.10  0000
   46   0.200  2981 68683458  528.203  354.079  66.277  169.882  -6.69   0.13  0000
   47   0.234  2884 68683459  531.091  354.283  67.099  169.647  -6.68   0.14  0000
