#
#   version : 20090611
#    num_fr : 12
#      time : 20130929 07:52:56.696 UTC
#      unix : 1380441176.696981
#       ntp : LOCK -595 433906 950
#       seq : 85942442
#       mul : 0 [A]
#      site : 01
#    latlon : 45.5749 -94.3965 370.0
#      text : Collegeville
#     label : 
#     plate : metal_20100816_20100506-404-gd3
#      geom : 640 480
#    reject : 0
#
#  fr    time   sum     seq       cx       cy      th      phi    lsp    mag  flag
   30  -0.267  1848 85942434  421.528   76.876  55.067   86.801  -6.01   0.81  0000
   31  -0.234  1937 85942435  424.670   77.099  55.517   87.588  -6.52   0.30  0000
   32  -0.200  1918 85942436  425.211   78.094  55.370   87.873  -6.45   0.37  0000
   33  -0.167  2016 85942437  428.058   78.481  55.747   88.605  -6.78   0.04  0000
   34  -0.133  2222 85942438  431.060   80.066  55.884   89.558  -6.85  -0.03  0000
   35  -0.100  2227 85942439  432.946   80.488  56.110   90.059  -6.99  -0.17  0000
   36  -0.067  2255 85942440  436.348   81.193  56.541   90.946  -6.90  -0.08  0000
   37  -0.033  2193 85942441  437.995   82.789  56.472   91.581  -6.85  -0.03  0000
   38   0.000  2571 85942442  440.673   83.847  56.717   92.353  -7.17  -0.35  0000
   39   0.033  2474 85942443  443.996   84.400  57.204   93.170  -6.97  -0.15  0000
   40   0.067  2476 85942444  444.850   85.861  57.041   93.607  -7.10  -0.28  0000
   41   0.100  2471 85942445  447.651   86.289  57.475   94.278  -7.22  -0.40  0000
