#
#   version : 20090611
#    num_fr : 12
#      time : 20130929 10:45:17.080 UTC
#      unix : 1380451517.080505
#       ntp : LOCK -172 445378 770
#       seq : 86252338
#       mul : 0 [A]
#      site : 01
#    latlon : 45.5749 -94.3965 370.0
#      text : Collegeville
#     label : 
#     plate : metal_20100816_20100506-404-gd3
#      geom : 640 480
#    reject : 0
#
#  fr    time   sum     seq       cx       cy      th      phi    lsp    mag  flag
   29  -0.234  1597 86252331  385.935  357.082  34.354 -161.107  -5.93   0.89  0000
   30  -0.200  1888 86252332  389.586  357.998  35.145 -162.170  -6.59   0.23  0000
   31  -0.167  2475 86252333  394.052  359.132  36.132 -163.405  -7.19  -0.37  0000
   32  -0.133  3297 86252334  397.407  359.443  36.773 -164.428  -7.66  -0.84  0000
   33  -0.100  3272 86252335  400.610  360.658  37.588 -165.135  -7.83  -1.01  0000
   34  -0.067  3468 86252336  404.204  361.168  38.335 -166.112  -7.98  -1.16  0000
   35  -0.033  3783 86252337  407.508  361.781  39.062 -166.940  -8.16  -1.34  0000
   36   0.000  3793 86252338  410.695  362.446  39.788 -167.691  -8.08  -1.26  0000
   37   0.033  3646 86252339  413.353  363.481  40.496 -168.175  -8.00  -1.18  0000
   38   0.067  3732 86252340  417.815  364.258  41.503 -169.193  -8.15  -1.33  0000
   39   0.100  3787 86252341  420.421  364.350  42.028 -169.856  -8.27  -1.45  0000
   40   0.133  2751 86252342  423.877  365.669  42.966 -170.410  -7.38  -0.56  0000
