#
#   version : 20090611
#    num_fr : 12
#      time : 20130929 09:35:01.207 UTC
#      unix : 1380447301.207388
#       ntp : LOCK -1181 904439 831
#       seq : 86125991
#       mul : 0 [A]
#      site : 01
#    latlon : 45.5749 -94.3965 370.0
#      text : Collegeville
#     label : 
#     plate : metal_20100816_20100506-404-gd3
#      geom : 640 480
#    reject : 0
#
#  fr    time   sum     seq       cx       cy      th      phi    lsp    mag  flag
   30  -0.300  3045 86125982  129.626  123.051  61.174   -2.920  -5.61   1.21  0000
   32  -0.234  3243 86125984  129.692  117.812  62.028   -1.844  -7.17  -0.35  0000
   33  -0.200  3886 86125985  130.036  116.838  62.108   -1.596  -7.56  -0.74  0000
   34  -0.167  4573 86125986  130.903  114.142  62.356   -0.928  -7.88  -1.06  0000
   35  -0.133  4630 86125987  130.386  111.694  62.908   -0.528  -7.98  -1.16  0000
   36  -0.100  4363 86125988  131.250  110.317  62.939   -0.126  -8.10  -1.28  0000
   37  -0.067  4994 86125989  131.388  107.715  63.368    0.395  -8.30  -1.48  0000
   38  -0.033  4884 86125990  132.311  106.045  63.446    0.859  -8.32  -1.50  0000
   39   0.000  5454 86125991  132.220  103.471  63.937    1.328  -8.50  -1.68  0000
   40   0.033  5095 86125992  133.781  101.687  63.893    1.911  -8.41  -1.59  0000
   41   0.067  4867 86125993  133.540   99.237  64.408    2.322  -8.25  -1.43  0000
   42   0.100  3611 86125994  134.200   97.827  64.517    2.686  -7.71  -0.89  0000
