#
#   version : 20090611
#    num_fr : 24
#      time : 20130929 04:42:02.464 UTC
#      unix : 1380429722.464730
#       ntp : LOCK 154 1348881 1287
#       seq : 85599166
#       mul : 0 [A]
#      site : 01
#    latlon : 45.5749 -94.3965 370.0
#      text : Collegeville
#     label : 
#     plate : metal_20100816_20100506-404-gd3
#      geom : 640 480
#    reject : 0
#
#  fr    time   sum     seq       cx       cy      th      phi    lsp    mag  flag
   29  -0.667  2333 85599146   95.692  427.089  78.995  -74.786  -6.80   0.02  0000
   30  -0.634  2892 85599147   95.464  427.379  79.112  -74.802  -7.38  -0.56  0000
   31  -0.601  3811 85599148   95.280  427.444  79.173  -74.789  -8.09  -1.27  0000
   32  -0.567  5089 85599149   94.808  428.079  79.422  -74.828  -8.62  -1.80  0000
   33  -0.534  5608 85599150   94.189  428.596  79.685  -74.829  -8.79  -1.97  0000
   34  -0.500  6319 85599151   94.024  428.694  79.748  -74.824  -8.95  -2.13  0000
   35  -0.467  6191 85599152   94.024  428.794  79.768  -74.839  -8.96  -2.14  0000
   36  -0.434  6559 85599153   93.766  428.849  79.846  -74.815  -9.02  -2.20  0000
   37  -0.400  6918 85599154   93.205  429.062  80.034  -74.778  -9.13  -2.31  0000
   38  -0.367  7431 85599155   92.904  429.144  80.129  -74.753  -9.21  -2.39  0000
   39  -0.334  7587 85599156   92.787  429.279  80.187  -74.759  -9.26  -2.44  0000
   40  -0.300  7520 85599157   92.472  429.422  80.297  -74.742  -9.22  -2.40  0000
   41  -0.267  7470 85599158   92.469  429.471  80.308  -74.749  -9.28  -2.46  0000
   42  -0.234  7470 85599159   91.981  429.027  80.346  -74.621  -9.31  -2.49  0000
   43  -0.200  7663 85599160   91.488  429.490  80.568  -74.630  -9.40  -2.58  0000
   44  -0.167  7880 85599161   91.415  429.185  80.526  -74.575  -9.43  -2.61  0000
   45  -0.133  7904 85599162   91.315  429.262  80.568  -74.574  -9.43  -2.61  0000
   46  -0.100  7754 85599163   90.994  429.440  80.687  -74.562  -9.39  -2.57  0000
   47  -0.067  7926 85599164   90.543  429.910  80.899  -74.578  -9.46  -2.64  0000
   48  -0.033  7910 85599165   90.475  430.134  80.962  -74.603  -9.44  -2.62  0000
   49   0.000  8226 85599166   90.095  430.308  81.097  -74.583  -9.43  -2.61  0000
   50   0.033  7876 85599167   89.592  430.605  81.289  -74.567  -9.43  -2.61  0000
   51   0.067  7658 85599168   89.546  430.723  81.324  -74.579  -9.40  -2.58  0000
   52   0.100  7729 85599169   89.252  430.818  81.421  -74.557  -9.32  -2.50  0000
