#
#   version : 20090611
#    num_fr : 16
#      time : 20100812 04:59:36.594 UTC
#      unix : 1281589176.594865
#       ntp : LOCK -434 145885 686
#       seq : 6057116
#       mul : 0 [A]
#      site : 01
#    latlon : 45.5749 -94.3965 370.0
#      text : Collegeville
#     label : 
#     plate : metal 20090611
#      geom : 640 480
#    reject : 0
#
#  fr    time   sum     seq       cx       cy      th      phi    lsp    mag  flag
   30  -0.467  1381 6057102  297.849  303.234  17.595 -111.364  -6.10  -6.10  0000
   31  -0.434  1629 6057103  298.999  306.723  18.421 -112.874  -6.52  -6.52  0000
   32  -0.400  1948 6057104  297.694  310.267  19.385 -112.361  -6.69  -6.69  0000
   33  -0.367  1551 6057105  297.761  314.777  20.529 -113.032  -6.62  -6.62  0000
   34  -0.334  1644 6057106  298.622  318.391  21.414 -114.084  -6.48  -6.48  0000
   35  -0.300  1848 6057107  297.879  321.135  22.148 -113.877  -6.67  -6.67  0000
   36  -0.267  1797 6057108  297.806  325.884  23.369 -114.331  -7.01  -7.01  0000
   37  -0.234  1941 6057109  297.793  329.214  24.225 -114.646  -6.81  -6.81  0000
   38  -0.200  2055 6057110  297.810  333.384  25.299 -115.032  -6.85  -6.85  0000
   39  -0.167  2188 6057111  297.797  338.070  26.509 -115.410  -7.37  -7.37  0000
   40  -0.133  2285 6057112  297.152  342.317  27.632 -115.379  -7.28  -7.28  0000
   41  -0.100  2786 6057113  297.074  346.293  28.665 -115.629  -7.67  -7.67  0000
   42  -0.067  2734 6057114  297.536  350.080  29.634 -116.128  -7.76  -7.76  0000
   43  -0.033  2913 6057115  296.875  354.091  30.700 -116.052  -7.80  -7.80  0000
   44   0.000  3054 6057116  296.838  358.118  31.752 -116.281  -7.99  -7.99  0000
   45   0.033  2639 6057117  297.566  361.977  32.738 -116.845  -7.67  -7.67  0000
