#
#   version : 20090611
#    num_fr : 12
#      time : 20100812 09:28:34.423 UTC
#      unix : 1281605314.423037
#       ntp : LOCK -544 528863 568
#       seq : 6540767
#       mul : 0 [A]
#      site : 01
#    latlon : 45.5749 -94.3965 370.0
#      text : Collegeville
#     label : 
#     plate : metal 20090611
#      geom : 640 480
#    reject : 0
#
#  fr    time   sum     seq       cx       cy      th      phi    lsp    mag  flag
   29  -0.200  1495 6540761  389.062  300.138  26.383 -175.015  -6.62  -6.62  0000
   30  -0.167  1806 6540762  390.239  302.870  27.081 -174.278  -7.14  -7.14  0000
   31  -0.133  2481 6540763  391.811  304.839  27.737 -174.032  -7.70  -7.70  0000
   32  -0.100  3357 6540764  392.724  307.139  28.314 -173.432  -8.29  -8.29  0000
   33  -0.067  4254 6540765  394.235  309.769  29.074 -172.940  -8.65  -8.65  0000
   34  -0.033  4319 6540766  395.534  312.052  29.734 -172.530  -8.51  -8.51  0000
   35   0.000  5364 6540767  396.912  314.782  30.490 -172.002  -8.97  -8.97  0000
   36   0.033  4738 6540768  398.290  316.954  31.151 -171.696  -8.87  -8.87  0000
   37   0.067  5276 6540769  399.767  319.648  31.927 -171.258  -8.94  -8.94  0000
   38   0.100  5053 6540770  401.750  322.689  32.869 -170.891  -8.90  -8.90  0000
   39   0.133  3755 6540771  402.930  325.108  33.541 -170.488  -8.46  -8.46  0000
   40   0.167  2339 6540772  404.156  328.652  34.432 -169.767  -7.53  -7.53  0000
