#
#   version : 20090611
#    num_fr : 18
#      time : 20100812 05:25:04.155 UTC
#      unix : 1281590704.155179
#       ntp : LOCK -396 905885 686
#       seq : 6102897
#       mul : 0 [A]
#      site : 01
#    latlon : 45.5749 -94.3965 370.0
#      text : Collegeville
#     label : 
#     plate : metal 20090611
#      geom : 640 480
#    reject : 0
#
#  fr    time   sum     seq       cx       cy      th      phi    lsp    mag  flag
   30  -0.467  1369 6102883  182.264  192.816  36.345  -14.386  -6.19  -6.19  0000
   31  -0.434  1557 6102884  181.195  195.018  36.445  -15.379  -6.37  -6.37  0000
   32  -0.400  1829 6102885  180.069  196.686  36.611  -16.162  -6.84  -6.84  0000
   33  -0.367  2402 6102886  178.368  199.689  36.841  -17.521  -7.37  -7.37  0000
   34  -0.334  2529 6102887  177.786  201.958  36.841  -18.471  -7.32  -7.32  0000
   35  -0.300  2643 6102888  176.737  204.470  36.963  -19.557  -7.66  -7.66  0000
   36  -0.267  2743 6102889  175.522  206.735  37.156  -20.551  -7.73  -7.73  0000
   37  -0.234  3063 6102890  174.692  209.772  37.217  -21.812  -7.74  -7.74  0000
   38  -0.200  3180 6102891  173.719  212.344  37.357  -22.892  -8.02  -8.02  0000
   39  -0.167  3431 6102892  172.630  214.737  37.549  -23.900  -8.19  -8.19  0000
   40  -0.133  3787 6102893  171.125  217.896  37.839  -25.216  -8.47  -8.47  0000
   41  -0.100  3982 6102894  169.677  220.754  38.143  -26.393  -8.49  -8.49  0000
   42  -0.067  4529 6102895  168.382  223.470  38.425  -27.491  -8.83  -8.83  0000
   43  -0.033  5437 6102896  167.212  226.513  38.681  -28.697  -8.88  -8.88  0000
   44   0.000  5963 6102897  165.899  229.578  38.994  -29.897  -9.24  -9.24  0000
   45   0.033  5571 6102898  164.918  232.425  39.235  -30.993  -8.99  -8.99  0000
   46   0.067  3648 6102899  164.480  235.126  39.341  -32.023  -8.30  -8.30  0000
   47   0.100  1029 6102900  163.000  236.991  39.746  -32.720  -5.83  -5.83  0000
