#
#   version : 20090611
#    num_fr : 12
#      time : 20100812 09:48:20.908 UTC
#      unix : 1281606500.908557
#       ntp : LOCK -506 1124363 568
#       seq : 6576326
#       mul : 0 [A]
#      site : 01
#    latlon : 45.5749 -94.3965 370.0
#      text : Collegeville
#     label : 
#     plate : metal 20090611
#      geom : 640 480
#    reject : 0
#
#  fr    time   sum     seq       cx       cy      th      phi    lsp    mag  flag
   29  -0.334  1692 6576316  306.892   57.141  47.290   55.572  -6.16  -6.16  0000
   30  -0.300  1899 6576317  308.075   55.759  47.666   55.965  -6.47  -6.47  0000
   31  -0.267  2525 6576318  308.821   54.896  47.903   56.210  -7.52  -7.52  0000
   32  -0.234  2998 6576319  308.492   53.809  48.206   56.114  -7.82  -7.82  0000
   33  -0.200  3652 6576320  309.101   52.706  48.511   56.314  -8.13  -8.13  0000
   34  -0.167  4076 6576321  308.571   51.213  48.928   56.159  -8.34  -8.34  0000
   35  -0.133  4569 6576322  308.803   50.030  49.257   56.240  -8.56  -8.56  0000
   36  -0.100  4161 6576323  308.817   48.924  49.566   56.252  -8.55  -8.55  0000
   37  -0.067  3924 6576324  309.091   47.353  50.004   56.347  -8.35  -8.35  0000
   38  -0.033  4763 6576325  309.634   46.244  50.313   56.519  -8.67  -8.67  0000
   39   0.000  5897 6576326  309.843   44.033  50.932   56.594  -8.98  -8.98  0000
   40   0.033  2772 6576327  309.331   43.697  51.027   56.442  -7.62  -7.62  0000
