#
#   version : 20090611
#    num_fr : 14
#      time : 20100812 03:54:20.079 UTC
#      unix : 1281585260.079441
#       ntp : LOCK -685 244985 794
#       seq : 5939738
#       mul : 0 [A]
#      site : 01
#    latlon : 45.5749 -94.3965 370.0
#      text : Collegeville
#     label : 
#     plate : metal 20090611
#      geom : 640 480
#    reject : 0
#
#  fr    time   sum     seq       cx       cy      th      phi    lsp    mag  flag
   29  -0.400  1174 5939726  150.888  404.306  62.447  -78.085  -6.02  -6.02  0000
   31  -0.334  1627 5939728  152.010  408.015  62.974  -78.924  -6.34  -6.34  0000
   32  -0.300  1488 5939729  151.965  410.660  63.530  -79.356  -6.26  -6.26  0000
   33  -0.267  1852 5939730  152.289  413.230  64.000  -79.837  -6.81  -6.81  0000
   34  -0.234  2049 5939731  152.217  415.119  64.411  -80.129  -7.03  -7.03  0000
   35  -0.200  2366 5939732  152.659  417.949  64.923  -80.663  -7.20  -7.20  0000
   36  -0.167  2319 5939733  153.122  419.287  65.117  -80.960  -7.34  -7.34  0000
   37  -0.133  2969 5939734  153.772  422.329  65.645  -81.553  -7.52  -7.52  0000
   38  -0.100  2997 5939735  153.625  423.852  66.003  -81.759  -7.84  -7.84  0000
   39  -0.067  2958 5939736  153.413  426.316  66.582  -82.092  -7.49  -7.49  0000
   40  -0.033  3347 5939737  154.458  428.401  66.839  -82.598  -8.05  -8.05  0000
   41   0.000  4581 5939738  154.656  430.176  67.194  -82.896  -8.60  -8.60  0000
   42   0.033  4322 5939739  155.206  432.302  67.563  -83.308  -8.49  -8.49  0000
   43   0.067  2084 5939740  154.957  433.750  67.935  -83.470  -7.37  -7.37  0000
