#
#   version : 20090611
#    num_fr : 15
#      time : 20100812 05:38:17.648 UTC
#      unix : 1281591497.648349
#       ntp : LOCK -17 297867 658
#       seq : 6126678
#       mul : 0 [A]
#      site : 01
#    latlon : 45.5749 -94.3965 370.0
#      text : Collegeville
#     label : 
#     plate : metal 20090611
#      geom : 640 480
#    reject : 0
#
#  fr    time   sum     seq       cx       cy      th      phi    lsp    mag  flag
   30  -0.400  1372 6126666  398.536  318.537  31.481 -171.228  -6.31  -6.31  0000
   31  -0.367  1863 6126667  399.362  322.626  32.383 -170.128  -6.93  -6.93  0000
   32  -0.334  2068 6126668  400.627  326.154  33.280 -169.409  -7.05  -7.05  0000
   33  -0.300  2181 6126669  401.222  328.887  33.904 -168.753  -7.32  -7.32  0000
   34  -0.267  2612 6126670  401.940  332.888  34.799 -167.785  -7.76  -7.76  0000
   35  -0.234  2885 6126671  402.716  336.306  35.602 -167.049  -7.93  -7.93  0000
   36  -0.200  2715 6126672  402.936  339.886  36.342 -166.125  -7.90  -7.90  0000
   37  -0.167  3065 6126673  404.035  343.384  37.236 -165.536  -7.95  -7.95  0000
   38  -0.133  3031 6126674  404.734  346.876  38.063 -164.853  -7.98  -7.98  0000
   39  -0.100  3265 6126675  404.932  350.550  38.844 -163.999  -8.15  -8.15  0000
   40  -0.067  3390 6126676  406.149  353.977  39.763 -163.549  -8.18  -8.18  0000
   41  -0.033  3402 6126677  406.591  357.703  40.613 -162.818  -8.31  -8.31  0000
   42   0.000  5032 6126678  407.002  361.292  41.438 -162.138  -8.84  -8.84  0000
   43   0.033  4413 6126679  407.621  364.703  42.267 -161.583  -8.54  -8.54  0000
   44   0.067  2387 6126680  408.379  367.610  43.017 -161.195  -7.67  -7.67  0000
