#
#   version : 20090611
#    num_fr : 14
#      time : 20100812 05:18:12.009 UTC
#      unix : 1281590292.009869
#       ntp : LOCK -406 700885 686
#       seq : 6090545
#       mul : 0 [A]
#      site : 01
#    latlon : 45.5749 -94.3965 370.0
#      text : Collegeville
#     label : 
#     plate : metal 20090611
#      geom : 640 480
#    reject : 0
#
#  fr    time   sum     seq       cx       cy      th      phi    lsp    mag  flag
   29  -0.267  1740 6090537  482.932   40.898  71.598   98.032  -6.66  -6.66  0000
   30  -0.234  1961 6090538  482.742   40.908  71.556   98.004  -6.79  -6.79  0000
   31  -0.200  1832 6090539  485.433   40.749  72.156   98.405  -6.48  -6.48  0000
   32  -0.167  2052 6090540  485.361   41.714  71.924   98.534  -7.16  -7.16  0000
   33  -0.133  2783 6090541  485.810   41.637  72.036   98.593  -7.79  -7.79  0000
   34  -0.100  3078 6090542  486.878   42.301  72.113   98.856  -7.74  -7.74  0000
   35  -0.067  2638 6090543  488.657   42.448  72.460   99.152  -7.65  -7.65  0000
   36  -0.033  2834 6090544  489.047   42.948  72.433   99.285  -7.84  -7.84  0000
   37   0.000  4335 6090545  490.224   42.979  72.679   99.470  -8.33  -8.33  0000
   38   0.033  4002 6090546  491.201   43.731  72.724   99.729  -8.33  -8.33  0000
   39   0.067  3092 6090547  492.289   43.727  72.961   99.893  -7.99  -7.99  0000
   40   0.100  3290 6090548  493.612   44.425  73.096  100.195  -7.87  -7.87  0000
   41   0.133  3002 6090549  494.256   44.645  73.189  100.323  -7.83  -7.83  0000
   42   0.167  1414 6090550  494.069   45.826  72.889  100.471  -5.82  -5.82  0000
