#
#   version : 20090611
#    num_fr : 27
#      time : 20101005 02:09:45.676 UTC
#      unix : 1286244585.676692
#       ntp : LOCK -14959 498908 7798
#       seq : 67232866
#       mul : 0 [A]
#      site : 01
#    latlon : 45.5749 -94.3965 370.0
#      text : Collegeville
#     label : 
#     plate : metal 20090611
#      geom : 640 480
#    reject : 0
#
#  fr    time   sum     seq       cx       cy      th      phi    lsp    mag  flag
   30  -0.501  1984 67232851  212.139   55.468  55.147   28.228  -5.44  -5.44  0000
   31  -0.467  1787 67232852  212.469   55.500  55.093   28.303  -5.22  -5.22  0000
   33  -0.400  2235 67232854  214.920   53.643  55.212   29.149  -6.04  -6.04  0000
   34  -0.367  2371 67232855  215.690   52.998  55.268   29.421  -6.45  -6.45  0000
   35  -0.334  2479 67232856  215.913   52.504  55.361   29.542  -6.73  -6.73  0000
   36  -0.300  2613 67232857  216.902   52.401  55.253   29.795  -6.69  -6.69  0000
   37  -0.267  2418 67232858  217.077   51.407  55.480   29.969  -6.56  -6.56  0000
   38  -0.234  2098 67232859  217.031   50.784  55.643   30.039  -6.46  -6.46  0000
   39  -0.200  2612 67232860  218.062   49.827  55.748   30.413  -6.88  -6.88  0000
   40  -0.167  2532 67232861  218.370   49.837  55.704   30.486  -6.89  -6.89  0000
   41  -0.133  2896 67232862  219.154   49.307  55.736   30.744  -7.22  -7.22  0000
   42  -0.100  2708 67232863  219.012   48.394  55.986   30.826  -7.14  -7.14  0000
   43  -0.067  2929 67232864  219.763   47.045  56.232   31.176  -7.05  -7.05  0000
   44  -0.033  3054 67232865  221.886   47.103  55.947   31.687  -7.17  -7.17  0000
   45   0.000  3140 67232866  220.642   46.508  56.257   31.456  -7.30  -7.30  0000
   46   0.033  2804 67232867  221.475   45.725  56.352   31.755  -7.09  -7.09  0000
   47   0.067  2854 67232868  222.577   45.712  56.217   32.025  -7.06  -7.06  0000
   48   0.100  2849 67232869  223.387   44.811  56.348   32.331  -7.21  -7.21  0000
   49   0.133  2388 67232870  223.438   44.778  56.350   32.347  -6.77  -6.77  0000
   50   0.167  2563 67232871  224.516   43.883  56.449   32.717  -6.84  -6.84  0000
   51   0.200  2466 67232872  224.712   43.760  56.457   32.779  -6.75  -6.75  0000
   52   0.234  2540 67232873  225.487   42.767  56.621   33.084  -6.94  -6.94  0000
   53   0.267  2227 67232874  225.383   42.254  56.767   33.117  -6.73  -6.73  0000
   54   0.300  2392 67232875  225.763   41.367  56.952   33.312  -6.90  -6.90  0000
   55   0.334  2292 67232876  226.608   40.790  57.002   33.583  -6.51  -6.51  0000
   56   0.367  2240 67232877  227.291   40.324  57.044   33.803  -6.50  -6.50  0000
   58   0.434  1977 67232879  228.171   39.220  57.230   34.140  -6.04  -6.04  0000
