#
#   version : 20090611
#    num_fr : 17
#      time : 20130627 08:24:25.148 UTC
#      unix : 1372321465.148914
#       ntp : LOCK -1493 530509 1071
#       seq : 12055349
#       mul : 0 [A]
#      site : 01
#    latlon : 45.5749 -94.3965 370.0
#      text : Collegeville
#     label : 
#     plate : metal_20100816_20100506-404-gd3
#      geom : 640 480
#    reject : 0
#
#  fr    time   sum     seq       cx       cy      th      phi    lsp    mag  flag
   30  -0.300  3144 12055340  545.258  259.276  64.624  146.792  -6.48   0.34  0000
   31  -0.267  3442 12055341  545.348  258.861  64.646  146.691  -6.75   0.07  0000
   32  -0.234  3684 12055342  545.578  258.950  64.717  146.712  -7.00  -0.18  0000
   33  -0.200  3919 12055343  546.999  258.354  65.139  146.561  -7.34  -0.52  0000
   34  -0.167  3778 12055344  547.124  257.858  65.172  146.442  -7.49  -0.67  0000
   35  -0.133  3973 12055345  547.207  257.671  65.195  146.397  -7.93  -1.11  0000
   36  -0.100  4334 12055346  547.473  257.551  65.274  146.367  -8.22  -1.40  0000
   37  -0.067  4625 12055347  548.012  256.816  65.431  146.190  -8.07  -1.25  0000
   38  -0.033  4045 12055348  548.596  255.758  65.599  145.936  -7.83  -1.01  0000
   39   0.000  6624 12055349  547.825  255.246  65.362  145.815  -9.15  -2.33  0000
   40   0.033  6227 12055350  547.841  254.957  65.365  145.746  -9.00  -2.18  0000
   41   0.067  4987 12055351  549.482  254.643  65.860  145.670  -8.24  -1.42  0000
   42   0.100  4327 12055352  547.924  253.886  65.384  145.490  -7.64  -0.82  0000
   43   0.133  6603 12055353  548.627  253.824  65.597  145.476  -9.05  -2.23  0000
   44   0.167  4786 12055354  550.231  253.336  66.080  145.360  -8.12  -1.30  0000
   45   0.200  3024 12055355  550.904  252.535  66.282  145.172  -7.16  -0.34  0000
   46   0.234  3308 12055356  550.806  252.183  66.251  145.088  -6.47   0.35  0000
