#
#   version : 20090611
#    num_fr : 16
#      time : 20130627 08:44:25.850 UTC
#      unix : 1372322665.850261
#       ntp : LOCK -1429 605698 1002
#       seq : 12091334
#       mul : 0 [A]
#      site : 01
#    latlon : 45.5749 -94.3965 370.0
#      text : Collegeville
#     label : 
#     plate : metal_20100816_20100506-404-gd3
#      geom : 640 480
#    reject : 0
#
#  fr    time   sum     seq       cx       cy      th      phi    lsp    mag  flag
   29  -0.434  3146 12091321  146.908  224.117  45.597  -27.998  -6.68   0.14  0000
   30  -0.400  3348 12091322  149.689  225.026  44.772  -28.146  -6.76   0.06  0000
   31  -0.367  4425 12091323  151.548  227.029  44.167  -28.719  -6.89  -0.07  0000
   32  -0.334  3037 12091324  151.222  227.871  44.227  -29.021  -7.38  -0.56  0000
   33  -0.300  3678 12091325  154.754  228.923  43.190  -29.204  -7.69  -0.87  0000
   34  -0.267  4751 12091326  156.422  230.805  42.655  -29.779  -7.85  -1.03  0000
   35  -0.234  5335 12091327  156.341  231.871  42.644  -30.157  -7.88  -1.06  0000
   36  -0.200  4567 12091328  158.082  232.905  42.121  -30.447  -8.08  -1.26  0000
   37  -0.167  5311 12091329  160.721  234.301  41.336  -30.837  -8.03  -1.21  0000
   38  -0.133  5932 12091330  161.453  235.962  41.087  -31.413  -8.28  -1.46  0000
   39  -0.100  5126 12091331  163.570  237.382  40.456  -31.859  -8.44  -1.62  0000
   40  -0.067  5033 12091332  165.332  239.030  39.925  -32.416  -8.33  -1.51  0000
   41  -0.033  5458 12091333  167.178  240.164  39.384  -32.789  -8.13  -1.31  0000
   42   0.000  5932 12091334  169.914  242.721  38.574  -33.702  -8.13  -1.31  0000
   43   0.033  3091 12091335  172.081  243.990  37.949  -34.153  -7.55  -0.73  0000
   44   0.067  3158 12091336  173.945  246.052  37.407  -34.943  -6.77   0.05  0000
