#
#   version : 20090611
#    num_fr : 19
#      time : 20140913 05:28:22.205 UTC
#      unix : 1410586102.205068
#       ntp : LOCK -1919 506327 2738
#       seq : 66117989
#       mul : 0 [A]
#      site : 01
#    latlon : 45.5749 -94.3965 370.0
#      text : Collegeville
#     label : 
#     plate : metal_20100816_20100506-404-gd3
#      geom : 640 480
#    reject : 0
#
#  fr    time   sum     seq       cx       cy      th      phi    lsp    mag  flag
   29  -0.400  2760 66117977  228.623  373.211  39.575  -91.262  -6.10   0.72  0000
   30  -0.367  2917 66117978  227.410  373.980  39.944  -91.041  -6.81   0.01  0000
   31  -0.334  3990 66117979  225.677  376.885  40.878  -91.113  -7.32  -0.50  0000
   32  -0.300  3615 66117980  225.560  379.155  41.409  -91.545  -7.50  -0.68  0000
   33  -0.267  4270 66117981  224.180  380.304  41.892  -91.357  -7.89  -1.07  0000
   34  -0.234  4712 66117982  222.895  382.256  42.543  -91.362  -7.99  -1.17  0000
   35  -0.200  4600 66117983  221.697  384.741  43.301  -91.498  -8.23  -1.41  0000
   36  -0.167  4633 66117984  220.649  386.915  43.966  -91.612  -8.26  -1.44  0000
   37  -0.133  6220 66117985  219.342  389.005  44.655  -91.633  -8.83  -2.01  0000
   38  -0.100  7376 66117986  217.751  391.644  45.518  -91.676  -9.36  -2.54  0000
   39  -0.067  8289 66117987  217.327  393.083  45.917  -91.822  -9.34  -2.52  0000
   40  -0.033  8554 66117988  216.468  394.621  46.411  -91.863  -9.46  -2.64  0000
   41   0.000  8622 66117989  214.473  397.674  47.440  -91.863  -9.56  -2.74  0000
   42   0.033  7508 66117990  213.924  399.003  47.837  -91.949  -9.11  -2.29  0000
   43   0.067  7771 66117991  212.647  400.839  48.470  -91.928  -9.25  -2.43  0000
   44   0.100  6878 66117992  211.448  402.198  48.981  -91.845  -9.07  -2.25  0000
   45   0.133  5796 66117993  210.212  404.650  49.754  -91.940  -8.67  -1.85  0000
   46   0.167  5063 66117994  208.902  406.632  50.431  -91.935  -8.38  -1.56  0000
   47   0.200  8046 66117995  208.202  408.489  50.980  -92.064  -9.34  -2.52  0000
