#
#   version : 20090611
#    num_fr : 26
#      time : 20140606 05:19:51.793 UTC
#      unix : 1402031991.793959
#       ntp : LOCK 1007 310359 863
#       seq : 190718082
#       mul : 0 [A]
#      site : 01
#    latlon : 45.5749 -94.3965 370.0
#      text : Collegeville
#     label : 
#     plate : metal_20100816_20100506-404-gd3
#      geom : 640 480
#    reject : 0
#
#  fr    time   sum     seq       cx       cy      th      phi    lsp    mag  flag
   29  -0.467  1875 190718068  457.996  155.330  46.893  111.829  -5.56   1.26  0000
   30  -0.434  1753 190718069  458.091  155.037  46.959  111.765  -5.44   1.38  0000
   31  -0.400  1944 190718070  459.036  154.008  47.338  111.653  -5.93   0.89  0000
   32  -0.367  1732 190718071  459.640  153.907  47.498  111.733  -5.85   0.97  0000
   34  -0.300  2290 190718073  460.601  151.371  48.107  111.220  -6.48   0.34  0000
   35  -0.267  2292 190718074  460.782  149.955  48.365  110.875  -6.55   0.27  0000
   36  -0.234  2327 190718075  460.901  149.086  48.526  110.667  -6.70   0.12  0000
   37  -0.200  2178 190718076  462.043  148.259  48.924  110.654  -6.61   0.21  0000
   38  -0.167  2495 190718077  462.312  147.836  49.053  110.591  -6.87  -0.05  0000
   39  -0.133  2492 190718078  462.852  146.710  49.355  110.395  -6.71   0.11  0000
   40  -0.100  2502 190718079  463.732  145.647  49.728  110.277  -6.56   0.26  0000
   41  -0.067  2565 190718080  463.821  144.409  49.942  109.977  -6.82  -0.00  0000
   42  -0.033  2305 190718081  464.425  143.784  50.183  109.925  -6.87  -0.05  0000
   43   0.000  2631 190718082  465.343  143.048  50.516  109.901  -6.92  -0.10  0000
   44   0.033  2506 190718083  465.416  142.013  50.697  109.655  -6.91  -0.09  0000
   45   0.067  2464 190718084  465.829  141.140  50.932  109.510  -6.75   0.07  0000
   46   0.100  2248 190718085  465.756  140.451  51.025  109.326  -6.43   0.39  0000
   47   0.133  2364 190718086  465.782  139.230  51.226  109.029  -6.63   0.19  0000
   49   0.200  2456 190718088  467.971  137.377  52.040  108.964  -6.86  -0.04  0000
   50   0.234  2629 190718089  467.927  136.869  52.112  108.833  -6.62   0.20  0000
   51   0.267  2303 190718090  468.654  135.756  52.464  108.693  -6.41   0.41  0000
   52   0.300  2404 190718091  469.278  135.557  52.643  108.755  -6.59   0.23  0000
   53   0.334  2551 190718092  467.571  133.891  52.516  108.058  -6.53   0.29  0000
   55   0.400  2098 190718094  470.763  131.929  53.586  108.157  -6.39   0.43  0000
   56   0.434  2332 190718095  470.959  131.151  53.761  108.010  -6.18   0.64  0000
   59   0.534  1918 190718098  472.038  129.580  54.276  107.834  -6.16   0.66  0000
