#
#   version : 20090611
#    num_fr : 18
#      time : 20130302 05:52:05.456 UTC
#      unix : 1362203525.456761
#       ntp : LOCK -27 310244 205
#       seq : 91377329
#       mul : 0 [A]
#      site : 01
#    latlon : 45.5749 -94.3965 370.0
#      text : Collegeville
#     label : 
#     plate : metal_20100816_20100506-404-gd3
#      geom : 640 480
#    reject : 0
#
#  fr    time   sum     seq       cx       cy      th      phi    lsp    mag  flag
   29  -0.300  2018 91377320  421.337  253.551  29.312  145.980  -5.82   1.00  0000
   30  -0.267  2312 91377321  425.099  253.000  30.334  145.659  -6.31   0.51  0000
   31  -0.234  2203 91377322  427.916  253.125  31.104  145.691  -6.34   0.48  0000
   32  -0.200  2190 91377323  430.806  253.367  31.897  145.776  -6.21   0.61  0000
   33  -0.167  2474 91377324  431.859  252.357  32.180  145.295  -6.77   0.05  0000
   34  -0.133  3820 91377325  434.903  252.392  33.015  145.292  -7.95  -1.13  0000
   35  -0.100  3772 91377326  437.700  252.078  33.782  145.137  -8.17  -1.35  0000
   36  -0.067  3692 91377327  440.465  251.955  34.542  145.071  -8.08  -1.26  0000
   37  -0.033  3848 91377328  444.286  251.412  35.594  144.828  -7.87  -1.05  0000
   38   0.000  4196 91377329  445.509  251.570  35.932  144.892  -8.28  -1.46  0000
   39   0.033  4127 91377330  447.979  251.561  36.615  144.884  -8.20  -1.38  0000
   40   0.067  3859 91377331  450.691  251.565  37.366  144.880  -8.14  -1.32  0000
   41   0.100  3648 91377332  454.395  251.059  38.392  144.675  -7.98  -1.16  0000
   42   0.133  3488 91377333  456.260  250.417  38.910  144.426  -7.68  -0.86  0000
   43   0.167  3280 91377334  458.406  250.860  39.507  144.600  -7.56  -0.74  0000
   44   0.200  2959 91377335  461.205  251.013  40.288  144.659  -7.22  -0.40  0000
   45   0.234  2766 91377336  462.833  250.262  40.741  144.381  -6.90  -0.08  0000
   46   0.267  1899 91377337  466.091  250.368  41.652  144.427  -5.71   1.11  0000
