#
#   version : 20090611
#    num_fr : 34
#      time : 20131026 04:12:28.091 UTC
#      unix : 1382760748.091495
#       ntp : LOCK -831 447951 774
#       seq : 155458449
#       mul : 0 [A]
#      site : 01
#    latlon : 45.5749 -94.3965 370.0
#      text : Collegeville
#     label : 
#     plate : metal_20100816_20100506-404-gd3
#      geom : 640 480
#    reject : 0
#
#  fr    time   sum     seq       cx       cy      th      phi    lsp    mag  flag
   30  -0.500  1557 155458434  291.416  215.893  10.341   22.236  -5.86   0.96  0000
   31  -0.467  1764 155458435  291.247  215.107  10.539   22.601  -6.27   0.55  0000
   32  -0.434  2036 155458436  291.846  214.326  10.632   23.900  -6.49   0.33  0000
   33  -0.400  2079 155458437  291.795  213.907  10.733   24.124  -6.71   0.11  0000
   34  -0.367  2411 155458438  290.709  212.652  11.161   23.650  -6.81   0.01  0000
   35  -0.334  2201 155458439  291.101  211.727  11.319   24.714  -7.00  -0.18  0000
   36  -0.300  2369 155458440  291.172  211.043  11.466   25.224  -7.08  -0.26  0000
   37  -0.267  2229 155458441  291.148  209.845  11.743   25.915  -6.93  -0.11  0000
   38  -0.234  2192 155458442  290.893  209.272  11.907   25.956  -6.77   0.05  0000
   39  -0.200  2560 155458443  290.346  207.580  12.366   26.298  -6.99  -0.17  0000
   40  -0.167  2248 155458444  289.935  207.186  12.508   26.065  -6.75   0.07  0000
   41  -0.133  2335 155458445  290.356  206.850  12.534   26.705  -6.98  -0.16  0000
   42  -0.100  2400 155458446  290.594  205.807  12.748   27.507  -6.96  -0.14  0000
   43  -0.067  2605 155458447  290.414  204.241  13.136   28.096  -7.09  -0.27  0000
   44  -0.033  2853 155458448  290.238  203.641  13.297   28.200  -7.41  -0.59  0000
   45   0.000  3234 155458449  289.235  202.315  13.726   27.803  -7.67  -0.85  0000
   46   0.033  3175 155458450  289.406  202.008  13.778   28.118  -7.62  -0.80  0000
   47   0.067  3225 155458451  289.419  201.233  13.959   28.485  -7.53  -0.71  0000
   48   0.100  3116 155458452  288.508  199.760  14.412   28.251  -7.47  -0.65  0000
   49   0.133  3101 155458453  288.615  199.329  14.501   28.541  -7.45  -0.63  0000
   50   0.167  3041 155458454  288.362  198.648  14.691   28.593  -7.43  -0.61  0000
   51   0.200  2848 155458455  288.266  197.436  14.989   29.010  -7.29  -0.47  0000
   52   0.234  3048 155458456  288.147  196.939  15.120   29.102  -7.37  -0.55  0000
   53   0.267  3033 155458457  288.734  196.005  15.278   30.013  -7.37  -0.55  0000
   54   0.300  2602 155458458  287.882  194.474  15.737   29.829  -7.07  -0.25  0000
   55   0.334  3026 155458459  287.288  194.384  15.824   29.335  -7.24  -0.42  0000
   56   0.367  2889 155458460  287.425  193.791  15.950   29.682  -7.25  -0.43  0000
   57   0.400  2409 155458461  287.775  192.561  16.207   30.440  -6.90  -0.08  0000
   58   0.434  2436 155458462  287.394  192.009  16.380   30.307  -6.95  -0.13  0000
   59   0.467  2678 155458463  287.068  191.341  16.576   30.266  -7.17  -0.35  0000
   60   0.500  2833 155458464  287.323  189.330  17.033   31.168  -6.95  -0.13  0000
   61   0.534  2800 155458465  286.869  188.904  17.184   30.934  -6.95  -0.13  0000
   62   0.567  2465 155458466  287.236  187.939  17.379   31.549  -6.66   0.16  0000
   64   0.634  2432 155458468  286.675  187.683  17.499   31.173  -6.75   0.07  0000
