#
#   version : 20090611
#    num_fr : 12
#      time : 20131026 07:22:33.559 UTC
#      unix : 1382772153.559603
#       ntp : LOCK 235 511588 535
#       seq : 155800264
#       mul : 0 [A]
#      site : 01
#    latlon : 45.5749 -94.3965 370.0
#      text : Collegeville
#     label : 
#     plate : metal_20100816_20100506-404-gd3
#      geom : 640 480
#    reject : 0
#
#  fr    time   sum     seq       cx       cy      th      phi    lsp    mag  flag
   29  -0.167  1659 155800259  339.828  122.530  34.218   66.383  -5.31   1.51  0000
   30  -0.133  1730 155800260  341.000  121.268  34.620   66.771  -5.99   0.83  0000
   31  -0.100  1852 155800261  341.090  118.900  35.247   66.573  -5.91   0.91  0000
   32  -0.067  2221 155800262  342.962  117.236  35.801   67.203  -6.62   0.20  0000
   33  -0.033  2141 155800263  344.645  115.233  36.436   67.701  -6.29   0.53  0000
   34   0.000  2307 155800264  344.087  115.417  36.351   67.489  -6.38   0.44  0000
   35   0.033  1989 155800265  344.913  113.062  37.023   67.589  -6.17   0.65  0000
   36   0.067  1877 155800266  345.856  111.217  37.570   67.784  -6.24   0.58  0000
   39   0.167  2024 155800269  346.440  105.031  39.238   67.408  -6.03   0.79  0000
   40   0.200  1804 155800270  347.094  103.705  39.631   67.533  -6.11   0.71  0000
   44   0.334  2055 155800274  351.104   97.437  41.562   68.428  -6.40   0.42  0000
   45   0.367  1982 155800275  350.658   95.488  42.047   68.083  -6.04   0.78  0000
