#
#   version : 20090611
#    num_fr : 34
#      time : 20131026 00:58:38.581 UTC
#      unix : 1382749118.581379
#       ntp : LOCK 801 770537 880
#       seq : 155109919
#       mul : 0 [A]
#      site : 01
#    latlon : 45.5749 -94.3965 370.0
#      text : Collegeville
#     label : 
#     plate : metal_20100816_20100506-404-gd3
#      geom : 640 480
#    reject : 0
#
#  fr    time   sum     seq       cx       cy      th      phi    lsp    mag  flag
   29  -0.601  2963 155109901  218.545  103.011  46.591   20.084  -6.12   0.70  0000
   30  -0.567  3133 155109902  218.552  102.785  46.643   20.125  -6.35   0.47  0000
   31  -0.534  3483 155109903  220.692  101.983  46.497   20.876  -6.57   0.25  0000
   32  -0.500  3632 155109904  221.391  100.843  46.658   21.271  -7.17  -0.35  0000
   33  -0.467  4236 155109905  219.515   99.889  47.170   20.897  -7.41  -0.59  0000
   34  -0.434  4200 155109906  220.226   99.239  47.214   21.208  -7.27  -0.45  0000
   35  -0.400  4055 155109907  220.353   98.787  47.301   21.320  -7.48  -0.66  0000
   36  -0.367  4490 155109908  221.088   97.967  47.384   21.665  -7.71  -0.89  0000
   37  -0.334  4817 155109909  221.062   97.747  47.440   21.694  -7.69  -0.87  0000
   38  -0.300  4177 155109910  221.149   96.493  47.725   21.923  -7.87  -1.05  0000
   39  -0.267  4320 155109911  221.212   95.870  47.864   22.042  -8.02  -1.20  0000
   40  -0.234  5121 155109912  221.164   95.077  48.060   22.156  -7.98  -1.16  0000
   41  -0.200  5172 155109913  221.580   94.739  48.079   22.327  -8.08  -1.26  0000
   42  -0.167  5114 155109914  222.364   93.893  48.166   22.683  -8.07  -1.25  0000
   43  -0.133  5779 155109915  222.769   92.986  48.325   22.940  -8.22  -1.40  0000
   44  -0.100  4322 155109916  222.896   92.361  48.458   23.073  -8.24  -1.42  0000
   45  -0.067  5970 155109917  223.707   91.951  48.439   23.366  -8.27  -1.45  0000
   46  -0.033  5330 155109918  223.611   91.569  48.546   23.397  -8.40  -1.58  0000
   47   0.000  6022 155109919  223.885   90.110  48.861   23.695  -8.26  -1.44  0000
   48   0.033  5068 155109920  223.976   89.819  48.918   23.765  -8.40  -1.58  0000
   49   0.067  5739 155109921  224.780   89.039  48.994   24.108  -8.25  -1.43  0000
   50   0.100  5333 155109922  224.635   88.719  49.093   24.114  -8.26  -1.44  0000
   51   0.133  4068 155109923  225.103   87.783  49.257   24.383  -8.18  -1.36  0000
   52   0.167  5802 155109924  224.524   86.415  49.673   24.419  -8.14  -1.32  0000
   53   0.200  5979 155109925  224.434   86.222  49.733   24.422  -8.09  -1.27  0000
   54   0.234  5204 155109926  224.431   86.016  49.784   24.451  -7.87  -1.05  0000
   55   0.267  5605 155109927  225.260   85.152  49.882   24.806  -7.77  -0.95  0000
   56   0.300  5070 155109928  225.315   84.870  49.944   24.862  -7.38  -0.56  0000
   57   0.334  4918 155109929  225.186   83.339  50.340   25.041  -7.28  -0.46  0000
   58   0.367  3973 155109930  226.591   83.632  50.075   25.393  -7.39  -0.57  0000
   59   0.400  3988 155109931  226.239   82.189  50.481   25.493  -6.97  -0.15  0000
   60   0.434  4363 155109932  226.439   82.048  50.489   25.568  -7.12  -0.30  0000
   61   0.467  3215 155109933  226.715   81.226  50.657   25.757  -7.20  -0.38  0000
   63   0.534  3337 155109935  227.401   80.260  50.806   26.078  -6.88  -0.06  0000
