#
#   version : 20090611
#    num_fr : 13
#      time : 20131026 10:36:25.242 UTC
#      unix : 1382783785.242402
#       ntp : LOCK -339 190565 356
#       seq : 156148857
#       mul : 0 [A]
#      site : 01
#    latlon : 45.5749 -94.3965 370.0
#      text : Collegeville
#     label : 
#     plate : metal_20100816_20100506-404-gd3
#      geom : 640 480
#    reject : 0
#
#  fr    time   sum     seq       cx       cy      th      phi    lsp    mag  flag
   30  -0.234  1944 156148850  316.696   51.858  52.814   54.795  -6.31   0.51  0000
   31  -0.200  2768 156148851  318.218   49.609  53.461   55.222  -7.12  -0.30  0000
   32  -0.167  2862 156148852  318.042   48.144  53.874   55.151  -7.51  -0.69  0000
   33  -0.133  3797 156148853  319.410   45.643  54.595   55.518  -8.09  -1.27  0000
   34  -0.100  4412 156148854  321.003   43.283  55.283   55.942  -8.37  -1.55  0000
   35  -0.067  4547 156148855  321.413   41.064  55.919   56.023  -8.44  -1.62  0000
   36  -0.033  4672 156148856  322.614   38.093  56.783   56.311  -8.67  -1.85  0000
   37   0.000  5311 156148857  323.927   36.898  57.144   56.655  -8.61  -1.79  0000
   38   0.033  4434 156148858  324.480   34.681  57.787   56.765  -8.42  -1.60  0000
   39   0.067  3528 156148859  325.492   31.945  58.590   56.987  -7.96  -1.14  0000
   40   0.100  3636 156148860  327.276   29.959  59.194   57.427  -7.71  -0.89  0000
   41   0.133  3352 156148861  326.916   27.771  59.817   57.282  -7.69  -0.87  0000
   42   0.167  2560 156148862  328.345   25.975  60.365   57.621  -7.04  -0.22  0000
