#
#   version : 20090611
#    num_fr : 23
#      time : 20130905 03:13:16.156 UTC
#      unix : 1378350796.156285
#       ntp : LOCK 65 780327 1008
#       seq : 23295203
#       mul : 0 [A]
#      site : 01
#    latlon : 45.5749 -94.3965 370.0
#      text : Collegeville
#     label : 
#     plate : metal_20100816_20100506-404-gd3
#      geom : 640 480
#    reject : 0
#
#  fr    time   sum     seq       cx       cy      th      phi    lsp    mag  flag
   29  -0.501  2301 23295188  206.093  218.852  29.626  -20.529  -6.41   0.41  0000
   30  -0.467  2403 23295189  206.859  219.153  29.401  -20.563  -6.33   0.49  0000
   31  -0.434  2252 23295190  207.181  218.150  29.390  -20.026  -6.29   0.53  0000
   32  -0.400  2505 23295191  208.053  216.739  29.270  -19.202  -6.65   0.17  0000
   33  -0.367  2653 23295192  208.152  217.099  29.215  -19.362  -6.73   0.09  0000
   35  -0.300  3229 23295194  211.060  216.473  28.502  -18.576  -7.33  -0.51  0000
   36  -0.267  3339 23295195  211.108  215.819  28.543  -18.243  -7.59  -0.77  0000
   37  -0.234  3783 23295196  212.140  215.309  28.317  -17.809  -7.93  -1.11  0000
   38  -0.200  5128 23295197  212.218  215.106  28.314  -17.693  -8.34  -1.52  0000
   39  -0.167  5263 23295198  213.323  214.141  28.111  -17.010  -8.54  -1.72  0000
   40  -0.133  5428 23295199  214.732  214.479  27.716  -16.916  -8.53  -1.71  0000
   41  -0.100  5473 23295200  215.086  213.768  27.688  -16.488  -8.61  -1.79  0000
   42  -0.067  5779 23295201  215.640  213.417  27.578  -16.202  -8.59  -1.77  0000
   43  -0.033  7471 23295202  216.405  212.947  27.424  -15.811  -9.13  -2.31  0000
   44   0.000  8248 23295203  217.342  212.379  27.238  -15.330  -9.36  -2.54  0000
   45   0.033  6731 23295204  218.141  211.734  27.097  -14.832  -8.98  -2.16  0000
   46   0.067  7501 23295205  218.781  211.369  26.969  -14.508  -9.32  -2.50  0000
   47   0.100  6722 23295206  220.231  210.524  26.687  -13.752  -9.00  -2.18  0000
   48   0.133  5739 23295207  220.675  210.251  26.603  -13.511  -8.85  -2.03  0000
   49   0.167  5183 23295208  221.112  209.894  26.530  -13.226  -8.55  -1.73  0000
   50   0.200  4916 23295209  223.393  209.748  25.972  -12.608  -8.36  -1.54  0000
   51   0.234  4885 23295210  224.116  209.120  25.860  -12.101  -8.48  -1.66  0000
   52   0.267  3464 23295211  225.495  208.089  25.632  -11.209  -7.65  -0.83  0000
