#
#   version : 20090611
#    num_fr : 13
#      time : 20101117 09:23:58.507 UTC
#      unix : 1289985838.507053
#       ntp : LOCK 1492 348169 2777
#       seq : 9004516
#       mul : 0 [A]
#      site : 01
#    latlon : 45.5749 -94.3965 370.0
#      text : Collegeville
#     label : 
#     plate : metal_20100816_20100506-404-gd3
#      geom : 640 480
#    reject : 0
#
#  fr    time   sum     seq       cx       cy      th      phi    lsp    mag  flag
   29  -0.167  2111 9004511  313.268   10.952  64.590   53.537  -6.67  -6.67  0000
   30  -0.133  3187 9004512  315.115    9.052  65.153   53.983  -7.69  -7.69  0000
   31  -0.100  4360 9004513  317.926    8.548  65.315   54.674  -8.38  -8.38  0000
   32  -0.067  4581 9004514  319.945    7.199  65.729   55.156  -8.47  -8.47  0000
   33  -0.033  4288 9004515  322.488    6.168  66.061   55.764  -8.62  -8.62  0000
   34   0.000  5467 9004516  325.024    5.684  66.239   56.375  -8.78  -8.78  0000
   35   0.033  4533 9004517  326.419    5.071  66.443   56.703  -8.59  -8.59  0000
   36   0.067  4369 9004518  328.881    3.938  66.825   57.276  -8.50  -8.50  0000
   37   0.100  3766 9004519  331.205    3.543  66.993   57.827  -8.26  -8.26  0000
   38   0.133  4114 9004520  333.836    2.340  67.415   58.429  -8.56  -8.56  0000
   39   0.167  3347 9004521  336.001    1.905  67.604   58.934  -8.28  -8.28  0000
   40   0.200  3304 9004522  339.107    1.226  67.901   59.652  -8.45  -8.45  0000
   41   0.234  2871 9004523  340.645    0.762  68.091   60.002  -8.19  -8.19  0000
