#
#   version : 20090611
#    num_fr : 14
#      time : 20121008 09:50:18.676 UTC
#      unix : 1349689818.676722
#       ntp : LOCK 315 1015561 515
#       seq : 114825505
#       mul : 0 [A]
#      site : 01
#    latlon : 45.5749 -94.3965 370.0
#      text : Collegeville
#     label : 
#     plate : metal_20100816_20100506-404-gd3
#      geom : 640 480
#    reject : 0
#
#  fr    time   sum     seq       cx       cy      th      phi    lsp    mag  flag
   29  -0.400  2830 114825493  120.918  354.084  60.060  -64.318  -5.92   0.90  0000
   32  -0.300  3294 114825496  117.053  350.958  60.678  -63.158  -6.13   0.69  0000
   33  -0.267  3775 114825497  116.901  350.812  60.700  -63.107  -6.70   0.12  0000
   34  -0.234  3401 114825498  115.219  349.138  60.937  -62.539  -6.23   0.59  0000
   35  -0.200  3025 114825499  114.993  348.898  60.968  -62.459  -6.74   0.08  0000
   36  -0.167  2838 114825500  113.890  348.141  61.172  -62.166  -7.05  -0.23  0000
   37  -0.133  3911 114825501  113.463  347.688  61.231  -62.018  -7.21  -0.39  0000
   38  -0.100  3263 114825502  111.806  346.552  61.542  -61.582  -7.27  -0.45  0000
   39  -0.067  4127 114825503  110.385  345.208  61.767  -61.129  -7.14  -0.32  0000
   40  -0.033  4132 114825504  110.145  345.114  61.821  -61.082  -7.25  -0.43  0000
   41   0.000  4205 114825505  110.532  344.059  61.585  -60.884  -7.49  -0.67  0000
   42   0.033  3150 114825506  108.082  343.169  62.157  -60.432  -7.61  -0.79  0000
   43   0.067  4095 114825507  107.278  342.181  62.263  -60.128  -7.03  -0.21  0000
   44   0.100  3540 114825508  107.009  342.009  62.318  -60.062  -6.55   0.27  0000
