#
#   version : 20090611
#    num_fr : 13
#      time : 20110204 05:30:20.775 UTC
#      unix : 1296797420.775653
#       ntp : DRIFT 0 16000000 516
#       seq : 57901789
#       mul : 0 [A]
#      site : 01
#    latlon : 45.5749 -94.3965 370.0
#      text : Collegeville
#     label : 
#     plate : metal_20100816_20100506-404-gd3
#      geom : 640 480
#    reject : 0
#
#  fr    time   sum     seq       cx       cy      th      phi    lsp    mag  flag
   29  -0.234  1262 57901782  376.354  418.581  47.986 -146.975  -5.79  -5.79  0000
   30  -0.200  1453 57901783  375.521  420.067  48.288 -146.550  -5.96  -5.96  0000
   31  -0.167  1498 57901784  375.425  421.743  48.715 -146.328  -6.06  -6.06  0000
   32  -0.133  1517 57901785  375.694  424.570  49.483 -146.087  -6.03  -6.03  0000
   33  -0.100  1654 57901786  376.042  424.950  49.618 -146.147  -6.19  -6.19  0000
   34  -0.067  1825 57901787  375.814  427.329  50.221 -145.818  -6.67  -6.67  0000
   35  -0.033  2322 57901788  374.705  429.130  50.588 -145.305  -7.28  -7.28  0000
   36   0.000  3775 57901789  374.350  430.606  50.945 -145.048  -8.23  -8.23  0000
   37   0.033  3169 57901790  374.707  432.373  51.449 -144.967  -7.91  -7.91  0000
   38   0.067  2690 57901791  374.603  434.199  51.925 -144.752  -7.56  -7.56  0000
   39   0.100  2043 57901792  373.499  436.102  52.331 -144.253  -6.75  -6.75  0000
   40   0.133  1787 57901793  373.011  437.284  52.603 -144.001  -6.30  -6.30  0000
   41   0.167  1653 57901794  372.301  439.266  53.072 -143.616  -6.07  -6.07  0000
