#
#   version : 20090611
#    num_fr : 12
#      time : 20130807 09:14:49.844 UTC
#      unix : 1375866889.844773
#       ntp : LOCK 840 439610 582
#       seq : 53666797
#       mul : 0 [A]
#      site : 01
#    latlon : 45.5749 -94.3965 370.0
#      text : Collegeville
#     label : 
#     plate : metal_20100816_20100506-404-gd3
#      geom : 640 480
#    reject : 0
#
#  fr    time   sum     seq       cx       cy      th      phi    lsp    mag  flag
   29  -0.334  1580 53666787  402.454  422.423  52.113 -153.786  -6.02   0.80  0000
   30  -0.300  2256 53666788  401.703  424.312  52.482 -153.323  -6.94  -0.12  0000
   31  -0.267  2642 53666789  404.273  426.578  53.398 -153.671  -7.28  -0.46  0000
   32  -0.234  2642 53666790  404.485  428.526  53.915 -153.456  -7.64  -0.82  0000
   33  -0.200  3009 53666791  405.338  430.736  54.587 -153.370  -7.97  -1.15  0000
   34  -0.167  3467 53666792  405.739  432.867  55.178 -153.184  -8.01  -1.19  0000
   35  -0.133  3557 53666793  406.824  435.108  55.893 -153.156  -8.18  -1.36  0000
   36  -0.100  4029 53666794  407.153  436.926  56.398 -152.999  -8.41  -1.59  0000
   37  -0.067  3900 53666795  407.973  439.116  57.067 -152.915  -8.41  -1.59  0000
   38  -0.033  3702 53666796  408.890  440.770  57.614 -152.924  -8.34  -1.52  0000
   39   0.000  4589 53666797  409.954  443.054  58.342 -152.889  -8.52  -1.70  0000
   40   0.033  3011 53666798  410.980  444.667  58.896 -152.928  -7.91  -1.09  0000
