#
#   version : 20090611
#    num_fr : 16
#      time : 20130807 08:52:42.182 UTC
#      unix : 1375865562.182020
#       ntp : LOCK 898 781388 615
#       seq : 53627007
#       mul : 0 [A]
#      site : 01
#    latlon : 45.5749 -94.3965 370.0
#      text : Collegeville
#     label : 
#     plate : metal_20100816_20100506-404-gd3
#      geom : 640 480
#    reject : 0
#
#  fr    time   sum     seq       cx       cy      th      phi    lsp    mag  flag
   29  -0.367  2225 53626996   84.836  251.427  63.381  -37.154  -6.31   0.51  0000
   30  -0.334  2144 53626997   85.111  250.636  63.295  -36.962  -6.49   0.33  0000
   31  -0.300  2359 53626998   83.637  249.045  63.745  -36.582  -6.62   0.20  0000
   32  -0.267  2452 53626999   83.823  247.681  63.691  -36.252  -6.92  -0.10  0000
   33  -0.234  2686 53627000   82.199  246.625  64.192  -36.009  -6.63   0.19  0000
   34  -0.200  3030 53627001   81.769  244.930  64.332  -35.607  -7.25  -0.43  0000
   35  -0.167  2496 53627002   81.759  244.036  64.341  -35.393  -6.93  -0.11  0000
   36  -0.133  3169 53627003   80.778  241.924  64.659  -34.901  -7.16  -0.34  0000
   37  -0.100  2901 53627004   80.590  241.074  64.726  -34.701  -7.15  -0.33  0000
   38  -0.067  2960 53627005   78.700  238.952  65.332  -34.226  -7.25  -0.43  0000
   39  -0.033  3216 53627006   78.718  237.664  65.345  -33.922  -7.41  -0.59  0000
   40   0.000  3489 53627007   77.645  236.426  65.695  -33.650  -7.53  -0.71  0000
   41   0.033  2921 53627008   77.188  235.648  65.849  -33.476  -7.47  -0.65  0000
   42   0.067  2958 53627009   76.976  233.807  65.948  -33.051  -7.17  -0.35  0000
   43   0.100  2174 53627010   76.040  231.953  66.275  -32.639  -6.53   0.29  0000
   44   0.133  2364 53627011   75.941  231.486  66.316  -32.533  -5.98   0.84  0000
