#
#   version : 20090611
#    num_fr : 22
#      time : 20130807 02:55:29.193 UTC
#      unix : 1375844129.193819
#       ntp : LOCK 0 820652 775
#       seq : 52984671
#       mul : 0 [A]
#      site : 01
#    latlon : 45.5749 -94.3965 370.0
#      text : Collegeville
#     label : 
#     plate : metal_20100816_20100506-404-gd3
#      geom : 640 480
#    reject : 0
#
#  fr    time   sum     seq       cx       cy      th      phi    lsp    mag  flag
   29  -0.434  2587 52984658  214.738  119.204  43.562   15.895  -5.85   0.97  0000
   30  -0.400  2811 52984659  214.183  120.208  43.439   15.525  -6.58   0.24  0000
   31  -0.367  2884 52984660  212.425  123.608  43.016   14.292  -6.54   0.28  0000
   32  -0.334  2953 52984661  211.226  126.482  42.623   13.313  -6.80   0.02  0000
   33  -0.300  3104 52984662  210.198  128.524  42.384   12.557  -6.99  -0.17  0000
   34  -0.267  3316 52984663  208.670  130.429  42.276   11.685  -7.50  -0.68  0000
   35  -0.234  3403 52984664  208.161  132.792  41.890   10.982  -7.62  -0.80  0000
   36  -0.200  3658 52984665  206.507  134.943  41.776   10.002  -7.70  -0.88  0000
   37  -0.167  3892 52984666  205.263  138.352  41.347    8.810  -7.76  -0.94  0000
   38  -0.133  3914 52984667  203.661  140.467  41.258    7.836  -7.86  -1.04  0000
   39  -0.100  4306 52984668  202.259  142.266  41.200    6.993  -8.00  -1.18  0000
   40  -0.067  4394 52984669  201.455  145.127  40.829    6.020  -8.00  -1.18  0000
   41  -0.033  4942 52984670  200.991  148.323  40.339    5.026  -8.25  -1.43  0000
   42   0.000  5543 52984671  198.875  150.569  40.386    3.854  -8.53  -1.71  0000
   43   0.033  5401 52984672  197.597  152.803  40.269    2.897  -8.67  -1.85  0000
   44   0.067  4754 52984673  195.881  156.353  40.037    1.442  -8.37  -1.55  0000
   45   0.100  5271 52984674  194.797  158.720  39.884    0.478  -8.56  -1.74  0000
   46   0.133  4660 52984675  193.902  161.972  39.558   -0.719  -8.24  -1.42  0000
   47   0.167  4729 52984676  192.008  165.832  39.389   -2.354  -8.32  -1.50  0000
   48   0.200  4087 52984677  190.984  167.884  39.316   -3.232  -7.96  -1.14  0000
   49   0.234  3502 52984678  190.160  170.625  39.105   -4.292  -7.41  -0.59  0000
   50   0.267  3525 52984679  187.357  174.264  39.260   -6.070  -7.51  -0.69  0000
