#
#   version : 20090611
#    num_fr : 42
#      time : 20121214 09:26:55.092 UTC
#      unix : 1355477215.092125
#       ntp : LOCK -4162 193258 2221
#       seq : 2098376
#       mul : 0 [A]
#      site : 01
#    latlon : 45.5749 -94.3965 370.0
#      text : Collegeville
#     label : 
#     plate : metal_20100816_20100506-404-gd3
#      geom : 640 480
#    reject : 0
#
#  fr    time   sum     seq       cx       cy      th      phi    lsp    mag  flag
   29  -0.534  2475 2098360  156.462  440.695  67.909  -86.057  -6.78   0.04  0000
   30  -0.501  2949 2098361  154.607  440.660  68.276  -85.722  -7.14  -0.32  0000
   31  -0.467  3014 2098362  153.586  441.190  68.606  -85.619  -7.41  -0.59  0000
   32  -0.434  3336 2098363  153.379  441.923  68.817  -85.688  -7.60  -0.78  0000
   33  -0.400  3462 2098364  152.140  442.301  69.157  -85.526  -7.71  -0.89  0000
   34  -0.367  3217 2098365  152.110  443.108  69.350  -85.636  -7.81  -0.99  0000
   35  -0.334  3254 2098366  151.929  443.347  69.443  -85.639  -7.64  -0.82  0000
   36  -0.300  3016 2098367  150.946  444.039  69.804  -85.567  -7.63  -0.81  0000
   37  -0.267  3625 2098368  150.399  444.441  70.010  -85.529  -7.69  -0.87  0000
   38  -0.234  3952 2098369  148.619  445.230  70.560  -85.336  -7.95  -1.13  0000
   39  -0.200  4152 2098370  148.153  445.440  70.705  -85.286  -8.15  -1.33  0000
   40  -0.167  3691 2098371  147.464  446.079  70.996  -85.260  -8.10  -1.28  0000
   41  -0.133  3801 2098372  146.715  446.737  71.304  -85.226  -8.16  -1.34  0000
   42  -0.100  3950 2098373  146.715  447.022  71.370  -85.266  -8.14  -1.32  0000
   43  -0.067  3976 2098374  145.686  447.863  71.781  -85.210  -7.99  -1.17  0000
   44  -0.033  4265 2098375  145.160  448.075  71.940  -85.152  -8.22  -1.40  0000
   45   0.000  5750 2098376  143.065  448.570  72.494  -84.873  -8.80  -1.98  0000
   46   0.033  5082 2098377  142.140  449.391  72.880  -84.834  -8.60  -1.78  0000
   47   0.067  5026 2098378  141.568  449.591  73.048  -84.768  -8.63  -1.81  0000
   48   0.100  4699 2098379  140.564  450.290  73.423  -84.701  -8.53  -1.71  0000
   49   0.133  4937 2098380  140.622  450.545  73.471  -84.746  -8.43  -1.61  0000
   50   0.167  5249 2098381  139.156  451.322  73.964  -84.615  -8.56  -1.74  0000
   51   0.200  5128 2098382  138.613  451.683  74.164  -84.577  -8.51  -1.69  0000
   52   0.234  4667 2098383  137.500  452.363  74.561  -84.492  -8.46  -1.64  0000
   53   0.267  4260 2098384  137.085  452.521  74.687  -84.447  -8.30  -1.48  0000
   54   0.300  4426 2098385  136.154  453.175  75.040  -84.388  -8.39  -1.57  0000
   55   0.334  5185 2098386  135.814  453.465  75.181  -84.373  -8.60  -1.78  0000
   56   0.367  4891 2098387  135.284  454.255  75.481  -84.397  -8.47  -1.65  0000
   57   0.400  5261 2098388  134.839  454.455  75.624  -84.354  -8.66  -1.84  0000
   58   0.434  5519 2098389  132.754  455.033  76.212  -84.105  -8.76  -1.94  0000
   59   0.467  5018 2098390  131.623  455.741  76.625  -84.024  -8.59  -1.77  0000
   60   0.501  5292 2098391  131.293  455.881  76.730  -83.992  -8.67  -1.85  0000
   61   0.534  5112 2098392  130.473  456.483  77.051  -83.947  -8.61  -1.79  0000
   62   0.567  5246 2098393  129.911  456.801  77.249  -83.903  -8.53  -1.71  0000
   63   0.601  4733 2098394  128.964  457.469  77.615  -83.847  -8.45  -1.63  0000
   64   0.634  5141 2098395  128.252  457.599  77.803  -83.756  -8.39  -1.57  0000
   65   0.667  4280 2098396  127.237  458.188  78.166  -83.680  -8.35  -1.53  0000
   66   0.701  4259 2098397  126.892  458.544  78.327  -83.676  -8.24  -1.42  0000
   67   0.734  3881 2098398  126.485  459.019  78.529  -83.677  -8.11  -1.29  0000
   68   0.767  3869 2098399  126.475  459.353  78.610  -83.720  -8.04  -1.22  0000
   69   0.801  3611 2098400  125.293  459.786  78.976  -83.600  -7.62  -0.80  0000
   70   0.834  2633 2098401  125.123  460.028  79.071  -83.606  -7.14  -0.32  0000
