#
#   version : 20090611
#    num_fr : 20
#      time : 20121214 08:24:14.156 UTC
#      unix : 1355473454.156001
#       ntp : LOCK -1845 365128 2427
#       seq : 1985661
#       mul : 0 [A]
#      site : 01
#    latlon : 45.5749 -94.3965 370.0
#      text : Collegeville
#     label : 
#     plate : metal_20100816_20100506-404-gd3
#      geom : 640 480
#    reject : 0
#
#  fr    time   sum     seq       cx       cy      th      phi    lsp    mag  flag
   30  -0.300  1829 1985652  220.657  140.093  38.061   12.867  -5.22   1.60  0000
   31  -0.267  2171 1985653  221.391  138.946  38.166   13.388  -5.83   0.99  0000
   32  -0.234  2733 1985654  220.450  137.542  38.628   13.443  -6.86  -0.04  0000
   33  -0.200  3241 1985655  219.629  135.161  39.275   13.772  -7.62  -0.80  0000
   34  -0.167  4116 1985656  218.645  133.614  39.777   13.841  -8.02  -1.20  0000
   35  -0.133  4717 1985657  218.076  132.497  40.115   13.933  -8.40  -1.58  0000
   36  -0.100  4741 1985658  217.578  131.129  40.493   14.104  -8.39  -1.57  0000
   37  -0.067  5199 1985659  217.032  129.256  40.988   14.373  -8.46  -1.64  0000
   38  -0.033  6198 1985660  217.072  127.587  41.338   14.764  -8.81  -1.99  0000
   39   0.000  7327 1985661  216.299  125.623  41.896   14.973  -9.15  -2.33  0000
   40   0.033  6844 1985662  215.902  124.139  42.286   15.182  -9.04  -2.22  0000
   41   0.067  6490 1985663  215.465  121.894  42.849   15.538  -8.88  -2.06  0000
   42   0.100  7168 1985664  214.901  121.374  43.060   15.485  -9.07  -2.25  0000
   43   0.133  6572 1985665  214.436  119.106  43.636   15.828  -8.82  -2.00  0000
   44   0.167  6781 1985666  213.907  117.311  44.121   16.047  -8.89  -2.07  0000
   45   0.200  6270 1985667  213.883  115.838  44.449   16.340  -8.82  -2.00  0000
   46   0.234  5807 1985668  213.823  114.071  44.851   16.677  -8.64  -1.82  0000
   47   0.267  4922 1985669  213.476  113.193  45.105   16.753  -8.21  -1.39  0000
   48   0.300  4757 1985670  212.270  111.285  45.735   16.788  -8.10  -1.28  0000
   49   0.334  3779 1985671  212.102  108.982  46.279   17.184  -7.43  -0.61  0000
