#
#   version : 20090611
#    num_fr : 15
#      time : 20121214 10:26:27.680 UTC
#      unix : 1355480787.680554
#       ntp : LOCK -2681 425121 1833
#       seq : 2205445
#       mul : 0 [A]
#      site : 01
#    latlon : 45.5749 -94.3965 370.0
#      text : Collegeville
#     label : 
#     plate : metal_20100816_20100506-404-gd3
#      geom : 640 480
#    reject : 0
#
#  fr    time   sum     seq       cx       cy      th      phi    lsp    mag  flag
   29  -0.267  2317 2205437  340.688  440.324  51.253 -134.380  -7.06  -0.24  0000
   30  -0.234  2959 2205438  340.213  441.344  51.517 -134.188  -7.51  -0.69  0000
   31  -0.200  3355 2205439  339.790  442.375  51.788 -134.013  -7.83  -1.01  0000
   32  -0.167  3624 2205440  339.279  443.036  51.952 -133.830  -7.93  -1.11  0000
   33  -0.133  4276 2205441  340.250  443.993  52.260 -134.072  -8.28  -1.46  0000
   34  -0.100  4438 2205442  339.323  445.020  52.510 -133.753  -8.43  -1.61  0000
   35  -0.067  5241 2205443  339.331  445.593  52.671 -133.729  -8.76  -1.94  0000
   36  -0.033  5098 2205444  339.590  446.616  52.968 -133.758  -8.76  -1.94  0000
   37   0.000  5306 2205445  338.704  447.091  53.067 -133.480  -8.85  -2.03  0000
   38   0.033  4827 2205446  338.834  448.665  53.515 -133.449  -8.63  -1.81  0000
   39   0.067  4644 2205447  338.747  449.631  53.784 -133.382  -8.56  -1.74  0000
   40   0.100  4477 2205448  338.281  450.358  53.971 -133.219  -8.52  -1.70  0000
   41   0.133  3664 2205449  338.071  451.126  54.180 -133.127  -8.18  -1.36  0000
   42   0.167  3346 2205450  337.679  452.149  54.455 -132.973  -7.89  -1.07  0000
   43   0.200  2607 2205451  337.345  452.770  54.618 -132.854  -7.21  -0.39  0000
