#
#   version : 20090611
#    num_fr : 26
#      time : 20121214 10:50:50.215 UTC
#      unix : 1355482250.215051
#       ntp : LOCK -1959 161251 1761
#       seq : 2249276
#       mul : 0 [A]
#      site : 01
#    latlon : 45.5749 -94.3965 370.0
#      text : Collegeville
#     label : 
#     plate : metal_20100816_20100506-404-gd3
#      geom : 640 480
#    reject : 0
#
#  fr    time   sum     seq       cx       cy      th      phi    lsp    mag  flag
   30  -0.434  1764 2249263  375.374  414.805  46.906 -147.135  -5.72   1.10  0000
   31  -0.400  1865 2249264  375.076  415.475  47.048 -146.962  -5.96   0.86  0000
   32  -0.367  2028 2249265  374.534  416.024  47.135 -146.730  -6.18   0.64  0000
   33  -0.334  2050 2249266  373.702  417.310  47.385 -146.324  -6.08   0.74  0000
   35  -0.267  2479 2249268  374.666  418.858  47.886 -146.435  -6.70   0.12  0000
   36  -0.234  2968 2249269  374.778  419.115  47.964 -146.438  -7.46  -0.64  0000
   37  -0.200  3551 2249270  374.250  419.909  48.118 -146.188  -7.95  -1.13  0000
   38  -0.167  3687 2249271  374.275  420.573  48.294 -146.119  -8.08  -1.26  0000
   39  -0.133  3667 2249272  374.809  421.599  48.616 -146.161  -8.04  -1.22  0000
   40  -0.100  3553 2249273  374.287  422.324  48.754 -145.924  -7.97  -1.15  0000
   41  -0.067  3623 2249274  373.908  423.219  48.951 -145.712  -8.04  -1.22  0000
   42  -0.033  4093 2249275  373.677  423.750  49.068 -145.585  -8.18  -1.36  0000
   43   0.000  4299 2249276  373.323  424.713  49.287 -145.375  -8.27  -1.45  0000
   44   0.033  4198 2249277  374.546  425.489  49.611 -145.650  -8.30  -1.48  0000
   45   0.067  4041 2249278  374.291  426.346  49.812 -145.482  -8.17  -1.35  0000
   46   0.100  3876 2249279  374.202  426.851  49.936 -145.402  -8.19  -1.37  0000
   47   0.133  3718 2249280  374.164  428.407  50.344 -145.224  -8.10  -1.28  0000
   48   0.167  3376 2249281  373.661  429.163  50.496 -145.000  -7.91  -1.09  0000
   49   0.200  3834 2249282  373.148  430.180  50.718 -144.746  -7.89  -1.07  0000
   50   0.234  3997 2249283  373.287  430.610  50.845 -144.742  -8.04  -1.22  0000
   51   0.267  2997 2249284  373.833  431.926  51.247 -144.764  -7.34  -0.52  0000
   52   0.300  3010 2249285  373.695  432.414  51.363 -144.675  -7.37  -0.55  0000
   53   0.334  2831 2249286  373.698  433.826  51.740 -144.534  -7.08  -0.26  0000
   54   0.367  2526 2249287  373.116  434.734  51.929 -144.279  -6.99  -0.17  0000
   55   0.400  2460 2249288  373.165  435.188  52.055 -144.248  -6.67   0.15  0000
   56   0.434  2228 2249289  372.468  436.538  52.353 -143.921  -6.23   0.59  0000
