#
#   version : 20090611
#    num_fr : 29
#      time : 20121214 06:51:32.635 UTC
#      unix : 1355467892.635552
#       ntp : LOCK 800 651891 609
#       seq : 1818983
#       mul : 0 [A]
#      site : 01
#    latlon : 45.5749 -94.3965 370.0
#      text : Collegeville
#     label : 
#     plate : metal_20100816_20100506-404-gd3
#      geom : 640 480
#    reject : 0
#
#  fr    time   sum     seq       cx       cy      th      phi    lsp    mag  flag
   30  -0.567  2393 1818966  273.535  411.231  43.905 -112.077  -6.65   0.17  0000
   31  -0.534  2980 1818967  275.041  412.960  44.269 -112.723  -7.56  -0.74  0000
   32  -0.500  3260 1818968  274.760  414.142  44.606 -112.715  -7.77  -0.95  0000
   33  -0.467  3749 1818969  276.003  415.179  44.806 -113.209  -7.99  -1.17  0000
   34  -0.434  3965 1818970  276.497  416.882  45.236 -113.493  -8.24  -1.42  0000
   35  -0.400  4575 1818971  277.699  418.357  45.563 -113.991  -8.46  -1.64  0000
   36  -0.367  4422 1818972  277.953  419.667  45.905 -114.159  -8.59  -1.77  0000
   37  -0.334  3987 1818973  278.137  420.881  46.225 -114.296  -8.30  -1.48  0000
   38  -0.300  4746 1818974  279.522  422.583  46.611 -114.851  -8.52  -1.70  0000
   39  -0.267  4964 1818975  280.006  423.909  46.947 -115.085  -8.66  -1.84  0000
   40  -0.234  4986 1818976  280.595  424.771  47.151 -115.324  -8.61  -1.79  0000
   41  -0.200  4169 1818977  281.188  426.572  47.615 -115.612  -8.35  -1.53  0000
   42  -0.167  5160 1818978  281.642  428.353  48.082 -115.849  -8.66  -1.84  0000
   43  -0.133  5136 1818979  283.049  429.815  48.416 -116.367  -8.73  -1.91  0000
   44  -0.100  4756 1818980  283.577  431.123  48.752 -116.595  -8.61  -1.79  0000
   45  -0.067  4457 1818981  284.436  432.804  49.178 -116.939  -8.43  -1.61  0000
   46  -0.033  5127 1818982  285.088  434.159  49.525 -117.200  -8.71  -1.89  0000
   47   0.000  5375 1818983  286.057  435.865  49.958 -117.569  -8.69  -1.87  0000
   48   0.033  4749 1818984  286.775  437.044  50.257 -117.836  -8.52  -1.70  0000
   49   0.067  4118 1818985  287.683  438.886  50.735 -118.180  -8.36  -1.54  0000
   50   0.100  3765 1818986  288.227  440.728  51.229 -118.409  -8.19  -1.37  0000
   51   0.133  4014 1818987  289.399  442.008  51.545 -118.804  -8.14  -1.32  0000
   52   0.167  4045 1818988  290.124  443.191  51.852 -119.057  -8.10  -1.28  0000
   53   0.200  3423 1818989  291.528  445.161  52.359 -119.531  -7.89  -1.07  0000
   54   0.234  3320 1818990  291.583  446.598  52.763 -119.586  -7.73  -0.91  0000
   55   0.267  3035 1818991  292.381  448.251  53.204 -119.863  -7.42  -0.60  0000
   56   0.300  2796 1818992  294.040  450.153  53.695 -120.390  -7.30  -0.48  0000
   57   0.334  2362 1818993  294.929  451.084  53.934 -120.667  -6.67   0.15  0000
   58   0.367  2081 1818994  294.810  452.300  54.283 -120.658  -6.38   0.44  0000
