#
#   version : 20090611
#    num_fr : 27
#      time : 20121214 09:52:54.959 UTC
#      unix : 1355478774.959055
#       ntp : LOCK -3202 465079 2086
#       seq : 2145124
#       mul : 0 [A]
#      site : 01
#    latlon : 45.5749 -94.3965 370.0
#      text : Collegeville
#     label : 
#     plate : metal_20100816_20100506-404-gd3
#      geom : 640 480
#    reject : 0
#
#  fr    time   sum     seq       cx       cy      th      phi    lsp    mag  flag
   29  -0.534  1876 2145108  267.038  387.144  38.074 -107.334  -6.36   0.46  0000
   30  -0.501  2475 2145109  267.123  386.893  38.001 -107.336  -6.73   0.09  0000
   31  -0.467  2237 2145110  266.059  388.111  38.412 -107.080  -6.91  -0.09  0000
   32  -0.434  2398 2145111  265.446  389.146  38.736 -106.976  -7.14  -0.32  0000
   33  -0.400  2758 2145112  265.020  389.525  38.873 -106.862  -7.38  -0.56  0000
   34  -0.367  3408 2145113  264.369  390.323  39.139 -106.717  -8.13  -1.31  0000
   35  -0.334  4377 2145114  264.039  390.821  39.298 -106.656  -8.46  -1.64  0000
   36  -0.300  4756 2145115  262.581  391.558  39.626 -106.211  -8.63  -1.81  0000
   37  -0.267  5171 2145116  261.802  392.501  39.944 -106.044  -8.78  -1.96  0000
   38  -0.234  4858 2145117  261.017  393.059  40.163 -105.830  -8.69  -1.87  0000
   39  -0.200  5755 2145118  260.312  394.138  40.510 -105.712  -8.96  -2.14  0000
   40  -0.167  5119 2145119  259.173  395.021  40.850 -105.418  -8.65  -1.83  0000
   41  -0.133  5112 2145120  258.497  395.641  41.077 -105.258  -8.88  -2.06  0000
   42  -0.100  4983 2145121  257.856  396.313  41.314 -105.118  -8.75  -1.93  0000
   43  -0.067  4958 2145122  257.414  397.075  41.554 -105.061  -8.86  -2.04  0000
   44  -0.033  5704 2145123  256.180  397.733  41.850 -104.717  -8.93  -2.11  0000
   45   0.000  5904 2145124  255.230  398.749  42.209 -104.521  -9.07  -2.25  0000
   46   0.033  5553 2145125  254.144  399.511  42.518 -104.250  -8.91  -2.09  0000
   47   0.067  5657 2145126  253.254  400.516  42.870 -104.079  -8.87  -2.05  0000
   48   0.100  4928 2145127  252.032  401.631  43.286 -103.815  -8.66  -1.84  0000
   49   0.133  4583 2145128  251.171  402.095  43.498 -103.591  -8.57  -1.75  0000
   50   0.167  4096 2145129  250.927  402.760  43.694 -103.596  -8.45  -1.63  0000
   51   0.200  5026 2145130  249.436  403.676  44.092 -103.228  -8.68  -1.86  0000
   52   0.234  5160 2145131  249.279  405.122  44.479 -103.363  -8.73  -1.91  0000
   53   0.267  5030 2145132  247.166  405.526  44.819 -102.740  -8.69  -1.87  0000
   54   0.300  3560 2145133  246.603  406.399  45.105 -102.675  -7.91  -1.09  0000
   55   0.334  2018 2145134  246.151  406.164  45.097 -102.502  -6.39   0.43  0000
