#
#   version : 20090611
#    num_fr : 12
#      time : 20121214 09:43:22.050 UTC
#      unix : 1355478202.050302
#       ntp : LOCK -3690 175079 2086
#       seq : 2127954
#       mul : 0 [A]
#      site : 01
#    latlon : 45.5749 -94.3965 370.0
#      text : Collegeville
#     label : 
#     plate : metal_20100816_20100506-404-gd3
#      geom : 640 480
#    reject : 0
#
#  fr    time   sum     seq       cx       cy      th      phi    lsp    mag  flag
   29  -0.200  1508 2127948  252.374  358.893  32.737  -96.715  -5.89   0.93  0000
   30  -0.167  1849 2127949  251.387  358.959  32.888  -96.328  -6.26   0.56  0000
   31  -0.133  2533 2127950  250.248  359.578  33.191  -96.007  -7.01  -0.19  0000
   32  -0.100  2553 2127951  248.518  360.609  33.674  -95.550  -7.23  -0.41  0000
   33  -0.067  2856 2127952  248.345  360.701  33.720  -95.503  -7.70  -0.88  0000
   34  -0.033  3137 2127953  247.120  360.724  33.901  -95.030  -7.70  -0.88  0000
   35   0.000  3243 2127954  245.925  361.261  34.197  -94.689  -7.65  -0.83  0000
   36   0.033  2868 2127955  244.547  362.151  34.604  -94.365  -7.55  -0.73  0000
   37   0.067  2654 2127956  243.947  362.532  34.780  -94.225  -7.33  -0.51  0000
   38   0.100  2347 2127957  243.797  362.548  34.805  -94.172  -7.12  -0.30  0000
   39   0.133  2057 2127958  243.072  363.042  35.026  -94.012  -6.49   0.33  0000
   40   0.167  1708 2127959  242.050  364.131  35.428  -93.878  -6.05   0.77  0000
