#
#   version : 20090611
#    num_fr : 16
#      time : 20121214 06:53:48.571 UTC
#      unix : 1355468028.571141
#       ntp : LOCK 773 721891 609
#       seq : 1823057
#       mul : 0 [A]
#      site : 01
#    latlon : 45.5749 -94.3965 370.0
#      text : Collegeville
#     label : 
#     plate : metal_20100816_20100506-404-gd3
#      geom : 640 480
#    reject : 0
#
#  fr    time   sum     seq       cx       cy      th      phi    lsp    mag  flag
   30  -0.300  2236 1823048  379.172  106.035  42.062   79.389  -5.83   0.99  0000
   31  -0.267  2453 1823049  380.940  104.006  42.777   79.655  -5.94   0.88  0000
   32  -0.234  2545 1823050  381.276  103.149  43.029   79.630  -6.05   0.77  0000
   33  -0.200  2699 1823051  384.618  102.339  43.644   80.583  -6.70   0.12  0000
   34  -0.167  3120 1823052  384.244  101.449  43.815   80.322  -7.12  -0.30  0000
   35  -0.133  3315 1823053  387.483  100.588  44.439   81.209  -7.31  -0.49  0000
   36  -0.100  3251 1823054  388.953   99.724  44.842   81.527  -7.42  -0.60  0000
   37  -0.067  4299 1823055  389.975   98.706  45.224   81.678  -8.07  -1.25  0000
   38  -0.033  4692 1823056  390.798   97.782  45.558   81.782  -8.30  -1.48  0000
   39   0.000  6155 1823057  392.526   96.711  46.049   82.132  -8.77  -1.95  0000
   40   0.033  4999 1823058  394.437   95.746  46.542   82.547  -8.49  -1.67  0000
   41   0.067  5937 1823059  395.184   95.222  46.771   82.683  -8.78  -1.96  0000
   42   0.100  5148 1823060  397.199   93.833  47.384   83.048  -8.41  -1.59  0000
   43   0.133  4406 1823061  399.324   93.280  47.815   83.570  -8.13  -1.31  0000
   44   0.167  3621 1823062  400.833   91.828  48.379   83.764  -7.58  -0.76  0000
   45   0.200  3276 1823063  401.302   91.440  48.539   83.834  -7.00  -0.18  0000
