#
#   version : 20090611
#    num_fr : 18
#      time : 20121214 09:47:44.146 UTC
#      unix : 1355478464.146868
#       ntp : LOCK -3463 305079 2086
#       seq : 2135809
#       mul : 0 [A]
#      site : 01
#    latlon : 45.5749 -94.3965 370.0
#      text : Collegeville
#     label : 
#     plate : metal_20100816_20100506-404-gd3
#      geom : 640 480
#    reject : 0
#
#  fr    time   sum     seq       cx       cy      th      phi    lsp    mag  flag
   30  -0.300  2161 2135800  347.052  414.040  44.367 -138.044  -6.05   0.77  0000
   31  -0.267  2680 2135801  347.796  414.824  44.623 -138.235  -7.30  -0.48  0000
   32  -0.234  3120 2135802  347.754  415.178  44.716 -138.193  -7.78  -0.96  0000
   33  -0.200  3617 2135803  347.185  416.321  44.991 -137.915  -7.98  -1.16  0000
   34  -0.167  3919 2135804  347.012  417.006  45.166 -137.806  -8.21  -1.39  0000
   35  -0.133  4467 2135805  347.483  417.774  45.402 -137.905  -8.56  -1.74  0000
   36  -0.100  4387 2135806  348.059  419.112  45.799 -137.996  -8.49  -1.67  0000
   37  -0.067  4795 2135807  348.080  419.901  46.014 -137.944  -8.69  -1.87  0000
   38  -0.033  4445 2135808  347.872  420.701  46.219 -137.817  -8.49  -1.67  0000
   39   0.000  5301 2135809  347.866  421.391  46.405 -137.765  -8.79  -1.97  0000
   40   0.033  5108 2135810  348.231  422.551  46.743 -137.799  -8.71  -1.89  0000
   41   0.067  4877 2135811  348.345  423.174  46.919 -137.791  -8.71  -1.89  0000
   42   0.100  4161 2135812  348.746  424.739  47.369 -137.807  -8.31  -1.49  0000
   43   0.133  4330 2135813  348.758  425.358  47.538 -137.767  -8.47  -1.65  0000
   44   0.167  3840 2135814  348.674  426.542  47.856 -137.656  -8.24  -1.42  0000
   45   0.200  4382 2135815  349.107  427.266  48.079 -137.742  -8.23  -1.41  0000
   46   0.234  3791 2135816  350.111  428.771  48.550 -137.950  -8.13  -1.31  0000
   47   0.267  2639 2135817  349.562  429.721  48.777 -137.713  -7.00  -0.18  0000
