#
#   version : 20090611
#    num_fr : 15
#      time : 20121214 09:42:26.327 UTC
#      unix : 1355478146.327670
#       ntp : LOCK -3735 150079 2086
#       seq : 2126284
#       mul : 0 [A]
#      site : 01
#    latlon : 45.5749 -94.3965 370.0
#      text : Collegeville
#     label : 
#     plate : metal_20100816_20100506-404-gd3
#      geom : 640 480
#    reject : 0
#
#  fr    time   sum     seq       cx       cy      th      phi    lsp    mag  flag
   30  -0.300  3146 2126275  419.875   80.787  53.878   87.010  -6.93  -0.11  0000
   31  -0.267  4080 2126276  418.973   79.008  54.158   86.509  -7.55  -0.73  0000
   32  -0.234  4692 2126277  420.784   77.843  54.719   86.771  -7.98  -1.16  0000
   33  -0.200  5428 2126278  421.170   76.588  55.079   86.670  -8.57  -1.75  0000
   34  -0.167  5439 2126279  420.222   75.235  55.254   86.234  -8.62  -1.80  0000
   35  -0.133  5617 2126280  421.098   73.315  55.851   86.155  -8.62  -1.80  0000
   36  -0.100  6710 2126281  421.341   71.860  56.239   85.996  -9.04  -2.22  0000
   37  -0.067  6864 2126282  421.402   70.907  56.478   85.870  -9.05  -2.23  0000
   38  -0.033  7077 2126283  422.906   68.699  57.246   85.902  -9.08  -2.26  0000
   39   0.000  8402 2126284  422.770   67.018  57.633   85.626  -9.36  -2.54  0000
   40   0.033  6462 2126285  423.045   66.013  57.920   85.547  -9.23  -2.41  0000
   41   0.067  6533 2126286  423.533   64.036  58.478   85.380  -8.85  -2.03  0000
   42   0.100  5302 2126287  423.100   63.265  58.600   85.171  -8.47  -1.65  0000
   43   0.133  4075 2126288  424.509   61.482  59.253   85.247  -8.07  -1.25  0000
   44   0.167  3949 2126289  424.363   59.903  59.620   84.996  -7.18  -0.36  0000
