#
#   version : 20090611
#    num_fr : 14
#      time : 20121214 07:58:40.123 UTC
#      unix : 1355471920.123880
#       ntp : LOCK 3324 600133 1087
#       seq : 1939686
#       mul : 0 [A]
#      site : 01
#    latlon : 45.5749 -94.3965 370.0
#      text : Collegeville
#     label : 
#     plate : metal_20100816_20100506-404-gd3
#      geom : 640 480
#    reject : 0
#
#  fr    time   sum     seq       cx       cy      th      phi    lsp    mag  flag
   30  -0.300  2682 1939677  417.287   71.827  55.626   85.013  -6.41   0.41  0000
   31  -0.267  2814 1939678  418.044   70.868  55.974   85.057  -6.18   0.64  0000
   32  -0.234  2561 1939679  420.094   68.878  56.769   85.262  -6.46   0.36  0000
   33  -0.200  3679 1939680  420.234   68.531  56.875   85.245  -7.41  -0.59  0000
   34  -0.167  3295 1939681  421.828   67.093  57.469   85.416  -7.69  -0.87  0000
   35  -0.133  3526 1939682  421.233   65.849  57.682   85.098  -7.55  -0.73  0000
   36  -0.100  3675 1939683  422.562   64.886  58.121   85.274  -7.61  -0.79  0000
   37  -0.067  3650 1939684  423.332   63.450  58.590   85.251  -7.46  -0.64  0000
   38  -0.033  3327 1939685  423.996   62.853  58.838   85.320  -7.32  -0.50  0000
   39   0.000  3805 1939686  424.791   61.847  59.207   85.363  -7.49  -0.67  0000
   40   0.033  3763 1939687  427.646   61.273  59.792   85.932  -7.55  -0.73  0000
   41   0.067  3126 1939688  427.528   59.548  60.196   85.665  -7.45  -0.63  0000
   42   0.100  3027 1939689  428.431   58.591  60.572   85.735  -7.03  -0.21  0000
   43   0.133  3057 1939690  429.606   57.502  61.024   85.847  -6.43   0.39  0000
