#
#   version : 20090611
#    num_fr : 13
#      time : 20121214 04:57:31.837 UTC
#      unix : 1355461051.837581
#       ntp : LOCK -1509 314287 628
#       seq : 1613966
#       mul : 0 [A]
#      site : 01
#    latlon : 45.5749 -94.3965 370.0
#      text : Collegeville
#     label : 
#     plate : metal_20100816_20100506-404-gd3
#      geom : 640 480
#    reject : 0
#
#  fr    time   sum     seq       cx       cy      th      phi    lsp    mag  flag
   30  -0.234  1731 1613959  314.940  364.905  30.008 -127.447  -5.76   1.06  0000
   31  -0.200  2169 1613960  314.330  366.207  30.352 -127.117  -6.39   0.43  0000
   32  -0.167  2244 1613961  317.034  368.259  30.923 -128.426  -6.66   0.16  0000
   33  -0.133  2549 1613962  319.364  369.289  31.231 -129.541  -7.04  -0.22  0000
   34  -0.100  2680 1613963  319.744  370.851  31.655 -129.671  -7.14  -0.32  0000
   35  -0.067  2517 1613964  321.643  372.821  32.219 -130.504  -7.42  -0.60  0000
   36  -0.033  2913 1613965  323.017  374.743  32.765 -131.065  -7.39  -0.57  0000
   37   0.000  3005 1613966  324.617  376.513  33.279 -131.719  -7.41  -0.59  0000
   38   0.033  2844 1613967  325.208  377.630  33.595 -131.932  -7.37  -0.55  0000
   39   0.067  2411 1613968  327.135  378.815  33.971 -132.736  -7.09  -0.27  0000
   40   0.100  2325 1613969  329.443  381.144  34.673 -133.619  -6.94  -0.12  0000
   41   0.133  2470 1613970  329.317  382.652  35.072 -133.471  -6.79   0.03  0000
   42   0.167  2172 1613971  331.168  384.009  35.505 -134.182  -6.34   0.48  0000
