#
#   version : 20090611
#    num_fr : 27
#      time : 20121214 06:34:40.959 UTC
#      unix : 1355466880.959432
#       ntp : LOCK 1024 146891 609
#       seq : 1788664
#       mul : 0 [A]
#      site : 01
#    latlon : 45.5749 -94.3965 370.0
#      text : Collegeville
#     label : 
#     plate : metal_20100816_20100506-404-gd3
#      geom : 640 480
#    reject : 0
#
#  fr    time   sum     seq       cx       cy      th      phi    lsp    mag  flag
   30  -0.734  2535 1788642  402.290   60.856  56.272   79.800  -6.45   0.37  0000
   32  -0.667  2939 1788644  404.966   59.036  57.084   80.248  -6.24   0.58  0000
   33  -0.634  3981 1788645  405.217   58.736  57.194   80.273  -6.94  -0.12  0000
   34  -0.601  3038 1788646  406.317   57.993  57.528   80.454  -6.74   0.08  0000
   35  -0.567  3047 1788647  407.609   56.982  57.957   80.646  -7.22  -0.40  0000
   36  -0.534  4312 1788648  409.879   56.689  58.336   81.163  -7.24  -0.42  0000
   37  -0.500  4482 1788649  410.837   55.828  58.685   81.286  -7.37  -0.55  0000
   38  -0.467  3325 1788650  411.968   55.141  59.015   81.472  -7.35  -0.53  0000
   39  -0.434  4462 1788651  412.365   54.682  59.186   81.509  -7.23  -0.41  0000
   40  -0.400  4025 1788652  414.233   53.591  59.722   81.816  -7.62  -0.80  0000
   41  -0.367  4909 1788653  415.284   53.099  59.994   82.001  -7.76  -0.94  0000
   42  -0.334  4693 1788654  417.651   52.675  60.436   82.499  -7.81  -0.99  0000
   43  -0.300  5312 1788655  418.598   51.753  60.805   82.601  -7.92  -1.10  0000
   44  -0.267  5353 1788656  419.891   50.887  61.210   82.789  -7.84  -1.02  0000
   45  -0.234  4474 1788657  420.337   50.741  61.311   82.872  -7.59  -0.77  0000
   46  -0.200  5080 1788658  421.465   49.972  61.670   83.031  -7.67  -0.85  0000
   47  -0.167  2978 1788659  423.748   49.241  62.189   83.452  -7.65  -0.83  0000
   48  -0.133  4986 1788660  425.110   48.640  62.543   83.679  -7.71  -0.89  0000
   49  -0.100  3721 1788661  424.982   47.874  62.718   83.554  -7.32  -0.50  0000
   50  -0.067  4351 1788662  427.972   47.026  63.380   84.104  -7.56  -0.74  0000
   51  -0.033  4452 1788663  428.269   46.651  63.520   84.121  -7.67  -0.85  0000
   52   0.000  5442 1788664  429.451   46.025  63.857   84.299  -7.85  -1.03  0000
   53   0.033  4729 1788665  429.738   45.543  64.023   84.300  -7.37  -0.55  0000
   54   0.067  3981 1788666  432.959   45.003  64.655   84.921  -7.26  -0.44  0000
   55   0.100  4442 1788667  433.135   44.675  64.765   84.917  -7.05  -0.23  0000
   56   0.133  3629 1788668  434.105   44.153  65.048   85.056  -6.70   0.12  0000
   57   0.167  4238 1788669  434.455   43.643  65.231   85.064  -6.52   0.30  0000
