#
#   version : 20090611
#    num_fr : 12
#      time : 20121214 06:00:12.862 UTC
#      unix : 1355464812.862204
#       ntp : LOCK 579 641869 689
#       seq : 1726683
#       mul : 0 [A]
#      site : 01
#    latlon : 45.5749 -94.3965 370.0
#      text : Collegeville
#     label : 
#     plate : metal_20100816_20100506-404-gd3
#      geom : 640 480
#    reject : 0
#
#  fr    time   sum     seq       cx       cy      th      phi    lsp    mag  flag
   29  -0.067  2887 1726681  296.302  442.658  51.515 -120.895  -6.42   0.40  0000
   30  -0.033  2903 1726682  297.668  444.724  52.065 -121.345  -6.80   0.02  0000
   31   0.000  3227 1726683  298.288  445.108  52.159 -121.536  -6.85  -0.03  0000
   32   0.033  3054 1726684  299.922  447.172  52.709 -122.053  -6.81   0.01  0000
   33   0.067  3085 1726685  300.579  448.780  53.152 -122.268  -6.82   0.00  0000
   34   0.100  2735 1726686  301.166  450.149  53.530 -122.457  -6.86  -0.04  0000
   35   0.133  2907 1726687  302.085  451.163  53.803 -122.735  -6.75   0.07  0000
   36   0.167  3072 1726688  303.393  453.018  54.312 -123.129  -6.81   0.01  0000
   37   0.200  2537 1726689  304.828  454.534  54.726 -123.550  -6.56   0.26  0000
   38   0.234  2898 1726690  304.906  454.879  54.823 -123.575  -6.67   0.15  0000
   40   0.300  2687 1726692  307.065  458.251  55.767 -124.199  -6.37   0.45  0000
   43   0.400  2978 1726695  311.142  462.311  56.911 -125.329  -6.30   0.52  0000
