#
#   version : 20090611
#    num_fr : 16
#      time : 20121214 09:12:03.897 UTC
#      unix : 1355476323.897378
#       ntp : LOCK -2956 784697 2373
#       seq : 2071667
#       mul : 0 [A]
#      site : 01
#    latlon : 45.5749 -94.3965 370.0
#      text : Collegeville
#     label : 
#     plate : metal_20100816_20100506-404-gd3
#      geom : 640 480
#    reject : 0
#
#  fr    time   sum     seq       cx       cy      th      phi    lsp    mag  flag
   30  -0.234  2824 2071660  483.375  110.971  60.137  105.734  -6.69   0.13  0000
   31  -0.200  2769 2071661  484.485  110.189  60.535  105.758  -6.58   0.24  0000
   32  -0.167  3383 2071662  485.303  109.128  60.915  105.678  -7.01  -0.19  0000
   33  -0.133  3395 2071663  486.906  107.717  61.542  105.657  -6.72   0.10  0000
   34  -0.100  3197 2071664  487.131  107.499  61.634  105.650  -7.40  -0.58  0000
   35  -0.067  3989 2071665  488.294  106.445  62.095  105.629  -7.55  -0.73  0000
   36  -0.033  3799 2071666  488.918  105.447  62.422  105.533  -7.50  -0.68  0000
   37   0.000  4114 2071667  489.635  104.736  62.718  105.509  -7.51  -0.69  0000
   38   0.033  3577 2071668  490.966  103.638  63.229  105.508  -7.29  -0.47  0000
   39   0.067  3568 2071669  491.116  102.781  63.420  105.366  -7.07  -0.25  0000
   40   0.100  2248 2071670  491.081  101.090  63.722  105.036  -6.96  -0.14  0000
   41   0.133  3028 2071671  491.929   99.976  64.125  104.958  -6.56   0.26  0000
   42   0.167  3496 2071672  493.392   98.835  64.678  104.973  -7.06  -0.24  0000
   43   0.200  3273 2071673  493.975   97.825  65.001  104.875  -6.55   0.27  0000
   44   0.234  2908 2071674  494.242   97.383  65.146  104.834  -6.86  -0.04  0000
   45   0.267  2892 2071675  494.994   96.916  65.409  104.865  -6.61   0.21  0000
