#
#   version : 20090611
#    num_fr : 14
#      time : 20121116 05:08:25.239 UTC
#      unix : 1353042505.239717
#       ntp : LOCK 945 374765 884
#       seq : 16254684
#       mul : 0 [A]
#      site : 01
#    latlon : 45.5749 -94.3965 370.0
#      text : Collegeville
#     label : 
#     plate : metal_20100816_20100506-404-gd3
#      geom : 640 480
#    reject : 0
#
#  fr    time   sum     seq       cx       cy      th      phi    lsp    mag  flag
   29  -0.400  1706 16254672  407.547  194.208  29.460  114.471  -6.12   0.70  0000
   30  -0.367  1624 16254673  407.653  194.050  29.506  114.429  -5.98   0.84  0000
   31  -0.334  1657 16254674  411.214  193.082  30.479  114.907  -6.19   0.63  0000
   33  -0.267  1922 16254676  413.964  191.839  31.297  115.049  -6.51   0.31  0000
   34  -0.234  1852 16254677  414.694  191.990  31.453  115.286  -6.17   0.65  0000
   35  -0.200  1701 16254678  417.864  191.226  32.313  115.706  -6.42   0.40  0000
   36  -0.167  1728 16254679  419.176  190.401  32.735  115.667  -6.14   0.68  0000
   37  -0.133  1942 16254680  419.845  189.964  32.952  115.642  -6.55   0.27  0000
   38  -0.100  2260 16254681  423.037  189.184  33.823  116.034  -7.11  -0.29  0000
   39  -0.067  2378 16254682  423.928  189.071  34.054  116.180  -6.75   0.07  0000
   40  -0.033  1957 16254683  426.223  188.609  34.671  116.484  -6.65   0.17  0000
   41   0.000  2606 16254684  427.549  187.693  35.109  116.408  -7.45  -0.63  0000
   42   0.033  2425 16254685  428.953  187.131  35.522  116.482  -6.95  -0.13  0000
   43   0.067  1801 16254686  431.094  186.858  36.080  116.809  -6.31   0.51  0000
