#
#   version : 20090611
#    num_fr : 13
#      time : 20121116 02:38:06.690 UTC
#      unix : 1353033486.690455
#       ntp : LOCK -456 460129 1039
#       seq : 15984399
#       mul : 0 [A]
#      site : 01
#    latlon : 45.5749 -94.3965 370.0
#      text : Collegeville
#     label : 
#     plate : metal_20100816_20100506-404-gd3
#      geom : 640 480
#    reject : 0
#
#  fr    time   sum     seq       cx       cy      th      phi    lsp    mag  flag
   30  -0.167  1847 15984394  460.984   60.107  65.863   92.689  -6.29   0.53  0000
   31  -0.133  2318 15984395  462.283   60.686  65.977   93.024  -6.64   0.18  0000
   32  -0.100  2710 15984396  464.129   61.648  66.112   93.518  -7.29  -0.47  0000
   33  -0.067  2960 15984397  464.951   62.061  66.177   93.735  -7.67  -0.85  0000
   34  -0.033  3441 15984398  466.567   62.726  66.342   94.138  -7.89  -1.07  0000
   35   0.000  3936 15984399  469.190   63.185  66.756   94.692  -7.87  -1.05  0000
   36   0.033  3263 15984400  469.661   64.021  66.662   94.908  -7.90  -1.08  0000
   37   0.067  3709 15984401  471.228   64.685  66.828   95.296  -8.02  -1.20  0000
   38   0.100  3167 15984402  471.848   65.493  66.773   95.535  -7.82  -1.00  0000
   39   0.133  3269 15984403  474.431   65.844  67.220   96.054  -8.01  -1.19  0000
   40   0.167  3363 15984404  475.307   67.012  67.143   96.395  -7.87  -1.05  0000
   41   0.200  3254 15984405  477.062   67.509  67.396   96.784  -7.50  -0.68  0000
   42   0.234  2481 15984406  477.722   68.055  67.415   96.987  -7.26  -0.44  0000
