#
#   version : 20090611
#    num_fr : 20
#      time : 20110429 09:01:49.962 UTC
#      unix : 1304067709.962365
#       ntp : LOCK -124 685036 1156
#       seq : 275792378
#       mul : 0 [A]
#      site : 01
#    latlon : 45.5749 -94.3965 370.0
#      text : Collegeville
#     label : 
#     plate : metal_20100816_20100506-404-gd3
#      geom : 640 480
#    reject : 0
#
#  fr    time   sum     seq       cx       cy      th      phi    lsp    mag  flag
   30  -0.501  2039 275792363  211.316  193.797  30.838   -8.022  -6.99  -6.99  0000
   31  -0.467  2262 275792364  211.950  195.067  30.522   -8.412  -7.33  -7.33  0000
   32  -0.434  2802 275792365  212.808  196.161  30.175   -8.680  -7.97  -7.97  0000
   33  -0.400  3856 275792366  214.175  197.829  29.634   -9.086  -8.27  -8.27  0000
   34  -0.367  3589 275792367  214.991  198.795  29.316   -9.321  -8.36  -8.36  0000
   35  -0.334  4032 275792368  215.708  200.276  28.960   -9.823  -8.48  -8.48  0000
   36  -0.300  3900 275792369  216.562  201.765  28.573  -10.308  -8.39  -8.39  0000
   37  -0.267  5315 275792370  217.764  203.161  28.112  -10.678  -8.86  -8.86  0000
   38  -0.234  4724 275792371  218.777  205.101  27.638  -11.370  -8.72  -8.72  0000
   39  -0.200  5006 275792372  219.742  206.694  27.219  -11.925  -8.76  -8.76  0000
   40  -0.167  5349 275792373  221.001  208.546  26.701  -12.560  -8.76  -8.76  0000
   41  -0.133  5080 275792374  222.260  210.214  26.207  -13.123  -8.69  -8.69  0000
   42  -0.100  5943 275792375  223.424  212.093  25.719  -13.843  -8.96  -8.96  0000
   43  -0.067  5432 275792376  224.858  213.877  25.175  -14.475  -8.88  -8.88  0000
   44  -0.033  5627 275792377  226.264  215.974  24.613  -15.319  -8.95  -8.95  0000
   45   0.000  7167 275792378  227.743  218.107  24.036  -16.206  -9.23  -9.23  0000
   46   0.033  6822 275792379  228.793  220.246  23.574  -17.233  -9.27  -9.27  0000
   47   0.067  7125 275792380  230.331  222.611  22.977  -18.337  -9.49  -9.49  0000
   48   0.100  5341 275792381  232.374  225.001  22.255  -19.412  -8.97  -8.97  0000
   49   0.133  1519 275792382  233.109  226.092  21.981  -19.966  -6.65  -6.65  0000
