#
#   version : 20090611
#    num_fr : 12
#      time : 20131113 09:34:01.815 UTC
#      unix : 1384335241.815838
#       ntp : LOCK -376 326219 2057
#       seq : 202644922
#       mul : 0 [A]
#      site : 01
#    latlon : 45.5749 -94.3965 370.0
#      text : Collegeville
#     label : 
#     plate : metal_20100816_20100506-404-gd3
#      geom : 640 480
#    reject : 0
#
#  fr    time   sum     seq       cx       cy      th      phi    lsp    mag  flag
   30  -0.234  1779 202644915  231.816  215.229  23.282  -13.537  -6.81   0.01  0000
   31  -0.200  1844 202644916  233.447  213.153  23.096  -11.877  -6.95  -0.13  0000
   32  -0.167  2282 202644917  235.253  209.783  23.040   -9.390  -6.86  -0.04  0000
   33  -0.133  2486 202644918  237.309  207.916  22.776   -7.667  -7.17  -0.35  0000
   34  -0.100  2696 202644919  240.457  205.286  22.382   -5.085  -7.43  -0.61  0000
   35  -0.067  2847 202644920  242.696  201.893  22.353   -2.349  -7.80  -0.98  0000
   36  -0.033  2901 202644921  244.137  199.626  22.375   -0.543  -7.96  -1.14  0000
   37   0.000  3351 202644922  247.649  196.606  22.100    2.545  -7.90  -1.08  0000
   38   0.033  3164 202644923  250.640  193.530  22.007    5.483  -7.74  -0.92  0000
   39   0.067  2864 202644924  251.727  191.159  22.215    7.168  -7.75  -0.93  0000
   40   0.100  2459 202644925  254.793  187.466  22.318   10.413  -7.44  -0.62  0000
   41   0.133  2124 202644926  257.530  185.491  22.207   12.706  -6.77   0.05  0000
