#
#   version : 20090611
#    num_fr : 17
#      time : 20131113 08:58:17.040 UTC
#      unix : 1384333097.040135
#       ntp : LOCK -2234 904665 2189
#       seq : 202580645
#       mul : 0 [A]
#      site : 01
#    latlon : 45.5749 -94.3965 370.0
#      text : Collegeville
#     label : 
#     plate : metal_20100816_20100506-404-gd3
#      geom : 640 480
#    reject : 0
#
#  fr    time   sum     seq       cx       cy      th      phi    lsp    mag  flag
   30  -0.400  1550 202580633  175.238  299.355  39.327  -55.752  -5.78   1.04  0000
   31  -0.367  1748 202580634  172.375  297.987  39.970  -54.904  -6.01   0.81  0000
   32  -0.334  1844 202580635  172.201  297.787  39.999  -54.812  -6.08   0.74  0000
   33  -0.300  1686 202580636  171.250  296.214  40.121  -54.139  -6.06   0.76  0000
   34  -0.267  1538 202580637  168.756  295.277  40.718  -53.525  -5.92   0.90  0000
   35  -0.234  1608 202580638  168.306  294.925  40.811  -53.352  -5.76   1.06  0000
   36  -0.200  1957 202580639  167.164  293.898  41.040  -52.869  -6.24   0.58  0000
   37  -0.167  1683 202580640  165.351  292.812  41.451  -52.302  -6.01   0.81  0000
   38  -0.133  1893 202580641  165.557  291.789  41.319  -51.965  -6.37   0.45  0000
   39  -0.100  1814 202580642  163.320  290.499  41.838  -51.300  -6.22   0.60  0000
   40  -0.067  1884 202580643  162.107  289.062  42.073  -50.691  -6.44   0.38  0000
   41  -0.033  2020 202580644  160.929  288.492  42.359  -50.391  -6.40   0.42  0000
   42   0.000  2158 202580645  160.569  287.876  42.418  -50.148  -6.33   0.49  0000
   44   0.067  1850 202580647  157.063  285.396  43.235  -49.018  -6.02   0.80  0000
   45   0.100  1889 202580648  156.445  284.661  43.363  -48.722  -6.22   0.60  0000
   46   0.133  1959 202580649  154.453  284.029  43.883  -48.365  -6.52   0.30  0000
   48   0.200  2028 202580651  152.129  281.480  44.395  -47.355  -6.12   0.70  0000
