#
#   version : 20090611
#    num_fr : 14
#      time : 20140715 08:10:22.223 UTC
#      unix : 1405411822.223699
#       ntp : LOCK -12 568381 625
#       seq : 89862461
#       mul : 0 [A]
#      site : 01
#    latlon : 45.5749 -94.3965 370.0
#      text : Collegeville
#     label : 
#     plate : metal_20100816_20100506-404-gd3
#      geom : 640 480
#    reject : 0
#
#  fr    time   sum     seq       cx       cy      th      phi    lsp    mag  flag
   29  -0.334  2978 89862451  471.289  181.704  46.876  121.526  -6.03   0.79  0000
   30  -0.300  3181 89862452  473.988  182.037  47.549  121.971  -6.36   0.46  0000
   31  -0.267  3318 89862453  476.130  183.032  48.011  122.532  -6.79   0.03  0000
   32  -0.234  3600 89862454  478.345  184.554  48.444  123.246  -6.97  -0.15  0000
   33  -0.200  3648 89862455  481.084  184.844  49.146  123.648  -7.46  -0.64  0000
   34  -0.167  3863 89862456  481.079  185.551  49.076  123.854  -7.73  -0.91  0000
   35  -0.133  4365 89862457  484.257  185.967  49.889  124.327  -7.97  -1.15  0000
   36  -0.100  4694 89862458  487.554  187.106  50.672  125.005  -8.18  -1.36  0000
   37  -0.067  5565 89862459  488.028  187.966  50.722  125.300  -8.35  -1.53  0000
   38  -0.033  5712 89862460  490.864  188.308  51.462  125.683  -8.52  -1.70  0000
   39   0.000  5716 89862461  492.981  189.838  51.906  126.320  -8.50  -1.68  0000
   40   0.033  4414 89862462  495.520  190.763  52.524  126.817  -8.59  -1.77  0000
   41   0.067  5437 89862463  497.695  191.713  53.045  127.277  -8.66  -1.84  0000
   42   0.100  4388 89862464  500.012  192.293  53.639  127.640  -8.06  -1.24  0000
