#
#   version : 20090611
#    num_fr : 15
#      time : 20140131 10:01:22.920 UTC
#      unix : 1391162482.920525
#       ntp : LOCK 443 484565 378
#       seq : 407252454
#       mul : 0 [A]
#      site : 01
#    latlon : 45.5749 -94.3965 370.0
#      text : Collegeville
#     label : 
#     plate : metal_20100816_20100506-404-gd3
#      geom : 640 480
#    reject : 0
#
#  fr    time   sum     seq       cx       cy      th      phi    lsp    mag  flag
   29  -0.367  2215 407252443  218.136   78.602  52.501   23.788  -5.50   1.32  0000
   30  -0.334  2769 407252444  217.961   77.395  52.823   23.909  -7.00  -0.18  0000
   31  -0.300  3133 407252445  217.951   77.054  52.909   23.953  -7.46  -0.64  0000
   32  -0.267  3446 407252446  218.730   75.959  53.069   24.308  -7.72  -0.90  0000
   33  -0.234  3742 407252447  219.642   74.868  53.212   24.695  -7.98  -1.16  0000
   34  -0.200  4664 407252448  219.519   74.570  53.303   24.702  -8.36  -1.54  0000
   35  -0.167  4829 407252449  218.998   73.467  53.651   24.712  -8.46  -1.64  0000
   36  -0.133  5135 407252450  219.102   72.792  53.805   24.828  -8.46  -1.64  0000
   37  -0.100  6183 407252451  219.564   72.463  53.823   24.992  -8.87  -2.05  0000
   38  -0.067  6278 407252452  219.719   71.072  54.150   25.213  -8.93  -2.11  0000
   39  -0.033  6587 407252453  220.071   70.103  54.345   25.429  -9.08  -2.26  0000
   40   0.000  7282 407252454  220.446   69.562  54.430   25.595  -9.18  -2.36  0000
   41   0.033  6740 407252455  220.428   68.717  54.646   25.697  -9.15  -2.33  0000
   42   0.067  5596 407252456  220.846   67.875  54.802   25.911  -8.70  -1.88  0000
   43   0.100  3011 407252457  221.131   67.500  54.859   26.031  -7.26  -0.44  0000
