#
#   version : 20090611
#    num_fr : 20
#      time : 20101016 01:53:20.110 UTC
#      unix : 1287194000.110881
#       ntp : LOCK -6167 869770 4578
#       seq : 95686759
#       mul : 0 [A]
#      site : 01
#    latlon : 45.5749 -94.3965 370.0
#      text : Collegeville
#     label : 
#     plate : metal 20090611
#      geom : 640 480
#    reject : 0
#
#  fr    time   sum     seq       cx       cy      th      phi    lsp    mag  flag
   29  -0.601  2457 95686741  128.296   65.907  68.402   10.412  -5.84  -5.84  0000
   30  -0.567  2508 95686742  128.440   66.841  68.183   10.273  -6.09  -6.09  0000
   31  -0.534  2652 95686743  127.057   68.751  68.115    9.740  -6.15  -6.15  0000
   33  -0.467  2794 95686745  125.788   70.500  68.059    9.252  -6.12  -6.12  0000
   34  -0.434  2985 95686746  122.369   70.802  68.786    8.711  -6.53  -6.53  0000
   35  -0.400  2588 95686747  122.310   72.573  68.456    8.392  -6.47  -6.47  0000
   36  -0.367  3007 95686748  121.806   72.933  68.504    8.258  -6.65  -6.65  0000
   37  -0.334  2627 95686749  120.740   73.833  68.580    7.950  -6.45  -6.45  0000
   38  -0.300  2898 95686750  119.778   75.755  68.439    7.475  -6.48  -6.48  0000
   39  -0.267  2428 95686751  118.958   76.475  68.497    7.233  -6.66  -6.66  0000
   40  -0.234  3217 95686752  116.469   77.135  68.962    6.777  -6.87  -6.87  0000
   41  -0.200  3325 95686753  116.217   78.563  68.757    6.487  -6.94  -6.94  0000
   42  -0.167  3413 95686754  114.784   79.686  68.892    6.093  -7.00  -7.00  0000
   43  -0.133  2751 95686755  114.197   80.728  68.843    5.827  -7.06  -7.06  0000
   44  -0.100  3387 95686756  113.080   81.916  68.896    5.464  -7.07  -7.07  0000
   45  -0.067  3417 95686757  111.960   82.854  68.998    5.148  -6.96  -6.96  0000
   46  -0.033  3791 95686758  109.548   84.462  69.300    4.545  -7.45  -7.45  0000
   47   0.000  3999 95686759  109.437   84.896  69.251    4.451  -7.61  -7.61  0000
   48   0.033  2795 95686760  108.146   85.852  69.400    4.113  -7.34  -7.34  0000
   50   0.100  2930 95686762  106.131   88.768  69.392    3.324  -5.47  -5.47  0000
