#
#   version : 20090611
#    num_fr : 35
#      time : 20101016 07:31:49.128 UTC
#      unix : 1287214309.128263
#       ntp : LOCK 8311 1310798 5391
#       seq : 96295418
#       mul : 0 [A]
#      site : 01
#    latlon : 45.5749 -94.3965 370.0
#      text : Collegeville
#     label : 
#     plate : metal 20090611
#      geom : 640 480
#    reject : 0
#
#  fr    time   sum     seq       cx       cy      th      phi    lsp    mag  flag
   30  -0.968  1309 96295389  233.484  253.327  21.113  -44.983  -6.15  -6.15  0000
   31  -0.934  1527 96295390  232.885  252.587  21.230  -44.387  -6.22  -6.22  0000
   32  -0.901  1723 96295391  232.538  251.093  21.248  -43.318  -6.73  -6.73  0000
   33  -0.868  1854 96295392  232.969  250.217  21.096  -42.774  -6.90  -6.90  0000
   34  -0.834  1891 96295393  231.803  249.053  21.354  -41.832  -7.04  -7.04  0000
   35  -0.801  2246 96295394  231.879  248.076  21.296  -41.171  -7.43  -7.43  0000
   36  -0.767  2333 96295395  231.584  247.254  21.345  -40.577  -7.46  -7.46  0000
   37  -0.734  2751 96295396  231.518  245.853  21.318  -39.608  -7.74  -7.74  0000
   38  -0.701  2891 96295397  230.395  244.808  21.586  -38.798  -7.78  -7.78  0000
   39  -0.667  2799 96295398  230.406  243.696  21.556  -38.041  -8.01  -8.01  0000
   40  -0.634  3025 96295399  229.803  242.108  21.685  -36.921  -7.85  -7.85  0000
   41  -0.601  2878 96295400  228.956  241.224  21.896  -36.279  -8.02  -8.02  0000
   42  -0.567  2826 96295401  228.806  239.806  21.918  -35.317  -8.03  -8.03  0000
   43  -0.534  3209 96295402  228.846  238.734  21.898  -34.596  -8.03  -8.03  0000
   44  -0.501  3209 96295403  227.882  237.189  22.148  -33.538  -7.96  -7.96  0000
   45  -0.467  3207 96295404  227.888  235.999  22.145  -32.743  -8.03  -8.03  0000
   46  -0.434  3020 96295405  226.896  234.664  22.415  -31.857  -7.86  -7.86  0000
   47  -0.400  3114 96295406  226.445  233.124  22.547  -30.848  -7.95  -7.95  0000
   48  -0.367  2853 96295407  226.547  231.896  22.534  -30.041  -7.91  -7.91  0000
   49  -0.334  3220 96295408  225.693  230.399  22.785  -29.092  -7.97  -7.97  0000
   50  -0.300  3202 96295409  225.503  229.233  22.859  -28.345  -8.20  -8.20  0000
   51  -0.267  3447 96295410  225.055  227.564  23.017  -27.295  -8.20  -8.20  0000
   52  -0.234  3949 96295411  224.119  226.225  23.304  -26.500  -8.37  -8.37  0000
   53  -0.200  3485 96295412  223.770  224.870  23.439  -25.671  -8.26  -8.26  0000
   54  -0.167  3345 96295413  223.017  223.385  23.691  -24.804  -8.10  -8.10  0000
   55  -0.133  3612 96295414  222.546  221.551  23.888  -23.716  -8.23  -8.23  0000
   56  -0.100  3700 96295415  222.271  220.513  24.006  -23.108  -8.29  -8.29  0000
   57  -0.067  3937 96295416  221.735  218.963  24.220  -22.226  -8.35  -8.35  0000
   58  -0.033  4019 96295417  221.332  217.587  24.395  -21.447  -8.38  -8.38  0000
   59   0.000  4244 96295418  221.058  216.022  24.552  -20.551  -8.34  -8.34  0000
   60   0.033  3762 96295419  220.206  214.928  24.838  -20.017  -8.18  -8.18  0000
   61   0.067  2704 96295420  220.155  213.507  24.937  -19.198  -7.75  -7.75  0000
   62   0.100  2430 96295421  219.443  211.679  25.240  -18.248  -7.28  -7.28  0000
   63   0.133  2360 96295422  218.651  210.414  25.532  -17.649  -7.43  -7.43  0000
   64   0.167  1292 96295423  218.269  209.464  25.697  -17.175  -6.04  -6.04  0000
