#
#   version : 20090611
#    num_fr : 13
#      time : 20101016 08:12:38.891 UTC
#      unix : 1287216758.891246
#       ntp : LOCK 13822 1008377 5439
#       seq : 96368837
#       mul : 0 [A]
#      site : 01
#    latlon : 45.5749 -94.3965 370.0
#      text : Collegeville
#     label : 
#     plate : metal 20090611
#      geom : 640 480
#    reject : 0
#
#  fr    time   sum     seq       cx       cy      th      phi    lsp    mag  flag
   29  -0.100  1746 96368834  127.553  170.614  52.794  -12.895  -6.19  -6.19  0000
   31  -0.033  1906 96368836  126.579  167.198  53.380  -12.058  -6.39  -6.39  0000
   32   0.000  2261 96368837  126.013  165.678  53.681  -11.703  -6.66  -6.66  0000
   33   0.033  1970 96368838  126.436  164.908  53.643  -11.458  -6.64  -6.64  0000
   34   0.067  1817 96368839  125.143  163.457  54.135  -11.195  -6.74  -6.74  0000
   35   0.100  2194 96368840  124.839  161.670  54.399  -10.753  -6.92  -6.92  0000
   36   0.133  1951 96368841  123.550  159.709  54.948  -10.367  -6.42  -6.42  0000
   37   0.167  2087 96368842  123.969  158.783  54.934  -10.087  -6.71  -6.71  0000
   38   0.200  1822 96368843  122.729  157.302  55.423   -9.827  -6.22  -6.22  0000
   39   0.234  2182 96368844  122.016  156.181  55.734   -9.611  -6.73  -6.73  0000
   40   0.267  2231 96368845  122.072  154.555  55.898   -9.193  -6.80  -6.80  0000
   41   0.300  1713 96368846  121.011  152.699  56.387   -8.833  -5.97  -5.97  0000
   42   0.334  1963 96368847  121.294  151.524  56.444   -8.510  -6.83  -6.83  0000
