#
#   version : 20090611
#    num_fr : 16
#      time : 20101016 05:28:55.857 UTC
#      unix : 1287206935.857867
#       ntp : LOCK 4188 655635 5078
#       seq : 96074442
#       mul : 0 [A]
#      site : 01
#    latlon : 45.5749 -94.3965 370.0
#      text : Collegeville
#     label : 
#     plate : metal 20090611
#      geom : 640 480
#    reject : 0
#
#  fr    time   sum     seq       cx       cy      th      phi    lsp    mag  flag
   29  -0.434  1578 96074429  291.379  385.990  39.265 -115.504  -5.99  -5.99  0000
   30  -0.400  1613 96074430  294.029  388.577  39.859 -116.664  -6.18  -6.18  0000
   31  -0.367  1483 96074431  297.079  392.243  40.746 -117.985  -6.01  -6.01  0000
   32  -0.334  1820 96074432  299.218  394.909  41.407 -118.882  -6.58  -6.58  0000
   33  -0.300  2087 96074433  302.260  396.832  41.864 -120.068  -6.99  -6.99  0000
   34  -0.267  2069 96074434  304.104  400.423  42.801 -120.820  -6.99  -6.99  0000
   35  -0.234  2110 96074435  306.064  402.365  43.302 -121.561  -6.85  -6.85  0000
   36  -0.200  2234 96074436  309.079  405.059  44.009 -122.667  -7.14  -7.14  0000
   37  -0.167  2403 96074437  311.742  408.321  44.885 -123.617  -7.35  -7.35  0000
   38  -0.133  2327 96074438  313.930  410.765  45.552 -124.373  -7.25  -7.25  0000
   39  -0.100  2338 96074439  316.222  413.074  46.191 -125.145  -7.29  -7.29  0000
   40  -0.067  2395 96074440  318.911  414.797  46.686 -126.035  -7.39  -7.39  0000
   41  -0.033  2799 96074441  321.605  418.258  47.664 -126.884  -7.47  -7.47  0000
   42   0.000  3013 96074442  322.342  420.165  48.195 -127.094  -7.69  -7.69  0000
   43   0.033  2119 96074443  325.356  422.410  48.865 -128.025  -6.90  -6.90  0000
   44   0.067  1662 96074444  328.535  424.898  49.619 -128.979  -6.16  -6.16  0000
