#
#   version : 20090611
#    num_fr : 17
#      time : 20140823 04:37:46.042 UTC
#      unix : 1408768666.042706
#       ntp : LOCK 87 514587 1806
#       seq : 11650475
#       mul : 0 [A]
#      site : 01
#    latlon : 45.5749 -94.3965 370.0
#      text : Collegeville
#     label : 
#     plate : metal_20100816_20100506-404-gd3
#      geom : 640 480
#    reject : 0
#
#  fr    time   sum     seq       cx       cy      th      phi    lsp    mag  flag
   29  -0.434  1606 11650462  411.936  316.118  31.894  177.004  -6.05   0.77  0000
   31  -0.367  1673 11650464  412.983  322.711  33.116  179.268  -6.36   0.46  0000
   32  -0.334  2257 11650465  413.638  326.231  33.811 -179.614  -7.27  -0.45  0000
   33  -0.300  2698 11650466  415.351  328.735  34.589 -179.174  -7.62  -0.80  0000
   34  -0.267  2630 11650467  415.715  331.761  35.159 -178.223  -7.64  -0.82  0000
   35  -0.234  3299 11650468  416.222  334.447  35.713 -177.451  -7.84  -1.02  0000
   36  -0.200  3899 11650469  417.389  337.025  36.399 -176.911  -8.46  -1.64  0000
   37  -0.167  3699 11650470  418.308  340.796  37.240 -175.950  -8.31  -1.49  0000
   38  -0.133  4517 11650471  418.438  343.141  37.676 -175.258  -8.59  -1.77  0000
   39  -0.100  4946 11650472  419.490  346.940  38.571 -174.388  -8.66  -1.84  0000
   40  -0.067  5647 11650473  420.601  350.073  39.367 -173.762  -8.94  -2.12  0000
   41  -0.033  5795 11650474  420.931  352.737  39.922 -173.090  -9.12  -2.30  0000
   42   0.000  6234 11650475  421.490  355.808  40.605 -172.384  -9.19  -2.37  0000
   43   0.033  5289 11650476  422.344  359.609  41.495 -171.581  -8.88  -2.06  0000
   44   0.067  4768 11650477  423.406  362.464  42.253 -171.106  -8.62  -1.80  0000
   45   0.100  3929 11650478  423.759  365.147  42.841 -170.511  -8.43  -1.61  0000
   46   0.133  2966 11650479  424.238  368.037  43.501 -169.913  -7.73  -0.91  0000
