#
#   version : 20090611
#    num_fr : 14
#      time : 20130823 04:34:15.875 UTC
#      unix : 1377232455.875050
#       ntp : LOCK -1186 617689 1416
#       seq : 94591809
#       mul : 0 [A]
#      site : 01
#    latlon : 45.5749 -94.3965 370.0
#      text : Collegeville
#     label : 
#     plate : metal_20100816_20100506-404-gd3
#      geom : 640 480
#    reject : 0
#
#  fr    time   sum     seq       cx       cy      th      phi    lsp    mag  flag
   29  -0.267  3345 94591801  411.556  294.378  29.068  167.634  -6.10   0.72  0000
   30  -0.234  3640 94591802  415.029  298.837  30.417  168.968  -6.94  -0.12  0000
   31  -0.200  3870 94591803  417.596  301.126  31.311  169.447  -7.34  -0.52  0000
   32  -0.167  4208 94591804  418.206  304.519  31.856  170.772  -7.45  -0.63  0000
   33  -0.133  4199 94591805  421.133  306.875  32.857  171.137  -7.87  -1.05  0000
   34  -0.100  5262 94591806  421.810  310.310  33.446  172.378  -8.34  -1.52  0000
   35  -0.067  5239 94591807  424.336  312.342  34.317  172.640  -8.38  -1.56  0000
   36  -0.033  6485 94591808  425.205  314.864  34.852  173.421  -8.94  -2.12  0000
   37   0.000  7096 94591809  427.683  318.436  35.921  174.224  -8.97  -2.15  0000
   38   0.033  6965 94591810  428.799  320.726  36.498  174.815  -9.30  -2.48  0000
   39   0.067  6777 94591811  430.996  323.994  37.473  175.500  -8.85  -2.03  0000
   40   0.100  6932 94591812  432.805  327.585  38.410  176.342  -8.95  -2.13  0000
   41   0.133  5791 94591813  434.373  329.920  39.117  176.787  -8.44  -1.62  0000
   42   0.167  3991 94591814  437.083  332.219  40.090  176.971  -6.88  -0.06  0000
