#
#   version : 20090611
#    num_fr : 23
#      time : 20101007 07:56:18.022 UTC
#      unix : 1286438178.022418
#       ntp : LOCK -9041 492012 7699
#       seq : 73034815
#       mul : 0 [A]
#      site : 01
#    latlon : 45.5749 -94.3965 370.0
#      text : Collegeville
#     label : 
#     plate : metal 20090611
#      geom : 640 480
#    reject : 0
#
#  fr    time   sum     seq       cx       cy      th      phi    lsp    mag  flag
   30  -0.501  1722 73034800  453.920  105.216  52.135  104.258  -7.13  -7.13  0000
   31  -0.467  2743 73034801  454.961  103.834  52.620  104.162  -7.70  -7.70  0000
   32  -0.434  3144 73034802  455.879  102.644  53.042  104.085  -8.13  -8.13  0000
   33  -0.400  3613 73034803  456.978  101.341  53.526  104.019  -8.18  -8.18  0000
   34  -0.367  4569 73034804  458.758  100.462  54.077  104.170  -8.58  -8.58  0000
   35  -0.334  3877 73034805  460.271   98.784  54.723  104.103  -8.41  -8.41  0000
   36  -0.300  4326 73034806  461.375   97.599  55.188  104.064  -8.58  -8.58  0000
   37  -0.267  4428 73034807  462.362   96.251  55.660  103.971  -8.76  -8.76  0000
   38  -0.234  5378 73034808  463.801   94.973  56.217  103.974  -9.04  -9.04  0000
   39  -0.200  5956 73034809  465.053   93.815  56.712  103.968  -9.19  -9.19  0000
   40  -0.167  6284 73034810  466.869   92.007  57.455  103.934  -9.19  -9.19  0000
   41  -0.133  6584 73034811  468.073   91.312  57.852  104.010  -9.25  -9.25  0000
   42  -0.100  7706 73034812  469.670   89.584  58.535  103.953  -9.50  -9.50  0000
   43  -0.067  6890 73034813  470.300   88.744  58.836  103.900  -9.62  -9.62  0000
   44  -0.033  8744 73034814  472.018   87.164  59.520  103.893  -9.83  -9.83  0000
   45   0.000  9652 73034815  473.845   85.259  60.292  103.844  -9.72  -9.72  0000
   46   0.033  8001 73034816  475.536   83.851  60.940  103.865  -9.29  -9.29  0000
   47   0.067  7496 73034817  476.418   83.489  61.206  103.944  -9.42  -9.42  0000
   48   0.100  6882 73034818  477.012   82.709  61.490  103.899  -9.55  -9.55  0000
   49   0.133  6388 73034819  478.558   81.348  62.099  103.903  -9.19  -9.19  0000
   50   0.167  5656 73034820  479.931   80.073  62.655  103.895  -8.95  -8.95  0000
   51   0.200  3889 73034821  481.651   78.899  63.269  103.960  -8.40  -8.40  0000
   52   0.234  2390 73034822  481.658   77.944  63.459  103.790  -7.18  -7.18  0000
