#
#   version : 20090611
#    num_fr : 12
#      time : 20101007 08:36:16.233 UTC
#      unix : 1286440576.233097
#       ntp : LOCK -3093 723384 7526
#       seq : 73106689
#       mul : 0 [A]
#      site : 01
#    latlon : 45.5749 -94.3965 370.0
#      text : Collegeville
#     label : 
#     plate : metal 20090611
#      geom : 640 480
#    reject : 0
#
#  fr    time   sum     seq       cx       cy      th      phi    lsp    mag  flag
   30  -0.267  1102 73106681  287.301   75.550  42.710   48.358  -6.06  -6.06  0000
   31  -0.234  1666 73106682  290.306   74.657  42.834   49.463  -6.45  -6.45  0000
   32  -0.200  2153 73106683  292.237   72.930  43.236   50.221  -7.53  -7.53  0000
   33  -0.167  2655 73106684  294.443   71.090  43.669   51.066  -7.62  -7.62  0000
   34  -0.133  4061 73106685  296.502   69.895  43.940   51.822  -8.47  -8.47  0000
   35  -0.100  4083 73106686  297.776   68.739  44.226   52.298  -8.65  -8.65  0000
   36  -0.067  4614 73106687  300.033   67.123  44.622   53.116  -8.73  -8.73  0000
   37  -0.033  3809 73106688  302.430   65.512  45.025   53.966  -8.40  -8.40  0000
   38   0.000  4761 73106689  304.922   64.121  45.377   54.831  -8.75  -8.75  0000
   39   0.033  4142 73106690  307.345   62.698  45.749   55.660  -8.60  -8.60  0000
   40   0.067  4428 73106691  309.665   61.088  46.184   56.442  -8.63  -8.63  0000
   41   0.100  1467 73106692  312.066   59.823  46.534   57.237  -6.83  -6.83  0000
