#
#   version : 20090611
#    num_fr : 15
#      time : 20101007 03:17:25.455 UTC
#      unix : 1286421445.455229
#       ntp : LOCK -11033 585311 7320
#       seq : 72533342
#       mul : 0 [A]
#      site : 01
#    latlon : 45.5749 -94.3965 370.0
#      text : Collegeville
#     label : 
#     plate : metal 20090611
#      geom : 640 480
#    reject : 0
#
#  fr    time   sum     seq       cx       cy      th      phi    lsp    mag  flag
   29  -0.434  1641 72533329  557.628  279.113  69.159  154.628  -6.21  -6.21  0000
   30  -0.400  1475 72533330  558.675  280.679  69.550  154.918  -6.25  -6.25  0000
   31  -0.367  1598 72533331  558.767  281.940  69.640  155.186  -6.46  -6.46  0000
   32  -0.334  1855 72533332  559.325  283.174  69.871  155.424  -6.60  -6.60  0000
   33  -0.300  1933 72533333  560.384  285.008  70.287  155.764  -6.80  -6.80  0000
   34  -0.267  2074 72533334  560.391  286.128  70.349  156.002  -6.81  -6.81  0000
   35  -0.234  2098 72533335  561.478  287.424  70.749  156.220  -6.84  -6.84  0000
   36  -0.200  2018 72533336  562.334  289.075  71.101  156.523  -7.13  -7.13  0000
   37  -0.167  2011 72533337  561.862  290.129  71.020  156.771  -6.75  -6.75  0000
   38  -0.133  2291 72533338  563.271  292.024  71.558  157.091  -7.16  -7.16  0000
   39  -0.100  2206 72533339  563.580  293.120  71.719  157.302  -6.98  -6.98  0000
   40  -0.067  2109 72533340  564.442  294.334  72.055  157.505  -6.79  -6.79  0000
   41  -0.033  2096 72533341  565.170  296.326  72.402  157.874  -7.05  -7.05  0000
   42   0.000  5080 72533342  565.519  297.652  72.595  158.126  -8.86  -8.86  0000
   43   0.033  2694 72533343  565.987  298.478  72.791  158.267  -7.53  -7.53  0000
