#
#   version : 20090611
#    num_fr : 17
#      time : 20131129 07:38:21.552 UTC
#      unix : 1385710701.552675
#       ntp : LOCK 9775 176474 8960
#       seq : 243866540
#       mul : 0 [A]
#      site : 01
#    latlon : 45.5749 -94.3965 370.0
#      text : Collegeville
#     label : 
#     plate : metal_20100816_20100506-404-gd3
#      geom : 640 480
#    reject : 0
#
#  fr    time   sum     seq       cx       cy      th      phi    lsp    mag  flag
   29  -0.334  1897 243866530  151.096  416.030  63.577  -81.238  -5.73   1.09  0000
   30  -0.300  1912 243866531  150.216  416.548  63.877  -81.172  -6.60   0.22  0000
   31  -0.267  2138 243866532  150.384  417.189  63.975  -81.309  -6.45   0.37  0000
   32  -0.234  2132 243866533  152.036  418.952  63.993  -81.894  -6.96  -0.14  0000
   33  -0.200  2594 243866534  151.268  420.260  64.436  -81.975  -7.25  -0.43  0000
   34  -0.167  2934 243866535  151.844  421.380  64.553  -82.261  -7.58  -0.76  0000
   35  -0.133  3365 243866536  152.734  422.577  64.621  -82.613  -7.88  -1.06  0000
   36  -0.100  3369 243866537  152.962  423.440  64.760  -82.793  -8.06  -1.24  0000
   37  -0.067  3481 243866538  152.710  424.585  65.062  -82.933  -7.94  -1.12  0000
   38  -0.033  3525 243866539  153.866  426.067  65.143  -83.375  -8.05  -1.23  0000
   39   0.000  4324 243866540  154.061  426.824  65.268  -83.530  -8.53  -1.71  0000
   40   0.033  4155 243866541  154.067  428.869  65.718  -83.852  -8.36  -1.54  0000
   41   0.067  4196 243866542  155.559  429.768  65.609  -84.259  -8.37  -1.55  0000
   42   0.100  3516 243866543  155.249  431.215  65.996  -84.427  -8.17  -1.35  0000
   43   0.133  2703 243866544  155.431  432.654  66.282  -84.679  -7.34  -0.52  0000
   44   0.167  2137 243866545  156.650  432.885  66.085  -84.933  -6.50   0.32  0000
   45   0.200  1350 243866546  157.167  434.070  66.248  -85.206  -5.42   1.40  0000
