#
#   version : 20090611
#    num_fr : 26
#      time : 20131129 07:27:59.094 UTC
#      unix : 1385710079.094994
#       ntp : LOCK -2951 887298 7952
#       seq : 243847885
#       mul : 0 [A]
#      site : 01
#    latlon : 45.5749 -94.3965 370.0
#      text : Collegeville
#     label : 
#     plate : metal_20100816_20100506-404-gd3
#      geom : 640 480
#    reject : 0
#
#  fr    time   sum     seq       cx       cy      th      phi    lsp    mag  flag
   30  -0.734  1720 243847863  532.857  334.134  65.291  165.077  -6.12   0.70  0000
   32  -0.667  1709 243847865  533.077  338.641  65.828  166.066  -6.16   0.66  0000
   33  -0.634  2037 243847866  532.737  339.345  65.809  166.251  -6.56   0.26  0000
   34  -0.601  2325 243847867  532.602  340.813  65.932  166.588  -6.98  -0.16  0000
   35  -0.567  2370 243847868  532.184  342.641  66.018  167.027  -6.92  -0.10  0000
   36  -0.534  2404 243847869  532.884  344.294  66.402  167.328  -6.88  -0.06  0000
   37  -0.501  2056 243847870  532.544  345.611  66.458  167.645  -6.81   0.01  0000
   38  -0.467  2581 243847871  531.963  347.287  66.491  168.062  -7.14  -0.32  0000
   39  -0.434  2409 243847872  531.989  349.033  66.705  168.438  -7.03  -0.21  0000
   40  -0.400  2188 243847873  531.798  349.705  66.733  168.600  -6.73   0.09  0000
   41  -0.367  2362 243847874  532.252  351.787  67.112  169.005  -6.99  -0.17  0000
   42  -0.334  2186 243847875  531.820  352.973  67.138  169.299  -6.97  -0.15  0000
   43  -0.300  2178 243847876  531.549  354.595  67.265  169.670  -6.89  -0.07  0000
   44  -0.267  2281 243847877  531.639  356.240  67.498  170.010  -6.74   0.08  0000
   45  -0.234  2033 243847878  531.195  357.198  67.498  170.255  -6.84  -0.02  0000
   46  -0.200  2167 243847879  531.289  359.036  67.762  170.632  -6.87  -0.05  0000
   47  -0.167  2135 243847880  530.886  360.255  67.811  170.926  -6.81   0.01  0000
   48  -0.133  2145 243847881  531.515  361.542  68.154  171.132  -6.72   0.10  0000
   49  -0.100  2252 243847882  530.682  362.706  68.082  171.456  -7.04  -0.22  0000
   50  -0.067  2496 243847883  530.258  364.287  68.179  171.826  -7.07  -0.25  0000
   51  -0.033  2516 243847884  530.752  365.861  68.530  172.100  -7.12  -0.30  0000
   52   0.000  2615 243847885  530.863  366.791  68.689  172.278  -7.21  -0.39  0000
   53   0.033  2227 243847886  530.804  368.157  68.863  172.563  -7.05  -0.23  0000
   54   0.067  2394 243847887  530.163  369.515  68.880  172.905  -6.97  -0.15  0000
   55   0.100  2284 243847888  529.494  370.833  68.886  173.242  -6.80   0.02  0000
   56   0.133  1927 243847889  530.340  372.260  69.320  173.439  -6.16   0.66  0000
