#
#   version : 20090611
#    num_fr : 13
#      time : 20110809 07:54:05.011 UTC
#      unix : 1312876445.011997
#       ntp : LOCK 12107 466707 11172
#       seq : 14825622
#       mul : 0 [A]
#      site : 01
#    latlon : 45.5749 -94.3965 370.0
#      text : Collegeville
#     label : 
#     plate : metal_20100816_20100506-404-gd3
#      geom : 640 480
#    reject : 0
#
#  fr    time   sum     seq       cx       cy      th      phi    lsp    mag  flag
   29  -0.400  1084 14825610  241.852  224.418  19.857  -16.826  -5.69   1.13  0000
   30  -0.367  1728 14825611  239.803  226.345  20.222  -18.688  -6.93  -0.11  0000
   31  -0.334  1961 14825612  238.439  227.801  20.463  -20.010  -7.09  -0.27  0000
   32  -0.300  2166 14825613  235.799  230.170  20.990  -22.173  -7.26  -0.44  0000
   33  -0.267  2387 14825614  233.379  232.402  21.496  -24.102  -7.62  -0.80  0000
   34  -0.234  2641 14825615  231.944  234.533  21.766  -25.745  -7.85  -1.03  0000
   35  -0.200  3176 14825616  230.395  236.283  22.101  -27.106  -7.92  -1.10  0000
   36  -0.167  3236 14825617  227.006  238.986  22.913  -29.216  -8.14  -1.32  0000
   37  -0.133  3560 14825618  224.623  241.675  23.481  -31.109  -8.38  -1.56  0000
   38  -0.100  3619 14825619  222.821  243.875  23.925  -32.585  -8.31  -1.49  0000
   39  -0.067  3263 14825620  220.036  246.365  24.651  -34.210  -8.18  -1.36  0000
   40  -0.033  3181 14825621  217.409  248.981  25.352  -35.814  -8.25  -1.43  0000
   41   0.000  3634 14825622  215.445  251.498  25.892  -37.281  -8.29  -1.47  0000
