#
#   version : 20090611
#    num_fr : 21
#      time : 20110809 06:10:51.616 UTC
#      unix : 1312870251.616822
#       ntp : LOCK -6942 416361 11059
#       seq : 14640006
#       mul : 0 [A]
#      site : 01
#    latlon : 45.5749 -94.3965 370.0
#      text : Collegeville
#     label : 
#     plate : metal_20100816_20100506-404-gd3
#      geom : 640 480
#    reject : 0
#
#  fr    time   sum     seq       cx       cy      th      phi    lsp    mag  flag
   30  -0.467  1270 14639992  165.012  258.054  39.967  -39.585  -5.80   1.02  0000
   31  -0.434  1695 14639993  165.902  259.108  39.732  -39.999  -6.65   0.17  0000
   32  -0.400  1947 14639994  165.561  259.841  39.841  -40.268  -6.90  -0.08  0000
   33  -0.367  2216 14639995  167.495  260.610  39.311  -40.606  -7.39  -0.57  0000
   34  -0.334  2624 14639996  168.011  261.264  39.179  -40.870  -7.44  -0.62  0000
   35  -0.300  2576 14639997  169.201  262.495  38.872  -41.377  -7.77  -0.95  0000
   36  -0.267  3121 14639998  170.520  263.187  38.518  -41.688  -7.71  -0.89  0000
   37  -0.234  2829 14639999  172.049  264.443  38.123  -42.233  -7.89  -1.07  0000
   38  -0.200  2969 14640000  172.392  265.017  38.043  -42.471  -8.01  -1.19  0000
   39  -0.167  3028 14640001  173.931  266.355  37.653  -43.064  -8.01  -1.19  0000
   40  -0.133  3720 14640002  175.155  267.225  37.340  -43.466  -8.23  -1.41  0000
   41  -0.100  3635 14640003  176.320  268.471  37.058  -44.023  -8.19  -1.37  0000
   42  -0.067  4387 14640004  177.645  268.911  36.706  -44.272  -8.58  -1.76  0000
   43  -0.033  3627 14640005  178.643  270.145  36.476  -44.830  -8.30  -1.48  0000
   44   0.000  4760 14640006  180.115  271.238  36.113  -45.367  -8.68  -1.86  0000
   45   0.033  3683 14640007  181.471  272.142  35.778  -45.829  -8.28  -1.46  0000
   46   0.067  4574 14640008  182.725  273.857  35.511  -46.629  -8.71  -1.89  0000
   47   0.100  3732 14640009  183.994  274.551  35.196  -47.015  -8.28  -1.46  0000
   48   0.133  3020 14640010  185.405  275.617  34.864  -47.577  -7.99  -1.17  0000
   49   0.167  2272 14640011  185.920  276.400  34.765  -47.951  -7.12  -0.30  0000
   50   0.200  1522 14640012  188.235  277.789  34.211  -48.750  -6.23   0.59  0000
