#
#   version : 20090611
#    num_fr : 21
#      time : 20110809 04:46:41.988 UTC
#      unix : 1312865201.988371
#       ntp : LOCK -10712 606956 8644
#       seq : 14488669
#       mul : 0 [A]
#      site : 01
#    latlon : 45.5749 -94.3965 370.0
#      text : Collegeville
#     label : 
#     plate : metal_20100816_20100506-404-gd3
#      geom : 640 480
#    reject : 0
#
#  fr    time   sum     seq       cx       cy      th      phi    lsp    mag  flag
   30  -0.601  2049 14488651  182.169  180.573  39.703   -9.177  -6.09   0.73  0000
   32  -0.534  2629 14488653  177.783  182.913  40.522  -10.739  -7.21  -0.39  0000
   33  -0.501  3116 14488654  175.019  185.503  40.927  -12.063  -7.46  -0.64  0000
   34  -0.467  3034 14488655  171.877  187.804  41.483  -13.323  -7.68  -0.86  0000
   35  -0.434  3766 14488656  169.630  189.891  41.848  -14.352  -8.17  -1.35  0000
   36  -0.400  3831 14488657  166.914  191.879  42.361  -15.394  -8.22  -1.40  0000
   37  -0.367  3945 14488658  164.504  194.200  42.776  -16.482  -8.31  -1.49  0000
   38  -0.334  4107 14488659  162.337  196.000  43.188  -17.349  -8.32  -1.50  0000
   39  -0.300  4105 14488660  159.654  198.279  43.710  -18.417  -8.32  -1.50  0000
   40  -0.267  3990 14488661  157.300  200.475  44.164  -19.397  -8.25  -1.43  0000
   41  -0.234  4427 14488662  155.605  202.241  44.485  -20.152  -8.40  -1.58  0000
   42  -0.200  4639 14488663  152.036  204.502  45.294  -21.237  -8.46  -1.64  0000
   43  -0.167  4892 14488664  149.751  207.599  45.708  -22.438  -8.65  -1.83  0000
   44  -0.133  4702 14488665  146.913  209.892  46.347  -23.408  -8.63  -1.81  0000
   45  -0.100  4255 14488666  144.538  212.012  46.882  -24.264  -8.45  -1.63  0000
   46  -0.067  4736 14488667  142.197  214.416  47.403  -25.187  -8.43  -1.61  0000
   47  -0.033  4665 14488668  139.615  216.586  48.018  -26.034  -8.46  -1.64  0000
   48   0.000  5084 14488669  137.165  219.108  48.590  -26.961  -8.62  -1.80  0000
   49   0.033  5020 14488670  135.088  221.590  49.072  -27.835  -8.59  -1.77  0000
   50   0.067  3871 14488671  131.873  224.130  49.890  -28.764  -7.95  -1.13  0000
   51   0.100  2910 14488672  130.224  225.838  50.302  -29.351  -7.46  -0.64  0000
