#
#   version : 20090611
#    num_fr : 13
#      time : 20110809 06:19:40.179 UTC
#      unix : 1312870780.179289
#       ntp : LOCK -6725 676361 11059
#       seq : 14655847
#       mul : 0 [A]
#      site : 01
#    latlon : 45.5749 -94.3965 370.0
#      text : Collegeville
#     label : 
#     plate : metal_20100816_20100506-404-gd3
#      geom : 640 480
#    reject : 0
#
#  fr    time   sum     seq       cx       cy      th      phi    lsp    mag  flag
   29  -0.334  1442 14655837  402.096  400.179  46.665 -157.195  -6.13   0.69  0000
   30  -0.300  1806 14655838  401.489  402.171  47.047 -156.682  -6.33   0.49  0000
   31  -0.267  2092 14655839  400.868  405.201  47.681 -156.000  -6.80   0.02  0000
   32  -0.234  1918 14655840  399.444  408.298  48.226 -155.102  -6.68   0.14  0000
   33  -0.200  1948 14655841  398.380  410.975  48.730 -154.387  -6.94  -0.12  0000
   34  -0.167  2175 14655842  398.145  414.083  49.461 -153.850  -6.82  -0.00  0000
   35  -0.133  2365 14655843  397.139  416.873  50.017 -153.163  -7.22  -0.40  0000
   36  -0.100  2865 14655844  396.203  420.356  50.763 -152.413  -7.55  -0.73  0000
   37  -0.067  2682 14655845  394.609  422.588  51.121 -151.673  -7.66  -0.84  0000
   38  -0.033  3063 14655846  393.689  425.072  51.635 -151.093  -7.61  -0.79  0000
   39   0.000  4041 14655847  393.176  428.704  52.500 -150.486  -8.13  -1.31  0000
   40   0.033  3337 14655848  392.784  431.019  53.048 -150.092  -8.04  -1.22  0000
   41   0.067  2021 14655849  391.247  433.891  53.608 -149.335  -6.67   0.15  0000
