#
#   version : 20090611
#    num_fr : 13
#      time : 20121117 12:17:33.304 UTC
#      unix : 1353154653.304813
#       ntp : LOCK 1722 409378 602
#       seq : 19615740
#       mul : 0 [A]
#      site : 01
#    latlon : 45.5749 -94.3965 370.0
#      text : Collegeville
#     label : 
#     plate : metal_20100816_20100506-404-gd3
#      geom : 640 480
#    reject : 0
#
#  fr    time   sum     seq       cx       cy      th      phi    lsp    mag  flag
   29  -0.467  2784 19615726  357.224  473.717  61.547 -137.126  -6.80   0.02  0000
   30  -0.434  3893 19615727  359.107  472.410  61.288 -137.670  -7.00  -0.18  0000
   31  -0.400  3463 19615728  359.706  472.295  61.293 -137.826  -6.81   0.01  0000
   32  -0.367  3043 19615729  362.098  471.853  61.322 -138.449  -6.93  -0.11  0000
   33  -0.334  2844 19615730  362.983  471.094  61.166 -138.716  -7.04  -0.22  0000
   34  -0.300  3659 19615731  364.292  470.135  60.983 -139.103  -6.98  -0.16  0000
   35  -0.267  3253 19615732  365.119  469.494  60.859 -139.351  -7.16  -0.34  0000
   36  -0.234  2825 19615733  368.068  469.602  61.105 -140.077  -6.33   0.49  0000
   37  -0.200  3445 19615734  368.165  469.039  60.953 -140.140  -6.77   0.05  0000
   39  -0.133  2621 19615736  371.358  468.312  60.995 -140.982  -6.70   0.12  0000
   40  -0.100  2844 19615737  374.754  466.789  60.845 -141.933  -6.94  -0.12  0000
   42  -0.033  3158 19615739  376.140  466.496  60.881 -142.297  -6.29   0.53  0000
   43   0.000  4055 19615740  379.800  465.054  60.804 -143.310  -7.07  -0.25  0000
