#
#   version : 20090611
#    num_fr : 13
#      time : 20121117 07:35:58.208 UTC
#      unix : 1353137758.208348
#       ntp : LOCK -158 874830 762
#       seq : 19109399
#       mul : 0 [A]
#      site : 01
#    latlon : 45.5749 -94.3965 370.0
#      text : Collegeville
#     label : 
#     plate : metal_20100816_20100506-404-gd3
#      geom : 640 480
#    reject : 0
#
#  fr    time   sum     seq       cx       cy      th      phi    lsp    mag  flag
   29  -0.100  1894 19109396  342.756  284.405  12.086 -168.836  -6.54   0.28  0000
   30  -0.067  2106 19109397  346.185  286.440  13.097 -170.171  -6.76   0.06  0000
   31  -0.033  2233 19109398  347.893  289.070  13.905 -169.546  -7.05  -0.23  0000
   32   0.000  2278 19109399  351.467  292.408  15.191 -169.873  -6.97  -0.15  0000
   33   0.033  2117 19109400  354.526  294.697  16.188 -170.474  -6.90  -0.08  0000
   34   0.067  2054 19109401  358.149  298.324  17.542 -170.543  -6.48   0.34  0000
   35   0.100  1774 19109402  361.270  300.439  18.523 -171.164  -6.49   0.33  0000
   36   0.133  2200 19109403  364.723  304.778  19.981 -170.706  -6.56   0.26  0000
   37   0.167  1790 19109404  367.887  306.775  20.954 -171.326  -6.43   0.39  0000
   38   0.200  1687 19109405  370.391  310.210  22.067 -170.875  -6.33   0.49  0000
   39   0.234  2115 19109406  371.848  312.277  22.730 -170.600  -6.55   0.27  0000
   40   0.267  1925 19109407  376.185  315.487  24.156 -171.134  -6.40   0.42  0000
   41   0.300  1723 19109408  377.794  318.218  24.973 -170.656  -6.22   0.60  0000
