#
#   version : 20090611
#    num_fr : 19
#      time : 20140828 02:22:22.429 UTC
#      unix : 1409192542.429227
#       ntp : LOCK -160 395788 693
#       seq : 24353828
#       mul : 0 [A]
#      site : 01
#    latlon : 45.5749 -94.3965 370.0
#      text : Collegeville
#     label : 
#     plate : metal_20100816_20100506-404-gd3
#      geom : 640 480
#    reject : 0
#
#  fr    time   sum     seq       cx       cy      th      phi    lsp    mag  flag
   29  -0.367  1924 24353817  377.857  400.908  43.633 -149.772  -5.82   1.00  0000
   31  -0.300  2231 24353819  379.632  405.084  44.889 -149.736  -6.36   0.46  0000
   32  -0.267  2707 24353820  378.563  408.492  45.631 -148.931  -7.05  -0.23  0000
   33  -0.234  3083 24353821  379.908  410.525  46.299 -149.071  -7.74  -0.92  0000
   34  -0.200  4277 24353822  378.864  413.157  46.855 -148.406  -8.31  -1.49  0000
   35  -0.167  5488 24353823  379.449  415.138  47.428 -148.328  -8.84  -2.02  0000
   36  -0.133  6512 24353824  379.453  417.970  48.157 -147.973  -9.15  -2.33  0000
   37  -0.100  7358 24353825  379.520  419.829  48.645 -147.764  -9.33  -2.51  0000
   38  -0.067  7614 24353826  379.479  421.762  49.141 -147.518  -9.31  -2.49  0000
   39  -0.033  8126 24353827  379.733  424.829  49.966 -147.230  -9.48  -2.66  0000
   40   0.000  8246 24353828  379.596  426.846  50.479 -146.958  -9.47  -2.65  0000
   41   0.033  7813 24353829  379.728  429.821  51.273 -146.660  -9.42  -2.60  0000
   42   0.067  7730 24353830  379.726  431.464  51.706 -146.478  -9.40  -2.58  0000
   43   0.100  7033 24353831  379.555  433.362  52.189 -146.225  -9.20  -2.38  0000
   44   0.133  6642 24353832  379.672  436.234  52.962 -145.952  -9.17  -2.35  0000
   45   0.167  6983 24353833  379.533  437.664  53.329 -145.766  -9.20  -2.38  0000
   46   0.200  5770 24353834  379.901  440.272  54.061 -145.599  -8.88  -2.06  0000
   47   0.234  3796 24353835  379.487  442.058  54.498 -145.308  -7.87  -1.05  0000
   48   0.267  2006 24353836  380.279  443.996  55.096 -145.328  -6.21   0.61  0000
