#
#   version : 20090611
#    num_fr : 14
#      time : 20131103 12:09:46.131 UTC
#      unix : 1383480586.131974
#       ntp : LOCK 1658 315349 2043
#       seq : 177031496
#       mul : 0 [A]
#      site : 01
#    latlon : 45.5749 -94.3965 370.0
#      text : Collegeville
#     label : 
#     plate : metal_20100816_20100506-404-gd3
#      geom : 640 480
#    reject : 0
#
#  fr    time   sum     seq       cx       cy      th      phi    lsp    mag  flag
   29  -0.133  5244 177031492  188.321  283.122  34.523  -51.019  -7.88  -1.06  0000
   30  -0.100  4517 177031493  186.710  282.214  34.898  -50.465  -8.32  -1.50  0000
   31  -0.067  4642 177031494  183.960  281.147  35.576  -49.745  -8.58  -1.76  0000
   32  -0.033  6911 177031495  179.915  279.419  36.576  -48.670  -8.80  -1.98  0000
   33   0.000  8646 177031496  177.018  278.818  37.337  -48.186  -9.22  -2.40  0000
   34   0.033  5319 177031497  175.147  277.349  37.774  -47.463  -9.14  -2.32  0000
   35   0.067  7104 177031498  171.842  275.638  38.602  -46.564  -9.14  -2.32  0000
   36   0.100  7182 177031499  169.104  274.833  39.325  -46.079  -9.36  -2.54  0000
   37   0.133  6156 177031500  166.115  273.663  40.106  -45.460  -9.30  -2.48  0000
   38   0.167  5572 177031501  162.661  271.607  40.989  -44.519  -9.48  -2.66  0000
   39   0.200  5973 177031502  159.515  269.860  41.810  -43.741  -9.52  -2.70  0000
   40   0.234  5708 177031503  155.747  269.045  42.846  -43.294  -9.66  -2.84  0000
   41   0.267  4854 177031504  153.255  267.414  43.501  -42.634  -8.94  -2.12  0000
   42   0.300  2101 177031505  153.344  266.363  43.446  -42.275  -6.80   0.02  0000
