#
#   version : 20090611
#    num_fr : 13
#      time : 20131103 04:39:14.811 UTC
#      unix : 1383453554.811694
#       ntp : LOCK -526 566195 1457
#       seq : 176221386
#       mul : 0 [A]
#      site : 01
#    latlon : 45.5749 -94.3965 370.0
#      text : Collegeville
#     label : 
#     plate : metal_20100816_20100506-404-gd3
#      geom : 640 480
#    reject : 0
#
#  fr    time   sum     seq       cx       cy      th      phi    lsp    mag  flag
   29  -0.334  1663 176221376  458.686  239.337  39.688  140.207  -5.73   1.09  0000
   30  -0.300  2037 176221377  459.909  242.265  39.980  141.348  -6.37   0.45  0000
   31  -0.267  2107 176221378  460.875  246.085  40.209  142.805  -6.66   0.16  0000
   32  -0.234  2310 176221379  461.268  248.601  40.306  143.754  -6.90  -0.08  0000
   33  -0.200  2649 176221380  461.480  252.869  40.371  145.355  -7.18  -0.36  0000
   34  -0.167  2597 176221381  461.583  256.277  40.427  146.629  -7.31  -0.49  0000
   35  -0.133  2827 176221382  463.096  260.191  40.905  148.058  -7.21  -0.39  0000
   36  -0.100  2843 176221383  462.946  263.041  40.921  149.113  -7.36  -0.54  0000
   37  -0.067  2850 176221384  464.345  266.546  41.400  150.352  -7.49  -0.67  0000
   38  -0.033  2816 176221385  464.342  270.299  41.519  151.714  -7.47  -0.65  0000
   39   0.000  2883 176221386  464.931  274.234  41.833  153.101  -7.48  -0.66  0000
   40   0.033  2862 176221387  464.618  277.152  41.875  154.162  -7.30  -0.48  0000
   41   0.067  2202 176221388  465.865  280.022  42.358  155.101  -6.43   0.39  0000
