#
#   version : 20090611
#    num_fr : 14
#      time : 20130817 06:18:33.315 UTC
#      unix : 1376720313.315840
#       ntp : LOCK 435 1164538 616
#       seq : 79243351
#       mul : 0 [A]
#      site : 01
#    latlon : 45.5749 -94.3965 370.0
#      text : Collegeville
#     label : 
#     plate : metal_20100816_20100506-404-gd3
#      geom : 640 480
#    reject : 0
#
#  fr    time   sum     seq       cx       cy      th      phi    lsp    mag  flag
   29  -0.300  2852 79243342  482.086  315.992  49.498  165.173  -6.34   0.48  0000
   31  -0.234  2589 79243344  484.401  314.182  49.944  164.407  -6.42   0.40  0000
   32  -0.200  2894 79243345  485.001  313.130  50.006  164.042  -6.33   0.49  0000
   33  -0.167  2741 79243346  485.411  312.754  50.082  163.892  -6.19   0.63  0000
   34  -0.133  2843 79243347  487.417  312.150  50.570  163.521  -6.39   0.43  0000
   35  -0.100  2896 79243348  487.873  311.475  50.632  163.284  -6.40   0.42  0000
   36  -0.067  2762 79243349  488.070  310.777  50.623  163.065  -6.40   0.42  0000
   37  -0.033  2757 79243350  489.209  310.337  50.895  162.832  -6.33   0.49  0000
   38   0.000  3441 79243351  490.289  309.061  51.078  162.368  -6.74   0.08  0000
   39   0.033  2864 79243352  490.582  309.220  51.172  162.387  -6.06   0.76  0000
   40   0.067  2685 79243353  491.355  307.825  51.265  161.920  -5.79   1.03  0000
   43   0.167  2633 79243356  494.981  305.403  52.066  160.926  -6.21   0.61  0000
   44   0.200  3185 79243357  495.166  305.095  52.093  160.823  -6.90  -0.08  0000
   45   0.234  1926 79243358  496.387  304.266  52.366  160.492  -6.59   0.23  0000
