#
#   version : 20090611
#    num_fr : 18
#      time : 20101123 08:07:10.966 UTC
#      unix : 1290499630.966109
#       ntp : LOCK 16235 616140 5728
#       seq : 24402870
#       mul : 0 [A]
#      site : 01
#    latlon : 45.5749 -94.3965 370.0
#      text : Collegeville
#     label : 
#     plate : metal_20100816_20100506-404-gd3
#      geom : 640 480
#    reject : 0
#
#  fr    time   sum     seq       cx       cy      th      phi    lsp    mag  flag
   29  -0.467  2156 24402856  204.711   92.052  51.375   18.237  -5.82  -5.82  0000
   30  -0.434  3085 24402857  206.005   89.007  51.869   19.067  -6.84  -6.84  0000
   31  -0.400  3346 24402858  207.187   87.138  52.115   19.668  -7.28  -7.28  0000
   32  -0.367  4571 24402859  208.256   85.682  52.288   20.170  -7.58  -7.58  0000
   33  -0.334  4204 24402860  210.891   83.433  52.409   21.192  -8.11  -8.11  0000
   34  -0.300  5649 24402861  212.146   79.687  53.120   22.070  -8.46  -8.46  0000
   35  -0.267  5329 24402862  214.589   77.649  53.252   22.992  -8.68  -8.68  0000
   36  -0.234  5442 24402863  215.885   75.803  53.516   23.585  -8.55  -8.55  0000
   37  -0.200  5737 24402864  217.769   73.579  53.797   24.376  -8.62  -8.62  0000
   38  -0.167  7221 24402865  218.525   71.419  54.229   24.858  -8.56  -8.56  0000
   39  -0.133  7720 24402866  220.536   68.764  54.619   25.719  -8.79  -8.79  0000
   40  -0.100  5540 24402867  222.171   66.002  55.100   26.484  -8.76  -8.76  0000
   41  -0.067  6872 24402868  224.017   63.883  55.400   27.216  -8.64  -8.64  0000
   42  -0.033  6537 24402869  227.757   61.242  55.608   28.492  -8.67  -8.67  0000
   43   0.000  7741 24402870  228.627   59.209  56.030   28.942  -8.87  -8.87  0000
   44   0.033  5803 24402871  231.242   55.894  56.587   29.974  -8.58  -8.58  0000
   45   0.067  6943 24402872  232.760   53.810  56.961   30.579  -8.61  -8.61  0000
   46   0.100  3612 24402873  236.399   51.611  57.140   31.740  -7.54  -7.54  0000
