#
#   version : 20090611
#    num_fr : 13
#      time : 20141118 00:21:40.897 UTC
#      unix : 1416270100.897953
#       ntp : LOCK -1380 599879 898
#       seq : 236463611
#       mul : 0 [A]
#      site : 01
#    latlon : 45.5749 -94.3965 370.0
#      text : Collegeville
#     label : 
#     plate : metal_20100816_20100506-404-gd3
#      geom : 640 480
#    reject : 0
#
#  fr    time   sum     seq       cx       cy      th      phi    lsp    mag  flag
   30  -2.369  4291 236463540  362.554  346.265  28.506 -154.230  -8.00  -1.18  0000
   59  -1.401  4411 236463569  368.434  346.516  29.359 -156.853  -8.28  -1.46  0002
   61  -1.335  3797 236463571  368.052  346.516  29.305 -156.683  -7.87  -1.05  0000
   93  -0.267  3476 236463603  372.546  345.939  29.823 -158.804  -7.67  -0.85  0002
  101   0.000  4625 236463611  375.277  346.247  30.304 -159.871  -8.46  -1.64  0000
  124   0.767  3897 236463634  378.944  345.316  30.675 -161.637  -8.02  -1.20  0002
  143   1.401  4573 236463653  381.005  344.961  30.932 -162.561  -8.43  -1.61  0002
  156   1.835  3632 236463666  384.048  344.422  31.324 -163.902  -7.84  -1.02  0002
  186   2.836  4036 236463696  387.803  344.277  31.940 -165.352  -8.13  -1.31  0002
  187   2.870  3858 236463697  388.188  343.661  31.881 -165.680  -8.24  -1.42  0000
  219   3.937  3797 236463729  393.839  343.848  32.934 -167.629  -7.85  -1.03  0002
  228   4.238  3907 236463738  394.527  343.905  33.072 -167.848  -8.08  -1.26  0000
  250   4.972  3533 236463760  398.140  343.022  33.574 -169.330  -7.69  -0.87  0002
