#
#   version : 20090611
#    num_fr : 15
#      time : 20091107 01:30:07.375 UTC
#      unix : 1257557407.375376
#       ntp : LOCK 15168 541709 3954
#       seq : 10916947
#       mul : 0 [A]
#      site : 01
#    latlon : 45.5749 -94.3965 370.0
#      text : Collegeville
#     label : 
#     plate : 
#      geom : 640 480
#    reject : 0
#
#  fr    time   sum     seq       cx       cy      th      phi    lsp    mag  flag
   30  -0.167  1652 10916942  313.078  330.483  24.284 -124.321  -5.95  -5.95  0000
   31  -0.133  1635 10916943  312.199  330.999  24.415 -123.767  -6.06  -6.06  0000
   33  -0.067  1841 10916945  311.037  332.683  24.853 -123.049  -6.51  -6.51  0000
   35   0.000  2166 10916947  308.088  333.532  25.090 -121.256  -6.75  -6.75  0000
   36   0.033  1818 10916948  307.005  333.952  25.211 -120.610  -6.56  -6.56  0000
   37   0.067  1955 10916949  306.317  334.793  25.440 -120.222  -6.60  -6.60  0000
   38   0.100  2011 10916950  306.015  335.155  25.538 -120.053  -6.77  -6.77  0000
   39   0.133  1797 10916951  305.248  335.994  25.769 -119.628  -6.49  -6.49  0000
   40   0.167  1704 10916952  303.097  336.698  25.995 -118.392  -6.38  -6.38  0000
   41   0.200  1843 10916953  302.591  337.242  26.149 -118.125  -6.15  -6.15  0000
   43   0.267  1896 10916955  301.097  338.662  26.556 -117.342  -6.39  -6.39  0000
   44   0.300  1579 10916956  298.657  338.928  26.701 -115.966  -5.87  -5.87  0000
   46   0.367  2001 10916958  296.616  340.681  27.229 -114.953  -6.52  -6.52  0000
   47   0.400  1831 10916959  296.298  341.162  27.366 -114.816  -6.32  -6.32  0000
   48   0.434  1457 10916960  295.446  341.682  27.535 -114.389  -5.89  -5.89  0000
