#
#   version : 20090611
#    num_fr : 13
#      time : 20091107 07:26:24.573 UTC
#      unix : 1257578784.573777
#       ntp : LOCK -4011 271855 3653
#       seq : 11557621
#       mul : 0 [A]
#      site : 01
#    latlon : 45.5749 -94.3965 370.0
#      text : Collegeville
#     label : 
#     plate : 
#      geom : 640 480
#    reject : 0
#
#  fr    time   sum     seq       cx       cy      th      phi    lsp    mag  flag
   30  -0.234  2729 11557614  462.266  178.623  43.430  125.529  -6.86  -6.86  0000
   31  -0.200  2429 11557615  463.461  177.917  43.813  125.441  -6.63  -6.63  0000
   33  -0.133  2655 11557617  466.063  175.086  44.777  124.850  -6.97  -6.97  0000
   34  -0.100  2806 11557618  467.632  173.785  45.320  124.630  -6.67  -6.67  0000
   35  -0.067  2715 11557619  469.032  173.026  45.765  124.561  -6.91  -6.91  0000
   36  -0.033  2847 11557620  470.188  171.560  46.219  124.250  -7.04  -7.04  0000
   37   0.000  2882 11557621  471.119  170.044  46.621  123.904  -6.84  -6.84  0000
   38   0.033  2830 11557622  472.096  168.953  46.993  123.694  -6.86  -6.86  0000
   39   0.067  2601 11557623  471.817  167.836  47.038  123.331  -6.64  -6.64  0000
   40   0.100  2790 11557624  475.683  166.598  48.186  123.425  -6.88  -6.88  0000
   41   0.133  2561 11557625  476.291  165.330  48.482  123.132  -6.61  -6.61  0000
   42   0.167  2676 11557626  477.764  164.016  49.012  122.930  -6.81  -6.81  0000
   43   0.200  2244 11557627  478.179  163.422  49.187  122.810  -6.54  -6.54  0000
