#
#   version : 20090611
#    num_fr : 12
#      time : 20160127 10:49:31.606 UTC
#      unix : 1453891771.606809
#       ntp : LOCK 681 959139 5457
#       seq : 17170125
#       mul : 0 [A]
#      site : 01
#    latlon : 45.5749 -94.3965 370.0
#      text : Collegeville
#     label : 
#     plate : metal_20100816_20100506-404-gd3
#      geom : 640 480
#    reject : 0
#
#  fr    time   sum     seq       cx       cy      th      phi    lsp    mag  flag
   30  -0.234  3300 17170118  118.162  112.736  65.777   -2.545    nan    nan  0000
   31  -0.200  4709 17170119  118.946  111.848  65.728   -2.264  -4.96   1.86  0000
   32  -0.167  3316 17170120  118.114  109.142  66.401   -1.870  -5.93   0.89  0000
   33  -0.133  6444 17170121  118.187  107.230  66.713   -1.502  -6.06   0.76  0000
   34  -0.100  5157 17170122  118.278  106.840  66.758   -1.416  -7.16  -0.34  0000
   35  -0.067  4736 17170123  118.922  105.334  66.860   -1.044  -7.63  -0.81  0000
   36  -0.033  5840 17170124  118.364  102.926  67.426   -0.683  -7.72  -0.90  0000
   37   0.000  7726 17170125  118.250  101.092  67.782   -0.366  -7.63  -0.81  0000
   38   0.033  4560 17170126  118.929   99.981  67.814   -0.066  -7.54  -0.72  0000
   39   0.067  4249 17170127  120.458   97.831  67.827    0.545  -7.27  -0.45  0000
   40   0.100  3353 17170128  120.160   95.781  68.278    0.865  -7.24  -0.42  0000
   41   0.133  3501 17170129  120.294   95.326  68.329    0.965  -6.12   0.70  0000
