#
#   version : 20090611
#    num_fr : 12
#      time : 20120911 10:16:38.044 UTC
#      unix : 1347358598.044912
#       ntp : LOCK -241 484028 338
#       seq : 44959497
#       mul : 0 [A]
#      site : 01
#    latlon : 45.5749 -94.3965 370.0
#      text : Collegeville
#     label : 
#     plate : metal_20100816_20100506-404-gd3
#      geom : 640 480
#    reject : 0
#
#  fr    time   sum     seq       cx       cy      th      phi    lsp    mag  flag
   29  -0.234  3016 44959490  179.317   94.070  55.531   11.897  -6.17   0.65  0000
   32  -0.133  3386 44959493  181.683   95.095  54.851   12.232  -7.06  -0.24  0000
   33  -0.100  3222 44959494  181.154   95.798  54.802   11.989  -6.99  -0.17  0000
   34  -0.067  3260 44959495  181.658   96.198  54.619   12.028  -7.12  -0.30  0000
   35  -0.033  3657 44959496  182.051   96.955  54.380   11.978  -7.23  -0.41  0000
   36   0.000  3744 44959497  182.225   97.093  54.317   11.992  -7.31  -0.49  0000
   37   0.033  3414 44959498  183.342   97.874  53.933   12.099  -7.18  -0.36  0000
   38   0.067  3563 44959499  182.973   98.731  53.821   11.858  -7.21  -0.39  0000
   39   0.100  3716 44959500  183.041   99.098  53.730   11.806  -7.13  -0.31  0000
   40   0.133  3376 44959501  184.506  100.265  53.197   11.919  -7.02  -0.20  0000
   41   0.167  3317 44959502  184.826  100.715  53.039   11.908  -6.94  -0.12  0000
   42   0.200  2982 44959503  185.160  101.008  52.912   11.929  -6.89  -0.07  0000
