#
#   version : 20090611
#    num_fr : 19
#      time : 20120906 05:25:21.241 UTC
#      unix : 1346909121.241946
#       ntp : LOCK 214 285355 614
#       seq : 31488793
#       mul : 0 [A]
#      site : 01
#    latlon : 45.5749 -94.3965 370.0
#      text : Collegeville
#     label : 
#     plate : metal_20100816_20100506-404-gd3
#      geom : 640 480
#    reject : 0
#
#  fr    time   sum     seq       cx       cy      th      phi    lsp    mag  flag
   30  -0.667  1933 31488773  299.439  380.894  34.471 -120.278  -5.71   1.11  0000
   31  -0.634  1832 31488774  298.025  384.789  35.558 -119.816  -5.59   1.23  0000
   34  -0.534  1955 31488777  297.068  392.304  37.613 -119.716  -6.13   0.69  0000
   35  -0.501  2152 31488778  297.876  396.437  38.708 -120.192  -6.26   0.56  0000
   36  -0.467  2196 31488779  297.178  398.758  39.358 -119.999  -6.43   0.39  0000
   37  -0.434  2132 31488780  296.682  401.821  40.206 -119.915  -6.20   0.62  0000
   38  -0.400  2079 31488781  296.540  404.795  41.020 -119.964  -6.61   0.21  0000
   39  -0.367  2368 31488782  295.888  406.669  41.551 -119.786  -6.96  -0.14  0000
   40  -0.334  2319 31488783  296.859  410.963  42.697 -120.279  -6.76   0.06  0000
   41  -0.300  2716 31488784  295.685  412.312  43.101 -119.900  -7.07  -0.25  0000
   42  -0.267  2755 31488785  294.740  414.713  43.788 -119.644  -6.91  -0.09  0000
   43  -0.234  2854 31488786  295.098  418.619  44.852 -119.894  -7.17  -0.35  0000
   44  -0.200  2508 31488787  294.382  420.184  45.305 -119.698  -7.06  -0.24  0000
   45  -0.167  2930 31488788  294.447  422.632  45.979 -119.797  -7.20  -0.38  0000
   46  -0.133  3032 31488789  295.022  426.816  47.121 -120.109  -7.32  -0.50  0000
   47  -0.100  3204 31488790  293.772  428.492  47.624 -119.750  -7.73  -0.91  0000
   48  -0.067  3028 31488791  293.034  430.593  48.231 -119.575  -7.33  -0.51  0000
   49  -0.033  3198 31488792  293.613  432.598  48.771 -119.818  -7.37  -0.55  0000
   50   0.000  3391 31488793  292.399  436.094  49.785 -119.538  -7.63  -0.81  0000
