#
#   version : 20090611
#    num_fr : 13
#      time : 20120906 09:09:20.315 UTC
#      unix : 1346922560.315607
#       ntp : LOCK -275 323536 1002
#       seq : 31891558
#       mul : 0 [A]
#      site : 01
#    latlon : 45.5749 -94.3965 370.0
#      text : Collegeville
#     label : 
#     plate : metal_20100816_20100506-404-gd3
#      geom : 640 480
#    reject : 0
#
#  fr    time   sum     seq       cx       cy      th      phi    lsp    mag  flag
   29  -0.133  2285 31891554  475.864  321.980  48.471  167.626  -6.40   0.42  0000
   30  -0.100  2724 31891555  476.161  320.675  48.408  167.211  -6.82   0.00  0000
   31  -0.067  2777 31891556  477.489  319.830  48.668  166.806  -7.22  -0.40  0000
   32  -0.033  3246 31891557  478.148  319.044  48.759  166.500  -7.49  -0.67  0000
   33   0.000  3284 31891558  478.582  317.319  48.696  165.947  -7.46  -0.64  0000
   34   0.033  3226 31891559  478.755  317.104  48.720  165.865  -7.29  -0.47  0000
   35   0.067  3074 31891560  479.851  316.095  48.911  165.447  -7.33  -0.51  0000
   36   0.100  3177 31891561  480.889  315.214  49.101  165.076  -7.13  -0.31  0000
   37   0.133  2863 31891562  481.384  313.474  49.065  164.515  -7.17  -0.35  0000
   38   0.167  2703 31891563  482.032  313.148  49.208  164.351  -6.53   0.29  0000
   39   0.200  2402 31891564  484.168  312.069  49.683  163.818  -6.77   0.05  0000
   40   0.234  2185 31891565  484.976  310.980  49.801  163.422  -5.66   1.16  0000
   41   0.267  2253 31891566  485.908  310.176  49.982  163.097  -5.97   0.85  0000
