#
#   version : 20090611
#    num_fr : 12
#      time : 20120906 02:19:42.284 UTC
#      unix : 1346897982.284134
#       ntp : LOCK 29 333331 651
#       seq : 31154963
#       mul : 0 [A]
#      site : 01
#    latlon : 45.5749 -94.3965 370.0
#      text : Collegeville
#     label : 
#     plate : metal_20100816_20100506-404-gd3
#      geom : 640 480
#    reject : 0
#
#  fr    time   sum     seq       cx       cy      th      phi    lsp    mag  flag
   29  -0.267  1882 31154955  397.359  464.361  62.406 -147.559  -6.20   0.62  0000
   30  -0.234  1755 31154956  397.680  464.190  62.396 -147.650  -6.20   0.62  0000
   31  -0.200  1826 31154957  398.869  466.244  63.089 -147.723  -6.06   0.76  0000
   32  -0.167  2060 31154958  397.961  467.294  63.273 -147.413  -6.28   0.54  0000
   34  -0.100  2279 31154960  398.101  468.867  63.719 -147.294  -6.98  -0.16  0000
   35  -0.067  2209 31154961  397.885  469.512  63.872 -147.184  -6.76   0.06  0000
   36  -0.033  2290 31154962  396.780  470.523  64.026 -146.837  -6.99  -0.17  0000
   37   0.000  2920 31154963  396.784  471.215  64.217 -146.774  -7.55  -0.73  0000
   38   0.033  2586 31154964  396.898  472.162  64.491 -146.712  -7.30  -0.48  0000
   39   0.067  2413 31154965  396.343  472.833  64.615 -146.525  -6.94  -0.12  0000
   40   0.100  1879 31154966  397.147  474.087  65.050 -146.592  -6.50   0.32  0000
   41   0.133  1868 31154967  396.806  475.117  65.298 -146.422  -6.19   0.63  0000
