#
#   version : 20090611
#    num_fr : 26
#      time : 20110210 12:03:23.634 UTC
#      unix : 1297339403.634397
#       ntp : LOCK -6919 304559 1866
#       seq : 74144997
#       mul : 0 [A]
#      site : 01
#    latlon : 45.5749 -94.3965 370.0
#      text : Collegeville
#     label : 
#     plate : metal_20100816_20100506-404-gd3
#      geom : 640 480
#    reject : 0
#
#  fr    time   sum     seq       cx       cy      th      phi    lsp    mag  flag
   29  -0.701  1351 74144976  461.400  283.893  41.345  156.792  -5.76  -5.76  0000
   31  -0.634  1273 74144978  466.270  286.137  42.811  157.204  -5.77  -5.77  0000
   33  -0.567  1577 74144980  469.037  289.000  43.748  157.965  -6.33  -6.33  0000
   34  -0.534  1298 74144981  470.313  290.039  44.165  158.212  -5.91  -5.91  0000
   35  -0.501  1691 74144982  471.181  291.316  44.487  158.566  -6.24  -6.24  0000
   36  -0.467  1613 74144983  473.494  292.380  45.192  158.727  -6.45  -6.45  0000
   37  -0.434  1715 74144984  475.215  293.896  45.768  159.077  -6.74  -6.74  0000
   38  -0.400  2042 74144985  475.563  294.797  45.926  159.338  -6.85  -6.85  0000
   39  -0.367  1764 74144986  477.277  296.646  46.529  159.782  -6.67  -6.67  0000
   40  -0.334  2028 74144987  478.673  296.799  46.922  159.712  -6.71  -6.71  0000
   41  -0.300  2056 74144988  480.247  298.421  47.473  160.084  -6.93  -6.93  0000
   42  -0.267  1902 74144989  481.685  299.787  47.970  160.382  -7.01  -7.01  0000
   43  -0.234  2256 74144990  482.730  300.753  48.330  160.587  -6.89  -6.89  0000
   44  -0.200  2286 74144991  485.084  302.105  49.080  160.793  -7.27  -7.27  0000
   45  -0.167  2508 74144992  486.182  303.622  49.502  161.150  -7.28  -7.28  0000
   46  -0.133  2509 74144993  487.073  304.257  49.797  161.260  -7.36  -7.36  0000
   47  -0.100  2366 74144994  488.977  306.228  50.480  161.669  -7.33  -7.33  0000
   48  -0.067  2388 74144995  489.527  306.994  50.694  161.842  -7.04  -7.04  0000
   49  -0.033  2159 74144996  491.642  308.121  51.369  161.980  -7.31  -7.31  0000
   50   0.000  2801 74144997  493.177  309.559  51.913  162.252  -7.69  -7.69  0000
   51   0.033  2490 74144998  494.176  310.859  52.299  162.528  -7.40  -7.40  0000
   52   0.067  2583 74144999  495.342  312.064  52.725  162.760  -7.64  -7.64  0000
   53   0.100  2417 74145000  496.085  313.036  53.015  162.962  -7.08  -7.08  0000
   54   0.133  1898 74145001  498.202  314.408  53.719  163.147  -6.88  -6.88  0000
   55   0.167  2137 74145002  499.963  315.743  54.325  163.351  -6.71  -6.71  0000
   56   0.200  1264 74145003  500.200  316.515  54.461  163.536  -5.45  -5.45  0000
