#
#   version : 20090611
#    num_fr : 18
#      time : 20120909 04:01:52.322 UTC
#      unix : 1347163312.322157
#       ntp : LOCK -75 329540 436
#       seq : 39106831
#       mul : 0 [A]
#      site : 01
#    latlon : 45.5749 -94.3965 370.0
#      text : Collegeville
#     label : 
#     plate : metal_20100816_20100506-404-gd3
#      geom : 640 480
#    reject : 0
#
#  fr    time   sum     seq       cx       cy      th      phi    lsp    mag  flag
   30  -0.400  1669 39106819  397.631   41.665  60.726   76.487  -5.74   1.08  0000
   31  -0.367  1540 39106820  398.169   42.192  60.647   76.671  -5.86   0.96  0000
   32  -0.334  1998 39106821  401.690   42.922  60.868   77.597  -5.93   0.89  0000
   33  -0.300  2078 39106822  401.694   43.724  60.657   77.683  -6.46   0.36  0000
   34  -0.267  1724 39106823  403.492   44.340  60.713   78.181  -6.34   0.48  0000
   35  -0.234  2150 39106824  406.505   44.754  60.979   78.944  -6.54   0.28  0000
   36  -0.200  2348 39106825  406.867   45.728  60.770   79.140  -7.02  -0.20  0000
   37  -0.167  2613 39106826  408.665   46.462  60.810   79.649  -7.26  -0.44  0000
   38  -0.133  2820 39106827  411.211   47.719  60.818   80.394  -7.58  -0.76  0000
   39  -0.100  2606 39106828  411.817   48.078  60.806   80.578  -7.34  -0.52  0000
   40  -0.067  2919 39106829  414.938   49.001  60.992   81.416  -7.72  -0.90  0000
   41  -0.033  3051 39106830  416.704   50.354  60.892   81.990  -7.57  -0.75  0000
   42   0.000  3309 39106831  418.262   50.497  61.076   82.367  -7.61  -0.79  0000
   43   0.033  2680 39106832  419.882   51.908  60.950   82.916  -7.42  -0.60  0000
   44   0.067  2500 39106833  422.172   53.019  61.004   83.580  -7.20  -0.38  0000
   45   0.100  2523 39106834  424.559   53.710  61.187   84.210  -7.45  -0.63  0000
   46   0.133  2180 39106835  425.212   54.281  61.143   84.432  -6.57   0.25  0000
   47   0.167  1992 39106836  428.189   55.661  61.256   85.282  -6.33   0.49  0000
