#
#   version : 20090611
#    num_fr : 29
#      time : 20121118 10:36:56.475 UTC
#      unix : 1353235016.475852
#       ntp : LOCK 1403 167644 909
#       seq : 22024212
#       mul : 0 [A]
#      site : 01
#    latlon : 45.5749 -94.3965 370.0
#      text : Collegeville
#     label : 
#     plate : metal_20100816_20100506-404-gd3
#      geom : 640 480
#    reject : 0
#
#  fr    time   sum     seq       cx       cy      th      phi    lsp    mag  flag
   29  -0.434  2570 22024199  542.546  184.332  66.374  128.887  -6.53   0.29  0000
   30  -0.400  2707 22024200  543.674  183.546  66.766  128.785  -7.05  -0.23  0000
   31  -0.367  3008 22024201  543.576  182.969  66.783  128.648  -7.29  -0.47  0000
   32  -0.334  3004 22024202  544.465  182.229  67.103  128.542  -7.44  -0.62  0000
   33  -0.300  2984 22024203  544.854  181.017  67.316  128.297  -7.58  -0.76  0000
   34  -0.267  2798 22024204  545.036  180.609  67.403  128.219  -7.54  -0.72  0000
   35  -0.234  3303 22024205  544.526  179.924  67.311  128.030  -7.79  -0.97  0000
   36  -0.200  3277 22024206  545.332  179.021  67.622  127.886  -7.95  -1.13  0000
   37  -0.167  3139 22024207  545.331  178.567  67.660  127.785  -7.69  -0.87  0000
   38  -0.133  3311 22024208  545.972  177.709  67.920  127.640  -7.78  -0.96  0000
   39  -0.100  3725 22024209  546.099  176.911  68.026  127.473  -8.17  -1.35  0000
   40  -0.067  5032 22024210  545.414  175.895  67.915  127.199  -8.77  -1.95  0000
   41  -0.033  6049 22024211  545.912  175.006  68.139  127.040  -9.02  -2.20  0000
   42   0.000  7244 22024212  545.837  174.387  68.172  126.898  -9.39  -2.57  0000
   43   0.033  6791 22024213  546.014  173.456  68.307  126.707  -9.22  -2.40  0000
   44   0.067  6056 22024214  546.185  172.779  68.418  126.572  -9.16  -2.34  0000
   45   0.100  6194 22024215  546.631  172.093  68.611  126.456  -9.07  -2.25  0000
   46   0.133  4772 22024216  546.747  171.415  68.707  126.317  -8.65  -1.83  0000
   47   0.167  5131 22024217  546.994  170.658  68.849  126.171  -8.67  -1.85  0000
   48   0.200  4592 22024218  547.633  169.489  69.145  125.967  -8.39  -1.57  0000
   49   0.234  4067 22024219  547.612  169.142  69.172  125.891  -8.43  -1.61  0000
   50   0.267  3725 22024220  547.834  167.958  69.349  125.653  -8.19  -1.37  0000
   51   0.300  3857 22024221  547.827  167.533  69.388  125.562  -8.20  -1.38  0000
   52   0.334  3272 22024222  548.231  166.779  69.579  125.432  -7.66  -0.84  0000
   53   0.367  2931 22024223  548.877  165.799  69.862  125.273  -7.34  -0.52  0000
   54   0.400  2565 22024224  548.858  165.634  69.873  125.236  -6.66   0.16  0000
   55   0.434  2108 22024225  547.814  164.093  69.723  124.826  -6.34   0.48  0000
   56   0.467  1981 22024226  548.092  163.074  69.906  124.632  -5.94   0.88  0000
   61   0.634  1809 22024231  549.083  159.522  70.559  123.965  -5.19   1.63  0000
