#
#   version : 20090611
#    num_fr : 12
#      time : 20121118 09:20:03.991 UTC
#      unix : 1353230403.991762
#       ntp : LOCK -172 586424 1093
#       seq : 21885976
#       mul : 0 [A]
#      site : 01
#    latlon : 45.5749 -94.3965 370.0
#      text : Collegeville
#     label : 
#     plate : metal_20100816_20100506-404-gd3
#      geom : 640 480
#    reject : 0
#
#  fr    time   sum     seq       cx       cy      th      phi    lsp    mag  flag
   30  -0.267  2341 21885968  531.111  107.244  72.600  111.767  -6.44   0.38  0000
   31  -0.234  2506 21885969  531.268  107.254  72.640  111.788  -6.71   0.11  0000
   32  -0.200  2825 21885970  533.740  107.907  73.187  112.205  -7.03  -0.21  0000
   33  -0.167  2932 21885971  534.825  108.478  73.383  112.439  -7.58  -0.76  0000
   34  -0.133  3500 21885972  535.221  108.771  73.442  112.539  -7.78  -0.96  0000
   35  -0.100  4479 21885973  536.324  109.791  73.574  112.856  -8.28  -1.46  0000
   36  -0.067  4727 21885974  537.226  110.382  73.722  113.070  -8.62  -1.80  0000
   37  -0.033  6198 21885975  538.488  110.054  74.113  113.155  -8.91  -2.09  0000
   38   0.000  7973 21885976  540.163  110.838  74.441  113.489  -9.36  -2.54  0000
   39   0.033  6424 21885977  540.158  111.523  74.333  113.615  -9.26  -2.44  0000
   40   0.067  4369 21885978  542.199  111.878  74.831  113.909  -8.20  -1.38  0000
   41   0.100  2749 21885979  542.491  112.211  74.859  114.003  -7.20  -0.38  0000
