#
#   version : 20090611
#    num_fr : 18
#      time : 20140202 09:29:51.140 UTC
#      unix : 1391333391.140031
#       ntp : LOCK 289 384376 402
#       seq : 412374445
#       mul : 0 [A]
#      site : 01
#    latlon : 45.5749 -94.3965 370.0
#      text : Collegeville
#     label : 
#     plate : metal_20100816_20100506-404-gd3
#      geom : 640 480
#    reject : 0
#
#  fr    time   sum     seq       cx       cy      th      phi    lsp    mag  flag
   29  -0.300  1554 412374436  248.146  187.142  23.654    7.379  -5.86   0.96  0000
   30  -0.267  2125 412374437  249.740  183.229  24.079    9.831  -6.71   0.11  0000
   31  -0.234  2263 412374438  251.229  181.326  24.171   11.328  -7.26  -0.44  0000
   32  -0.200  2648 412374439  253.260  177.421  24.588   13.860  -7.40  -0.58  0000
   33  -0.167  3320 412374440  255.185  174.941  24.771   15.735  -7.52  -0.70  0000
   34  -0.133  3390 412374441  259.230  170.791  25.008   19.224  -7.78  -0.96  0000
   35  -0.100  4253 412374442  260.901  167.650  25.451   21.095  -8.42  -1.60  0000
   36  -0.067  5228 412374443  263.215  164.605  25.810   23.204  -8.86  -2.04  0000
   37  -0.033  6382 412374444  265.631  161.331  26.244   25.368  -9.27  -2.45  0000
   38   0.000  6956 412374445  268.468  157.790  26.728   27.742  -9.19  -2.37  0000
   39   0.033  6590 412374446  271.174  154.397  27.236   29.929  -9.22  -2.40  0000
   40   0.067  5620 412374447  274.369  150.284  27.913   32.425  -8.95  -2.13  0000
   41   0.100  5658 412374448  276.451  147.657  28.369   33.977  -8.85  -2.03  0000
   42   0.133  5680 412374449  278.787  144.569  28.941   35.681  -9.01  -2.19  0000
   43   0.167  5638 412374450  282.759  140.640  29.631   38.257  -8.80  -1.98  0000
   44   0.200  4209 412374451  285.075  137.172  30.367   39.838  -8.48  -1.66  0000
   45   0.234  4093 412374452  287.634  133.403  31.191   41.492  -8.22  -1.40  0000
   46   0.267  3839 412374453  291.297  130.472  31.765   43.523  -8.03  -1.21  0000
