#
#   version : 20090611
#    num_fr : 21
#      time : 20131211 03:07:06.193 UTC
#      unix : 1386731226.193152
#       ntp : LOCK 696 171728 782
#       seq : 274450946
#       mul : 0 [A]
#      site : 01
#    latlon : 45.5749 -94.3965 370.0
#      text : Collegeville
#     label : 
#     plate : metal_20100816_20100506-404-gd3
#      geom : 640 480
#    reject : 0
#
#  fr    time   sum     seq       cx       cy      th      phi    lsp    mag  flag
   16  -0.601  3643 274450928  271.912   40.753  57.151   42.072  -6.49   0.33  0000
   17  -0.567  3915 274450929  271.971   40.567  57.200   42.097  -6.62   0.20  0000
   18  -0.534  2838 274450930  273.139   39.864  57.331   42.450  -6.56   0.26  0000
   19  -0.501  3306 274450931  273.996   38.858  57.567   42.730  -7.26  -0.44  0000
   20  -0.467  3965 274450932  273.466   38.870  57.593   42.585  -7.43  -0.61  0000
   21  -0.434  4662 274450933  274.601   37.833  57.824   42.940  -7.42  -0.60  0000
   22  -0.400  4545 274450934  274.738   37.916  57.793   42.973  -7.36  -0.54  0000
   23  -0.367  2997 274450935  277.577   37.291  57.823   43.773  -7.35  -0.53  0000
   24  -0.334  4163 274450936  278.915   36.800  57.897   44.157  -7.57  -0.75  0000
   25  -0.300  4198 274450937  278.065   36.721  57.961   43.928  -7.40  -0.58  0000
   26  -0.267  4557 274450938  280.648   35.875  58.080   44.663  -7.24  -0.42  0000
   27  -0.234  3631 274450939  281.969   34.973  58.278   45.053  -7.61  -0.79  0000
   28  -0.200  3773 274450940  282.090   34.842  58.310   45.091  -7.40  -0.58  0000
   29  -0.167  4658 274450941  282.906   34.129  58.479   45.335  -7.76  -0.94  0000
   30  -0.133  3221 274450942  283.335   33.595  58.613   45.468  -7.26  -0.44  0000
   31  -0.100  4791 274450943  285.684   33.909  58.430   46.096  -7.42  -0.60  0000
   32  -0.067  3912 274450944  286.811   32.869  58.686   46.430  -7.27  -0.45  0000
   33  -0.033  4323 274450945  286.977   32.683  58.733   46.480  -7.24  -0.42  0000
   34   0.000  5177 274450946  287.953   31.923  58.916   46.764  -7.60  -0.78  0000
   35   0.033  3330 274450947  288.007   31.734  58.969   46.783  -6.79   0.03  0000
   36   0.067  4095 274450948  291.727   30.860  59.101   47.806  -6.41   0.41  0000
