#
#   version : 20090611
#    num_fr : 12
#      time : 20131211 09:55:31.194 UTC
#      unix : 1386755731.194304
#       ntp : LOCK 768 667389 1756
#       seq : 275185344
#       mul : 0 [A]
#      site : 01
#    latlon : 45.5749 -94.3965 370.0
#      text : Collegeville
#     label : 
#     plate : metal_20100816_20100506-404-gd3
#      geom : 640 480
#    reject : 0
#
#  fr    time   sum     seq       cx       cy      th      phi    lsp    mag  flag
   29  -0.234  2431 275185337  551.302  204.852  67.610  134.057  -6.70   0.12  0000
   30  -0.200  3109 275185338  552.023  205.278  67.804  134.187  -7.19  -0.37  0000
   31  -0.167  3681 275185339  554.313  206.271  68.441  134.514  -7.68  -0.86  0000
   32  -0.133  3839 275185340  554.760  206.299  68.574  134.540  -7.76  -0.94  0000
   33  -0.100  4119 275185341  556.478  206.816  69.067  134.731  -8.07  -1.25  0000
   34  -0.067  4345 275185342  557.689  206.759  69.437  134.770  -8.15  -1.33  0000
   35  -0.033  4312 275185343  559.163  207.662  69.839  135.032  -8.15  -1.33  0000
   36   0.000  7807 275185344  560.437  207.733  70.223  135.100  -9.37  -2.55  0000
   37   0.033  6945 275185345  560.859  208.216  70.328  135.224  -9.27  -2.45  0000
   38   0.067  5588 275185346  562.775  208.735  70.888  135.414  -8.68  -1.86  0000
   39   0.100  5926 275185347  563.955  209.333  71.221  135.592  -8.85  -2.03  0000
   40   0.133  4513 275185348  565.381  209.852  71.634  135.759  -8.59  -1.77  0000
