#
#   version : 20090611
#    num_fr : 15
#      time : 20131211 07:58:41.593 UTC
#      unix : 1386748721.593001
#       ntp : LOCK 1018 324296 2166
#       seq : 274975271
#       mul : 0 [A]
#      site : 01
#    latlon : 45.5749 -94.3965 370.0
#      text : Collegeville
#     label : 
#     plate : metal_20100816_20100506-404-gd3
#      geom : 640 480
#    reject : 0
#
#  fr    time   sum     seq       cx       cy      th      phi    lsp    mag  flag
   29  -0.267  2641 274975263  504.909  127.223  62.676  112.351  -6.83  -0.01  0000
   30  -0.234  2940 274975264  505.578  126.817  62.908  112.356  -6.84  -0.02  0000
   31  -0.200  3520 274975265  507.447  126.147  63.487  112.467  -7.56  -0.74  0000
   32  -0.167  3071 274975266  507.922  125.785  63.663  112.455  -7.33  -0.51  0000
   33  -0.133  3539 274975267  510.576  124.640  64.518  112.568  -7.35  -0.53  0000
   34  -0.100  3845 274975268  511.260  124.445  64.724  112.618  -7.62  -0.80  0000
   35  -0.067  3476 274975269  512.746  123.757  65.211  112.670  -7.63  -0.81  0000
   36  -0.033  3807 274975270  513.487  123.070  65.508  112.626  -7.71  -0.89  0000
   37   0.000  4063 274975271  515.765  122.556  66.175  112.814  -7.73  -0.91  0000
   38   0.033  3921 274975272  516.948  121.621  66.625  112.776  -7.71  -0.89  0000
   39   0.067  3723 274975273  518.181  121.065  67.031  112.821  -7.90  -1.08  0000
   40   0.100  3715 274975274  518.586  120.584  67.210  112.776  -7.45  -0.63  0000
   41   0.133  3650 274975275  521.102  119.957  67.962  112.966  -7.64  -0.82  0000
   42   0.167  3848 274975276  521.619  119.043  68.238  112.850  -7.74  -0.92  0000
   43   0.200  3129 274975277  522.477  118.397  68.563  112.830  -6.90  -0.08  0000
