#
#   version : 20090611
#    num_fr : 20
#      time : 20131211 09:12:10.951 UTC
#      unix : 1386753130.951684
#       ntp : LOCK -121 362847 1827
#       seq : 275107417
#       mul : 0 [A]
#      site : 01
#    latlon : 45.5749 -94.3965 370.0
#      text : Collegeville
#     label : 
#     plate : metal_20100816_20100506-404-gd3
#      geom : 640 480
#    reject : 0
#
#  fr    time   sum     seq       cx       cy      th      phi    lsp    mag  flag
   30  -0.434  3064 275107404  124.848   67.023  72.869    6.308  -5.71   1.11  0000
   31  -0.400  2732 275107405  124.922   65.412  73.194    6.563  -6.34   0.48  0000
   32  -0.367  3197 275107406  125.949   63.717  73.320    6.980  -6.54   0.28  0000
   33  -0.334  3542 275107407  125.291   61.205  74.012    7.249  -6.56   0.26  0000
   34  -0.300  3321 275107408  125.342   59.203  74.435    7.550  -6.90  -0.08  0000
   35  -0.267  4268 275107409  126.049   57.919  74.555    7.849  -7.37  -0.55  0000
   36  -0.234  3109 275107410  126.923   56.645  74.637    8.172  -7.32  -0.50  0000
   37  -0.200  3132 275107411  127.748   54.376  74.955    8.627  -7.36  -0.54  0000
   38  -0.167  3366 275107412  127.611   53.602  75.158    8.715  -7.31  -0.49  0000
   39  -0.133  4276 275107413  127.052   51.019  75.862    8.988  -7.44  -0.62  0000
   40  -0.100  4031 275107414  127.944   49.125  76.091    9.393  -7.65  -0.83  0000
   41  -0.067  3713 275107415  127.892   47.940  76.372    9.547  -7.77  -0.95  0000
   42  -0.033  4153 275107416  128.974   46.121  76.549    9.969  -7.68  -0.86  0000
   43   0.000  4302 275107417  129.103   43.518  77.121   10.339  -7.67  -0.85  0000
   44   0.033  4166 275107418  129.186   41.555  77.559   10.613  -7.39  -0.57  0000
   45   0.067  3427 275107419  130.390   41.275  77.362   10.844  -7.50  -0.68  0000
   46   0.100  3616 275107420  129.934   38.792  78.043   11.095  -7.25  -0.43  0000
   47   0.133  3498 275107421  131.792   37.001  78.066   11.627  -7.08  -0.26  0000
   48   0.167  3551 275107422  131.134   35.692  78.519   11.688  -7.25  -0.43  0000
   49   0.200  3499 275107423  132.845   34.181  78.514   12.157  -6.93  -0.11  0000
