#
#   version : 20090611
#    num_fr : 35
#      time : 20130913 06:23:53.891 UTC
#      unix : 1379053433.891221
#       ntp : LOCK -730 655271 1331
#       seq : 44352665
#       mul : 0 [A]
#      site : 01
#    latlon : 45.5749 -94.3965 370.0
#      text : Collegeville
#     label : 
#     plate : metal_20100816_20100506-404-gd3
#      geom : 640 480
#    reject : 0
#
#  fr    time   sum     seq       cx       cy      th      phi    lsp    mag  flag
   29  -1.034  2044 44352634  138.639   51.776  73.160   10.784  -5.87   0.95  0000
   30  -1.001  2176 44352635  136.147   52.212  73.595   10.305  -6.54   0.28  0000
   31  -0.968  2420 44352636  135.232   53.387  73.527    9.988  -6.67   0.15  0000
   32  -0.934  2424 44352637  134.705   54.079  73.485    9.803  -6.86  -0.04  0000
   33  -0.901  2928 44352638  133.742   54.183  73.672    9.629  -7.28  -0.46  0000
   34  -0.868  3491 44352639  132.615   55.197  73.692    9.299  -7.84  -1.02  0000
   35  -0.834  3368 44352640  131.434   56.002  73.772    8.991  -7.81  -0.99  0000
   36  -0.801  3016 44352641  130.682   56.883  73.743    8.742  -7.69  -0.87  0000
   37  -0.767  3420 44352642  129.370   57.821  73.829    8.395  -7.86  -1.04  0000
   38  -0.734  3605 44352643  128.548   58.523  73.858    8.160  -8.00  -1.18  0000
   39  -0.701  4350 44352644  127.606   59.392  73.880    7.883  -8.17  -1.35  0000
   40  -0.667  3880 44352645  125.891   60.173  74.099    7.495  -8.17  -1.35  0000
   41  -0.634  3881 44352646  124.582   60.264  74.377    7.275  -8.20  -1.38  0000
   42  -0.601  4026 44352647  123.867   62.048  74.156    6.900  -8.32  -1.50  0000
   43  -0.567  4088 44352648  123.304   62.647  74.157    6.723  -8.28  -1.46  0000
   44  -0.534  4595 44352649  121.224   63.202  74.520    6.317  -8.51  -1.69  0000
   45  -0.501  4530 44352650  120.182   64.306  74.528    5.991  -8.46  -1.64  0000
   46  -0.467  4518 44352651  118.948   65.406  74.585    5.637  -8.54  -1.72  0000
   47  -0.434  4285 44352652  117.859   65.962  74.725    5.388  -8.35  -1.53  0000
   48  -0.400  5373 44352653  116.477   67.054  74.824    5.014  -8.78  -1.96  0000
   49  -0.367  4937 44352654  116.142   68.295  74.646    4.775  -8.62  -1.80  0000
   50  -0.334  4709 44352655  114.184   69.042  74.961    4.368  -8.56  -1.74  0000
   51  -0.300  5208 44352656  112.432   70.403  75.105    3.900  -8.68  -1.86  0000
   52  -0.267  5138 44352657  111.920   70.994  75.108    3.734  -8.64  -1.82  0000
   53  -0.234  4753 44352658  110.586   71.873  75.255    3.404  -8.46  -1.64  0000
   54  -0.200  5354 44352659  109.388   72.991  75.323    3.057  -8.75  -1.93  0000
   55  -0.167  5451 44352660  107.550   74.298  75.515    2.589  -8.78  -1.96  0000
   56  -0.133  5566 44352661  107.080   74.992  75.493    2.414  -8.79  -1.97  0000
   57  -0.100  4959 44352662  105.428   76.063  75.693    2.012  -8.48  -1.66  0000
   58  -0.067  5959 44352663  104.487   77.452  75.656    1.661  -8.91  -2.09  0000
   59  -0.033  6186 44352664  102.738   78.333  75.925    1.278  -8.97  -2.15  0000
   60   0.000  7488 44352665  101.860   79.067  76.005    1.041  -9.31  -2.49  0000
   61   0.033  5874 44352666  100.661   80.505  76.034    0.648  -8.77  -1.95  0000
   62   0.067  5485 44352667   99.038   82.036  76.157    0.182  -8.61  -1.79  0000
   63   0.100  2352 44352668   99.160   82.382  76.060    0.143  -6.41   0.41  0000
