#
#   version : 20090611
#    num_fr : 17
#      time : 20130913 10:34:15.023 UTC
#      unix : 1379068455.023659
#       ntp : LOCK -844 990636 1506
#       seq : 44802841
#       mul : 0 [A]
#      site : 01
#    latlon : 45.5749 -94.3965 370.0
#      text : Collegeville
#     label : 
#     plate : metal_20100816_20100506-404-gd3
#      geom : 640 480
#    reject : 0
#
#  fr    time   sum     seq       cx       cy      th      phi    lsp    mag  flag
   30  -0.434  1857 44802828  108.112  389.283  68.821  -69.938  -5.89   0.93  0000
   31  -0.400  2202 44802829  107.396  390.026  69.133  -69.986  -6.23   0.59  0000
   32  -0.367  2379 44802830  107.254  390.491  69.249  -70.055  -6.84  -0.02  0000
   33  -0.334  2951 44802831  105.728  391.350  69.794  -70.021  -7.10  -0.28  0000
   34  -0.300  3524 44802832  103.683  393.016  70.614  -70.072  -7.88  -1.06  0000
   35  -0.267  3923 44802833  103.444  393.410  70.744  -70.114  -8.20  -1.38  0000
   36  -0.234  3809 44802834  101.809  394.768  71.406  -70.157  -8.16  -1.34  0000
   37  -0.200  4296 44802835  101.283  395.063  71.596  -70.146  -8.49  -1.67  0000
   38  -0.167  4458 44802836  100.257  396.405  72.098  -70.260  -8.36  -1.54  0000
   39  -0.133  4963 44802837   98.803  397.377  72.651  -70.255  -8.49  -1.67  0000
   40  -0.100  4485 44802838   96.851  398.676  73.394  -70.248  -8.43  -1.61  0000
   41  -0.067  4489 44802839   96.403  399.317  73.625  -70.307  -8.52  -1.70  0000
   42  -0.033  4369 44802840   95.274  400.131  74.067  -70.313  -8.41  -1.59  0000
   43   0.000  6675 44802841   93.322  402.124  74.938  -70.426  -9.10  -2.28  0000
   44   0.033  3832 44802842   93.695  402.040  74.823  -70.455  -7.76  -0.94  0000
   45   0.067  2528 44802843   92.072  402.805  75.392  -70.395  -6.56   0.26  0000
   46   0.100  2020 44802844   91.276  403.962  75.810  -70.498  -5.53   1.29  0000
