#
#   version : 20090611
#    num_fr : 19
#      time : 20140220 05:23:56.490 UTC
#      unix : 1392873836.490302
#       ntp : LOCK -533 375286 597
#       seq : 458540487
#       mul : 0 [A]
#      site : 01
#    latlon : 45.5749 -94.3965 370.0
#      text : Collegeville
#     label : 
#     plate : metal_20100816_20100506-404-gd3
#      geom : 640 480
#    reject : 0
#
#  fr    time   sum     seq       cx       cy      th      phi    lsp    mag  flag
   29  -0.634  2562 458540468  337.961  433.101  49.130 -133.900  -6.18   0.64  0000
   31  -0.567  2804 458540470  340.497  434.205  49.544 -134.632  -6.29   0.53  0000
   33  -0.501  2716 458540472  341.161  434.550  49.669 -134.819  -6.05   0.77  0000
   34  -0.467  2606 458540473  342.215  435.984  50.115 -135.066  -6.13   0.69  0000
   35  -0.434  2777 458540474  344.453  437.108  50.534 -135.683  -6.55   0.27  0000
   36  -0.400  3193 458540475  344.954  437.193  50.582 -135.829  -7.41  -0.59  0000
   37  -0.367  3173 458540476  346.063  436.925  50.565 -136.180  -6.94  -0.12  0000
   38  -0.334  3193 458540477  346.987  437.979  50.905 -136.394  -7.00  -0.18  0000
   40  -0.267  2979 458540479  348.209  439.281  51.332 -136.679  -6.26   0.56  0000
   41  -0.234  3272 458540480  350.730  440.013  51.677 -137.378  -7.05  -0.23  0000
   42  -0.200  3151 458540481  351.265  440.164  51.750 -137.525  -7.05  -0.23  0000
   43  -0.167  3058 458540482  353.047  441.077  52.110 -137.985  -7.01  -0.19  0000
   44  -0.133  3091 458540483  353.115  441.365  52.194 -137.986  -6.73   0.09  0000
   45  -0.100  3018 458540484  355.676  442.315  52.618 -138.661  -6.76   0.06  0000
   46  -0.067  2685 458540485  356.152  442.422  52.679 -138.790  -6.59   0.23  0000
   47  -0.033  3386 458540486  357.794  443.133  52.985 -139.209  -7.20  -0.38  0000
   48   0.000  9134 458540487  358.367  444.389  53.370 -139.281  -9.59  -2.77  0000
   49   0.033  4475 458540488  360.551  444.356  53.513 -139.899  -8.02  -1.20  0000
   50   0.067  3295 458540489  361.056  444.385  53.558 -140.039  -7.32  -0.50  0000
