#
#   version : 20090611
#    num_fr : 15
#      time : 20151129 03:58:09.321 UTC
#      unix : 1448769489.321864
#       ntp : LOCK -1895 1534689 3584
#       seq : 11569172
#       mul : 0 [A]
#      site : 01
#    latlon : 45.5749 -94.3965 370.0
#      text : Collegeville
#     label : 
#     plate : metal_20100816_20100506-404-gd3
#      geom : 640 480
#    reject : 0
#
#  fr    time   sum     seq       cx       cy      th      phi    lsp    mag  flag
   29  -0.100  2868 11569169  430.982   88.718  53.897   90.998  -6.71   0.11  0000
   30  -0.067  3047 11569170  431.304   88.716  53.953   91.073  -6.84  -0.02  0000
   31  -0.033  3727 11569171  432.176   87.768  54.320   91.112  -7.58  -0.76  0000
   32   0.000  4138 11569172  432.453   87.638  54.398   91.153  -8.10  -1.28  0000
   33   0.033  3858 11569173  433.502   86.899  54.749   91.268  -7.97  -1.15  0000
   34   0.067  4132 11569174  434.776   86.059  55.163   91.414  -7.57  -0.75  0000
   35   0.100  3647 11569175  434.745   85.973  55.177   91.392  -7.45  -0.63  0000
   36   0.133  3245 11569176  436.925   85.807  55.602   91.857  -7.17  -0.35  0000
   37   0.167  2878 11569177  437.189   85.415  55.737   91.849  -7.12  -0.30  0000
   38   0.200  3023 11569178  438.110   84.821  56.036   91.953  -6.87  -0.05  0000
   40   0.267  2734 11569180  440.671   83.867  56.712   92.356  -6.56   0.26  0000
   41   0.300  2903 11569181  441.089   83.982  56.762   92.467  -6.63   0.19  0000
   42   0.334  2903 11569182  441.132   83.205  56.944   92.344  -6.48   0.34  0000
   43   0.367  2817 11569183  441.636   82.809  57.124   92.386  -6.39   0.43  0000
   46   0.467  2595 11569186  445.640   81.721  58.103   93.062  -5.95   0.87  0000
