#
#   version : 20090611
#    num_fr : 25
#      time : 20130719 04:10:54.376 UTC
#      unix : 1374207054.376374
#       ntp : LOCK 488 586481 749
#       seq : 3922811
#       mul : 0 [A]
#      site : 01
#    latlon : 45.5749 -94.3965 370.0
#      text : Collegeville
#     label : 
#     plate : metal_20100816_20100506-404-gd3
#      geom : 640 480
#    reject : 0
#
#  fr    time   sum     seq       cx       cy      th      phi    lsp    mag  flag
   30  -0.400  3039 3922799  110.799  269.902  55.849  -42.160  -5.39   1.43  0000
   32  -0.334  2558 3922801  106.983  271.608  57.027  -42.525  -6.47   0.35  0000
   33  -0.300  3739 3922802  106.907  272.673  57.082  -42.807  -7.57  -0.75  0000
   34  -0.267  5794 3922803  105.989  273.931  57.394  -43.115  -8.12  -1.30  0000
   35  -0.234  5341 3922804  104.853  274.543  57.751  -43.245  -8.18  -1.36  0000
   36  -0.200  5839 3922805  103.796  275.679  58.104  -43.512  -8.63  -1.81  0000
   37  -0.167  7221 3922806  101.880  276.876  58.716  -43.766  -8.65  -1.83  0000
   38  -0.133  5705 3922807  101.008  277.491  58.998  -43.898  -8.73  -1.91  0000
   39  -0.100  7170 3922808   99.790  278.652  59.405  -44.158  -8.65  -1.83  0000
   40  -0.067  7400 3922809   99.440  279.088  59.526  -44.258  -8.98  -2.16  0000
   41  -0.033  7246 3922810   98.167  280.650  59.968  -44.613  -8.55  -1.73  0000
   42   0.000  7496 3922811   97.310  281.735  60.269  -44.858  -8.76  -1.94  0000
   43   0.033  7375 3922812   95.820  282.882  60.763  -45.093  -8.58  -1.76  0000
   44   0.067  7052 3922813   95.231  283.303  60.958  -45.178  -8.30  -1.48  0000
   45   0.100  6050 3922814   94.373  284.168  61.253  -45.362  -8.07  -1.25  0000
   46   0.133  6745 3922815   93.228  285.294  61.647  -45.598  -8.39  -1.57  0000
   47   0.167  5797 3922816   92.277  286.132  61.971  -45.768  -8.32  -1.50  0000
   48   0.200  5091 3922817   91.151  288.054  62.401  -46.193  -7.98  -1.16  0000
   49   0.234  5742 3922818   90.865  288.342  62.501  -46.252  -7.77  -0.95  0000
   50   0.267  6094 3922819   90.832  289.915  62.590  -46.631  -7.75  -0.93  0000
   51   0.300  3917 3922820   88.181  290.037  63.394  -46.554  -7.38  -0.56  0000
   52   0.334  5152 3922821   88.858  292.021  63.294  -47.055  -7.63  -0.81  0000
   53   0.367  4210 3922822   85.363  293.125  64.407  -47.170  -7.12  -0.30  0000
   54   0.400  5308 3922823   85.072  294.873  64.592  -47.568  -7.21  -0.39  0000
   55   0.434  5388 3922824   85.030  295.054  64.614  -47.608  -7.05  -0.23  0000
