#
#   version : 20090611
#    num_fr : 12
#      time : 20140721 09:01:49.625 UTC
#      unix : 1405933309.625699
#       ntp : LOCK 44 558614 271
#       seq : 105491066
#       mul : 0 [A]
#      site : 01
#    latlon : 45.5749 -94.3965 370.0
#      text : Collegeville
#     label : 
#     plate : metal_20100816_20100506-404-gd3
#      geom : 640 480
#    reject : 0
#
#  fr    time   sum     seq       cx       cy      th      phi    lsp    mag  flag
   30  -0.334  2432 105491056  106.910  381.031  67.785  -68.222  -6.38   0.44  0000
   31  -0.300  2539 105491057  105.470  383.048  68.490  -68.434  -7.02  -0.20  0000
   32  -0.267  3178 105491058  105.449  384.693  68.762  -68.744  -7.35  -0.53  0000
   33  -0.234  3031 105491059  104.515  385.792  69.189  -68.837  -7.20  -0.38  0000
   34  -0.200  3464 105491060  104.832  388.240  69.508  -69.334  -7.71  -0.89  0000
   35  -0.167  3910 105491061  104.106  389.624  69.930  -69.501  -7.80  -0.98  0000
   36  -0.133  3551 105491062  103.936  390.767  70.167  -69.691  -7.78  -0.96  0000
   37  -0.100  3585 105491063  103.023  393.056  70.794  -69.997  -7.96  -1.14  0000
   38  -0.067  3228 105491064  101.990  394.215  71.264  -70.080  -7.94  -1.12  0000
   39  -0.033  4061 105491065  101.312  396.684  71.867  -70.439  -8.07  -1.25  0000
   40   0.000  4693 105491066  100.664  398.213  72.304  -70.631  -8.52  -1.70  0000
   41   0.033  2646 105491067  101.091  398.314  72.209  -70.701  -6.71   0.11  0000
