#
#   version : 20090611
#    num_fr : 18
#      time : 20140325 07:51:22.114 UTC
#      unix : 1395733882.114821
#       ntp : LOCK -136 576464 1664
#       seq : 1968247
#       mul : 0 [A]
#      site : 01
#    latlon : 45.5749 -94.3965 370.0
#      text : Collegeville
#     label : 
#     plate : metal_20100816_20100506-404-gd3
#      geom : 640 480
#    reject : 0
#
#  fr    time   sum     seq       cx       cy      th      phi    lsp    mag  flag
   29  -0.300  2111 1968238  287.652   85.937  43.858   44.763  -6.55   0.27  0000
   30  -0.267  2644 1968239  291.490   85.588  43.799   46.141  -7.07  -0.25  0000
   31  -0.234  3055 1968240  294.871   84.572  43.963   47.380  -7.73  -0.91  0000
   32  -0.200  3533 1968241  297.786   83.856  44.077   48.437  -8.21  -1.39  0000
   33  -0.167  3737 1968242  300.926   83.121  44.207   49.567  -8.25  -1.43  0000
   34  -0.133  5169 1968243  303.769   82.320  44.377   50.587  -8.81  -1.99  0000
   35  -0.100  5667 1968244  307.051   81.686  44.511   51.752  -9.03  -2.21  0000
   36  -0.067  5652 1968245  310.495   81.081  44.656   52.967  -9.03  -2.21  0000
   37  -0.033  5903 1968246  313.413   80.813  44.727   53.992  -9.15  -2.33  0000
   38   0.000  6087 1968247  317.189   80.128  44.934   55.307  -9.04  -2.22  0000
   39   0.033  5379 1968248  320.329   79.415  45.165   56.388  -8.77  -1.95  0000
   40   0.067  4685 1968249  324.060   78.468  45.487   57.656  -8.61  -1.79  0000
   41   0.100  3844 1968250  327.643   77.989  45.700   58.872  -8.24  -1.42  0000
   42   0.133  3879 1968251  331.035   77.514  45.927   60.011  -8.28  -1.46  0000
   43   0.167  4189 1968252  335.009   77.121  46.172   61.339  -8.44  -1.62  0000
   44   0.200  5176 1968253  338.206   76.983  46.339   62.407  -8.84  -2.02  0000
   45   0.234  3512 1968254  342.630   75.909  46.837   63.817  -7.84  -1.02  0000
   46   0.267  2595 1968255  345.855   75.740  47.052   64.867  -7.29  -0.47  0000
