#
#   version : 20090611
#    num_fr : 16
#      time : 20110617 08:03:44.164 UTC
#      unix : 1308297824.164421
#       ntp : LOCK -440 283385 723
#       seq : 117124724
#       mul : 0 [A]
#      site : 01
#    latlon : 45.5749 -94.3965 370.0
#      text : Collegeville
#     label : 
#     plate : metal_20100816_20100506-404-gd3
#      geom : 640 480
#    reject : 0
#
#  fr    time   sum     seq       cx       cy      th      phi    lsp    mag  flag
   30  -0.500  2654 117124709  498.107  266.234  50.914  149.278  -6.28   0.54  0000
   31  -0.467  3527 117124710  499.000  269.114  51.244  150.116  -5.84   0.98  0000
   32  -0.434  3818 117124711  498.531  270.287  51.143  150.479  -6.74   0.08  0000
   33  -0.400  3650 117124712  500.948  272.909  51.917  151.180  -7.33  -0.51  0000
   34  -0.367  4383 117124713  500.421  274.334  51.814  151.616  -7.27  -0.45  0000
   35  -0.334  4091 117124714  501.273  276.675  52.143  152.270  -7.69  -0.87  0000
   36  -0.300  4038 117124715  501.470  278.547  52.274  152.807  -7.82  -1.00  0000
   37  -0.267  4878 117124716  502.261  281.180  52.612  153.536  -8.10  -1.28  0000
   38  -0.234  5305 117124717  503.643  284.355  53.153  154.383  -8.25  -1.43  0000
   39  -0.200  4802 117124718  503.533  285.915  53.199  154.832  -8.30  -1.48  0000
   40  -0.167  6177 117124719  504.737  288.204  53.661  155.419  -8.39  -1.57  0000
   41  -0.133  4282 117124720  504.744  290.746  53.804  156.132  -8.32  -1.50  0000
   42  -0.100  5803 117124721  505.821  293.128  54.249  156.735  -8.60  -1.78  0000
   43  -0.067  6573 117124722  505.650  295.948  54.375  157.525  -8.68  -1.86  0000
   44  -0.033  5742 117124723  506.198  298.498  54.697  158.191  -8.67  -1.85  0000
   45   0.000  7038 117124724  506.150  300.430  54.815  158.722  -8.87  -2.05  0000
