#
#   version : 20090611
#    num_fr : 13
#      time : 20120503 08:40:38.650 UTC
#      unix : 1336034438.650578
#       ntp : LOCK 974 710800 2430
#       seq : 260932972
#       mul : 0 [A]
#      site : 01
#    latlon : 45.5749 -94.3965 370.0
#      text : Collegeville
#     label : 
#     plate : metal_20100816_20100506-404-gd3
#      geom : 640 480
#    reject : 0
#
#  fr    time   sum     seq       cx       cy      th      phi    lsp    mag  flag
   29  -0.300  3298 260932963  379.676  207.295  21.200  112.528  -6.97  -0.15  0000
   30  -0.267  3121 260932964  381.630  209.057  21.417  114.304  -6.99  -0.17  0000
   31  -0.234  3548 260932965  385.542  210.853  22.118  116.700  -7.69  -0.87  0000
   32  -0.200  3885 260932966  387.990  212.110  22.560  118.203  -8.12  -1.30  0000
   33  -0.167  5287 260932967  392.366  214.037  23.421  120.560  -8.51  -1.69  0000
   34  -0.133  5632 260932968  395.156  215.866  23.931  122.321  -8.74  -1.92  0000
   35  -0.100  5648 260932969  398.352  217.613  24.574  124.048  -8.69  -1.87  0000
   36  -0.067  6427 260932970  402.668  219.741  25.496  126.114  -8.97  -2.15  0000
   37  -0.033  7667 260932971  405.492  221.780  26.068  127.742  -9.37  -2.55  0000
   38   0.000  8275 260932972  408.664  222.826  26.821  128.817  -9.62  -2.80  0000
   39   0.033  7763 260932973  412.568  224.900  27.710  130.475  -9.46  -2.64  0000
   40   0.067  5152 260932974  415.994  227.816  28.450  132.408  -8.95  -2.13  0000
   41   0.100  2727 260932975  420.941  229.692  29.678  133.865  -6.84  -0.02  0000
