#
#   version : 20090611
#    num_fr : 15
#      time : 20151227 10:37:50.768 UTC
#      unix : 1451212670.768707
#       ntp : LOCK -1309 996502 1991
#       seq : 14543332
#       mul : 0 [A]
#      site : 01
#    latlon : 45.5749 -94.3965 370.0
#      text : Collegeville
#     label : 
#     plate : metal_20100816_20100506-404-gd3
#      geom : 640 480
#    reject : 0
#
#  fr    time   sum     seq       cx       cy      th      phi    lsp    mag  flag
   30  -0.434  3345 14543319  474.872  186.902  47.290  123.537  -6.40   0.42  0000
   31  -0.400  3267 14543320  475.866  183.229  47.921  122.558  -6.20   0.62  0000
   33  -0.334  3187 14543322  477.142  179.557  48.640  121.639  -6.32   0.50  0000
   34  -0.300  3621 14543323  477.313  176.346  49.034  120.735  -7.21  -0.39  0000
   35  -0.267  3389 14543324  478.454  173.423  49.661  120.054  -7.34  -0.52  0000
   36  -0.234  3966 14543325  479.877  171.112  50.298  119.596  -7.75  -0.93  0000
   37  -0.200  4641 14543326  480.914  169.651  50.738  119.330  -7.65  -0.83  0000
   38  -0.167  5091 14543327  480.475  165.206  51.159  118.063  -7.82  -1.00  0000
   39  -0.133  4272 14543328  481.528  163.194  51.681  117.669  -8.11  -1.29  0000
   40  -0.100  4482 14543329  481.729  161.094  51.997  117.141  -8.11  -1.29  0000
   41  -0.067  3345 14543330  483.158  158.953  52.638  116.780  -8.18  -1.36  0000
   42  -0.033  4443 14543331  484.809  155.299  53.540  116.074  -8.12  -1.30  0000
   43   0.000  6201 14543332  483.536  153.149  53.505  115.349  -7.96  -1.14  0000
   44   0.033  3771 14543333  484.303  151.470  53.928  115.038  -7.73  -0.91  0000
   45   0.067  4092 14543334  485.943  147.371  54.913  114.264  -7.23  -0.41  0000
