#
#   version : 20090611
#    num_fr : 12
#      time : 20130921 06:39:59.773 UTC
#      unix : 1379745599.773993
#       ntp : LOCK -657 471666 331
#       seq : 65096436
#       mul : 0 [A]
#      site : 01
#    latlon : 45.5749 -94.3965 370.0
#      text : Collegeville
#     label : 
#     plate : metal_20100816_20100506-404-gd3
#      geom : 640 480
#    reject : 0
#
#  fr    time   sum     seq       cx       cy      th      phi    lsp    mag  flag
   30  -0.133  3824 65096432  441.287   89.579  55.562   93.490  -6.83  -0.01  0000
   31  -0.100  2748 65096433  445.165   90.568  56.075   94.511  -6.58   0.24  0000
   32  -0.067  4616 65096434  447.856   91.021  56.492   95.167  -6.90  -0.08  0000
   34   0.000  4862 65096436  451.012   91.867  56.925   95.983  -7.11  -0.29  0000
   35   0.033  3639 65096437  454.212   92.103  57.507   96.683  -7.11  -0.29  0000
   37   0.100  4737 65096439  459.332   94.038  58.137   98.065  -7.18  -0.36  0000
   38   0.133  3173 65096440  462.391   94.062  58.762   98.666  -6.42   0.40  0000
   39   0.167  3610 65096441  465.301   94.740  59.231   99.349  -7.00  -0.18  0000
   40   0.200  2947 65096442  467.096   95.610  59.435   99.850  -7.19  -0.37  0000
   41   0.234  3392 65096443  467.790   95.895  59.525  100.033  -6.72   0.10  0000
   42   0.267  3069 65096444  471.276   97.060  60.041  100.895  -7.06  -0.24  0000
   43   0.300  2783 65096445  474.178   97.802  60.526  101.559  -6.68   0.14  0000
