#
#   version : 20090611
#    num_fr : 18
#      time : 20130921 08:01:51.008 UTC
#      unix : 1379750511.008114
#       ntp : LOCK 765 314945 413
#       seq : 65243623
#       mul : 0 [A]
#      site : 01
#    latlon : 45.5749 -94.3965 370.0
#      text : Collegeville
#     label : 
#     plate : metal_20100816_20100506-404-gd3
#      geom : 640 480
#    reject : 0
#
#  fr    time   sum     seq       cx       cy      th      phi    lsp    mag  flag
   29  -0.434  2491 65243610  441.106   49.878  64.756   87.271  -5.92   0.90  0000
   30  -0.400  4753 65243611  443.030   50.764  64.861   87.788  -7.13  -0.31  0000
   31  -0.367  3977 65243612  446.662   50.820  65.465   88.535  -6.82   0.00  0000
   32  -0.334  4596 65243613  446.189   51.779  65.152   88.572  -6.93  -0.11  0000
   33  -0.300  5241 65243614  449.264   52.133  65.600   89.241  -7.52  -0.70  0000
   34  -0.267  4249 65243615  451.376   52.834  65.804   89.759  -7.97  -1.15  0000
   35  -0.234  4146 65243616  454.368   53.580  66.163   90.454  -8.23  -1.41  0000
   36  -0.200  5175 65243617  454.990   53.944  66.189   90.627  -8.13  -1.31  0000
   37  -0.167  5590 65243618  458.350   54.797  66.603   91.400  -8.18  -1.36  0000
   38  -0.133  6171 65243619  461.216   55.691  66.929   92.077  -8.36  -1.54  0000
   39  -0.100  4487 65243620  463.043   56.169  67.163   92.491  -8.41  -1.59  0000
   40  -0.067  5001 65243621  465.691   56.750  67.535   93.071  -8.41  -1.59  0000
   41  -0.033  5721 65243622  466.745   57.653  67.531   93.400  -8.51  -1.69  0000
   42   0.000  6271 65243623  469.449   58.048  67.968   93.955  -8.32  -1.50  0000
   43   0.033  5960 65243624  471.386   59.587  68.002   94.538  -8.42  -1.60  0000
   44   0.067  4269 65243625  474.369   59.969  68.513   95.130  -8.23  -1.41  0000
   45   0.100  4780 65243626  475.509   60.831  68.551   95.464  -7.87  -1.05  0000
   46   0.133  4149 65243627  477.010   61.699  68.663   95.862  -6.68   0.14  0000
