#
#   version : 20090611
#    num_fr : 42
#      time : 20140922 05:21:53.486 UTC
#      unix : 1411363313.486190
#       ntp : LOCK -584 277406 3914
#       seq : 89410482
#       mul : 0 [A]
#      site : 01
#    latlon : 45.5749 -94.3965 370.0
#      text : Collegeville
#     label : 
#     plate : metal_20100816_20100506-404-gd3
#      geom : 640 480
#    reject : 0
#
#  fr    time   sum     seq       cx       cy      th      phi    lsp    mag  flag
   30  -0.968  1397 89410453  237.102  180.143  27.131    5.769  -5.56   1.26  0000
   31  -0.934  1791 89410454  237.826  179.243  27.147    6.412  -6.60   0.22  0000
   32  -0.901  2845 89410455  236.126  178.769  27.576    5.948  -7.64  -0.82  0000
   33  -0.868  3718 89410456  236.008  178.006  27.737    6.205  -8.28  -1.46  0000
   34  -0.834  4576 89410457  234.732  176.896  28.196    6.158  -8.59  -1.77  0000
   35  -0.801  4864 89410458  234.089  176.517  28.394    6.065  -8.68  -1.86  0000
   36  -0.767  5221 89410459  233.539  175.719  28.650    6.168  -8.85  -2.03  0000
   37  -0.734  5038 89410460  232.589  174.870  28.996    6.143  -8.70  -1.88  0000
   38  -0.701  5205 89410461  231.812  174.244  29.266    6.097  -8.86  -2.04  0000
   39  -0.667  5470 89410462  231.163  173.634  29.508    6.092  -8.74  -1.92  0000
   40  -0.634  5483 89410463  230.293  172.586  29.875    6.169  -8.89  -2.07  0000
   41  -0.601  5510 89410464  229.807  172.174  30.048    6.148  -8.85  -2.03  0000
   42  -0.567  5360 89410465  229.285  171.282  30.316    6.289  -8.67  -1.85  0000
   43  -0.534  5908 89410466  227.884  170.690  30.708    6.016  -9.04  -2.22  0000
   44  -0.501  5468 89410467  227.497  169.997  30.913    6.129  -8.86  -2.04  0000
   45  -0.467  5978 89410468  226.628  168.884  31.292    6.226  -9.00  -2.18  0000
   46  -0.434  5883 89410469  225.681  168.017  31.642    6.208  -9.07  -2.25  0000
   47  -0.400  5716 89410470  225.187  167.699  31.800    6.153  -8.83  -2.01  0000
   48  -0.367  5800 89410471  224.677  166.773  32.073    6.301  -8.97  -2.15  0000
   49  -0.334  5965 89410472  223.556  165.946  32.452    6.212  -8.96  -2.14  0000
   50  -0.300  5864 89410473  223.035  165.329  32.671    6.249  -8.89  -2.07  0000
   51  -0.267  5997 89410474  221.834  164.365  33.092    6.183  -9.04  -2.22  0000
   52  -0.234  5603 89410475  221.339  163.752  33.305    6.227  -8.80  -1.98  0000
   53  -0.200  5783 89410476  220.705  162.846  33.600    6.321  -8.92  -2.10  0000
   54  -0.167  5754 89410477  219.673  161.995  33.967    6.271  -8.97  -2.15  0000
   55  -0.133  6139 89410478  218.671  161.585  34.246    6.091  -8.98  -2.16  0000
   56  -0.100  5499 89410479  217.770  160.247  34.676    6.238  -8.96  -2.14  0000
   57  -0.067  5614 89410480  217.351  159.700  34.862    6.282  -8.89  -2.07  0000
   58  -0.033  6269 89410481  215.867  158.171  35.446    6.307  -9.16  -2.34  0000
   59   0.000  9133 89410482  214.948  157.808  35.701    6.143  -9.75  -2.93  0000
   60   0.033  6821 89410483  214.674  156.732  35.956    6.391  -9.08  -2.26  0000
   61   0.067  9049 89410484  213.107  155.588  36.488    6.273  -9.79  -2.97  0000
   62   0.100  5665 89410485  212.891  155.527  36.543    6.229  -8.91  -2.09  0000
   63   0.133  5203 89410486  212.548  155.307  36.654    6.195  -8.73  -1.91  0000
   64   0.167  4998 89410487  212.426  154.532  36.822    6.390  -8.51  -1.69  0000
   65   0.200  4061 89410488  211.115  153.848  37.218    6.213  -8.23  -1.41  0000
   66   0.234  3620 89410489  211.096  153.753  37.239    6.236  -7.90  -1.08  0000
   67   0.267  3482 89410490  210.409  153.316  37.461    6.167  -7.64  -0.82  0000
   68   0.300  2769 89410491  209.165  151.917  37.976    6.222  -7.27  -0.45  0000
   69   0.334  2692 89410492  208.859  151.370  38.140    6.293  -6.87  -0.05  0000
   70   0.367  2595 89410493  208.603  151.022  38.257    6.321  -6.84  -0.02  0000
   71   0.400  2396 89410494  207.737  150.214  38.585    6.309  -6.76   0.06  0000
