#
#   version : 20090611
#    num_fr : 12
#      time : 20140922 02:01:34.261 UTC
#      unix : 1411351294.261053
#       ntp : LOCK 1165 445404 2896
#       seq : 89050274
#       mul : 0 [A]
#      site : 01
#    latlon : 45.5749 -94.3965 370.0
#      text : Collegeville
#     label : 
#     plate : metal_20100816_20100506-404-gd3
#      geom : 640 480
#    reject : 0
#
#  fr    time   sum     seq       cx       cy      th      phi    lsp    mag  flag
   29  -0.234  1696 89050267  156.491  429.110  65.270  -84.324  -5.82   1.00  0000
   30  -0.200  2360 89050268  156.374  429.276  65.331  -84.329  -6.80   0.02  0000
   31  -0.167  2684 89050269  155.019  431.196  66.040  -84.382  -7.49  -0.67  0000
   32  -0.133  3193 89050270  154.465  432.107  66.358  -84.423  -7.82  -1.00  0000
   33  -0.100  3074 89050271  154.837  433.178  66.522  -84.653  -7.94  -1.12  0000
   34  -0.067  3407 89050272  154.608  434.542  66.877  -84.819  -7.99  -1.17  0000
   35  -0.033  3431 89050273  154.102  435.517  67.202  -84.875  -7.92  -1.10  0000
   36   0.000  3476 89050274  154.902  436.962  67.367  -85.232  -8.03  -1.21  0000
   37   0.033  3253 89050275  154.361  438.252  67.772  -85.327  -7.92  -1.10  0000
   38   0.067  3195 89050276  154.713  439.080  67.890  -85.511  -7.78  -0.96  0000
   39   0.100  2752 89050277  154.024  440.662  68.395  -85.619  -7.60  -0.78  0000
   40   0.133  2235 89050278  153.437  441.311  68.664  -85.610  -6.73   0.09  0000
