#
#   version : 20090611
#    num_fr : 14
#      time : 20140922 06:03:59.826 UTC
#      unix : 1411365839.826754
#       ntp : LOCK -467 1014468 3662
#       seq : 89486195
#       mul : 0 [A]
#      site : 01
#    latlon : 45.5749 -94.3965 370.0
#      text : Collegeville
#     label : 
#     plate : metal_20100816_20100506-404-gd3
#      geom : 640 480
#    reject : 0
#
#  fr    time   sum     seq       cx       cy      th      phi    lsp    mag  flag
   29  -0.367  1653 89486184  329.865  284.481  10.094 -154.451  -5.84   0.98  0000
   31  -0.300  2273 89486186  335.565  290.358  12.168 -157.270  -7.07  -0.25  0000
   32  -0.267  2510 89486187  338.480  292.631  13.079 -158.812  -7.25  -0.43  0000
   33  -0.234  2867 89486188  342.196  295.871  14.328 -160.288  -7.83  -1.01  0000
   34  -0.200  3145 89486189  344.933  298.623  15.332 -161.013  -7.89  -1.07  0000
   35  -0.167  3466 89486190  349.046  301.840  16.654 -162.422  -8.24  -1.42  0000
   36  -0.133  3488 89486191  351.478  304.693  17.640 -162.667  -8.06  -1.24  0000
   37  -0.100  3640 89486192  354.913  307.086  18.695 -163.756  -8.44  -1.62  0000
   38  -0.067  3765 89486193  358.102  310.669  19.961 -164.023  -8.25  -1.43  0000
   39  -0.033  4032 89486194  361.315  313.305  21.039 -164.688  -8.63  -1.81  0000
   40   0.000  4860 89486195  364.186  316.458  22.169 -164.885  -8.82  -2.00  0000
   41   0.033  4681 89486196  367.975  319.335  23.403 -165.635  -8.71  -1.89  0000
   42   0.067  3362 89486197  370.520  322.464  24.476 -165.621  -8.00  -1.18  0000
   43   0.100  1555 89486198  373.923  325.763  25.736 -165.932  -5.93   0.89  0000
