#
#   version : 20090611
#    num_fr : 24
#      time : 20140922 03:20:48.689 UTC
#      unix : 1411356048.689743
#       ntp : LOCK -1195 315740 3158
#       seq : 89192761
#       mul : 0 [A]
#      site : 01
#    latlon : 45.5749 -94.3965 370.0
#      text : Collegeville
#     label : 
#     plate : metal_20100816_20100506-404-gd3
#      geom : 640 480
#    reject : 0
#
#  fr    time   sum     seq       cx       cy      th      phi    lsp    mag  flag
   30  -0.567  1467 89192744  417.934   83.710  52.880   86.996  -6.10   0.72  0000
   32  -0.501  1701 89192746  421.137   85.669  52.934   88.112  -6.34   0.48  0000
   33  -0.467  2152 89192747  422.796   87.922  52.685   88.898  -6.99  -0.17  0000
   34  -0.434  2245 89192748  424.554   89.913  52.522   89.670  -7.23  -0.41  0000
   35  -0.400  2702 89192749  427.006   91.870  52.496   90.607  -7.22  -0.40  0000
   36  -0.367  2858 89192750  428.214   92.608  52.540   91.029  -7.50  -0.68  0000
   37  -0.334  2646 89192751  430.162   94.649  52.427   91.861  -7.77  -0.95  0000
   38  -0.300  2683 89192752  431.688   96.106  52.378   92.490  -7.76  -0.94  0000
   39  -0.267  3420 89192753  434.205   98.041  52.412   93.440  -8.04  -1.22  0000
   40  -0.234  3394 89192754  435.928   99.815  52.348   94.175  -8.00  -1.18  0000
   41  -0.200  3579 89192755  437.308  101.920  52.158   94.898  -8.07  -1.25  0000
   42  -0.167  3442 89192756  439.717  103.976  52.184   95.849  -7.79  -0.97  0000
   43  -0.133  3174 89192757  441.354  105.904  52.101   96.601  -7.83  -1.01  0000
   44  -0.100  3319 89192758  443.954  107.395  52.307   97.477  -7.79  -0.97  0000
   45  -0.067  3358 89192759  445.617  110.125  52.087   98.401  -7.85  -1.03  0000
   46  -0.033  3226 89192760  447.662  111.918  52.145   99.216  -7.90  -1.08  0000
   47   0.000  3682 89192761  449.405  113.134  52.265   99.842  -7.90  -1.08  0000
   48   0.033  3348 89192762  451.272  115.924  52.113  100.830  -7.92  -1.10  0000
   49   0.067  3336 89192763  453.123  117.807  52.145  101.620  -8.06  -1.24  0000
   50   0.100  3314 89192764  454.707  119.564  52.153  102.328  -7.95  -1.13  0000
   51   0.133  3112 89192765  457.501  121.871  52.333  103.398  -7.94  -1.12  0000
   52   0.167  2785 89192766  459.448  124.182  52.343  104.298  -7.69  -0.87  0000
   53   0.200  3042 89192767  461.454  126.685  52.345  105.253  -7.85  -1.03  0000
   54   0.234  2944 89192768  462.960  129.393  52.214  106.162  -7.52  -0.70  0000
