#
#   version : 20090611
#    num_fr : 23
#      time : 20130902 03:23:45.934 UTC
#      unix : 1378092225.934092
#       ntp : LOCK 165 554985 583
#       seq : 15546025
#       mul : 0 [A]
#      site : 01
#    latlon : 45.5749 -94.3965 370.0
#      text : Collegeville
#     label : 
#     plate : metal_20100816_20100506-404-gd3
#      geom : 640 480
#    reject : 0
#
#  fr    time   sum     seq       cx       cy      th      phi    lsp    mag  flag
   30  -0.701  2086 15546004  523.978  194.341  60.245  130.012  -6.42   0.40  0000
   31  -0.667  1768 15546005  524.807  197.046  60.294  130.742  -6.16   0.66  0000
   32  -0.634  1908 15546006  524.960  198.874  60.216  131.209  -6.17   0.65  0000
   33  -0.601  2102 15546007  525.811  201.563  60.290  131.936  -6.46   0.36  0000
   34  -0.567  2057 15546008  524.946  204.229  59.879  132.558  -6.47   0.35  0000
   36  -0.501  2128 15546010  526.275  207.777  60.063  133.529  -6.61   0.21  0000
   37  -0.467  2120 15546011  527.092  209.954  60.186  134.123  -6.62   0.20  0000
   38  -0.434  2270 15546012  527.494  211.762  60.212  134.600  -7.09  -0.27  0000
   39  -0.400  2477 15546013  528.041  214.451  60.245  135.308  -7.08  -0.26  0000
   40  -0.367  2330 15546014  528.195  216.338  60.206  135.795  -7.28  -0.46  0000
   41  -0.334  2638 15546015  528.003  218.062  60.078  136.226  -7.28  -0.46  0000
   42  -0.300  2329 15546016  528.807  220.430  60.220  136.862  -7.33  -0.51  0000
   43  -0.267  2842 15546017  529.076  222.715  60.216  137.455  -7.33  -0.51  0000
   44  -0.234  2645 15546018  529.875  225.088  60.372  138.088  -7.34  -0.52  0000
   45  -0.200  2772 15546019  529.886  226.839  60.321  138.535  -7.35  -0.53  0000
   46  -0.167  2882 15546020  530.844  229.038  60.542  139.124  -7.61  -0.79  0000
   47  -0.133  2848 15546021  530.958  232.175  60.498  139.928  -7.49  -0.67  0000
   48  -0.100  2849 15546022  531.350  234.034  60.574  140.412  -7.56  -0.74  0000
   49  -0.067  2520 15546023  531.141  235.993  60.474  140.908  -7.30  -0.48  0000
   50  -0.033  2222 15546024  532.244  238.576  60.760  141.588  -7.25  -0.43  0000
   51   0.000  2948 15546025  531.471  241.397  60.495  142.297  -7.37  -0.55  0000
   52   0.033  2773 15546026  532.151  243.622  60.675  142.874  -7.50  -0.68  0000
   53   0.067  1733 15546027  531.603  246.212  60.496  143.532  -5.84   0.98  0000
