#
#   version : 20090611
#    num_fr : 19
#      time : 20100811 03:07:53.289 UTC
#      unix : 1281496073.289328
#       ntp : LOCK 2627 127770 1634
#       seq : 3266807
#       mul : 0 [A]
#      site : 01
#    latlon : 45.5749 -94.3965 370.0
#      text : Collegeville
#     label : 
#     plate : metal 20090611
#      geom : 640 480
#    reject : 0
#
#  fr    time   sum     seq       cx       cy      th      phi    lsp    mag  flag
   30  -0.467  1330 3266793  381.247  295.029  23.907 -174.301  -5.95  -5.95  0000
   31  -0.434  1437 3266794  380.068  298.530  24.257 -172.183  -6.20  -6.20  0000
   32  -0.400  1498 3266795  379.664  303.596  25.073 -169.793  -6.04  -6.04  0000
   33  -0.367  1424 3266796  379.392  306.829  25.614 -168.342  -6.12  -6.12  0000
   34  -0.334  1984 3266797  379.185  310.722  26.308 -166.727  -6.86  -6.86  0000
   35  -0.300  1769 3266798  378.088  314.419  26.827 -164.883  -6.86  -6.86  0000
   36  -0.267  1940 3266799  377.962  318.359  27.589 -163.448  -6.78  -6.78  0000
   37  -0.234  2286 3266800  376.805  322.547  28.248 -161.569  -7.24  -7.24  0000
   38  -0.200  2268 3266801  376.892  326.157  29.016 -160.484  -7.19  -7.19  0000
   39  -0.167  2485 3266802  376.195  330.325  29.790 -158.965  -7.53  -7.53  0000
   40  -0.133  2690 3266803  375.780  334.152  30.554 -157.732  -7.74  -7.74  0000
   41  -0.100  2624 3266804  374.858  337.907  31.241 -156.367  -7.80  -7.80  0000
   42  -0.067  2745 3266805  373.890  341.377  31.877 -155.109  -7.68  -7.68  0000
   43  -0.033  2761 3266806  373.417  345.836  32.822 -153.881  -7.75  -7.75  0000
   44   0.000  2997 3266807  372.014  349.178  33.401 -152.581  -7.69  -7.69  0000
   45   0.033  2554 3266808  372.866  352.856  34.367 -152.162  -7.68  -7.68  0000
   46   0.067  2538 3266809  371.880  356.977  35.206 -150.963  -7.53  -7.53  0000
   47   0.100  2449 3266810  370.992  360.537  35.940 -149.958  -7.46  -7.46  0000
   48   0.133  1304 3266811  369.771  363.608  36.530 -148.949  -6.12  -6.12  0000
