#
#   version : 20090611
#    num_fr : 13
#      time : 20140807 04:51:00.528 UTC
#      unix : 1407387060.528272
#       ntp : LOCK 498 357899 373
#       seq : 13914270
#       mul : 0 [A]
#      site : 01
#    latlon : 45.5749 -94.3965 370.0
#      text : Collegeville
#     label : 
#     plate : metal_20100816_20100506-404-gd3
#      geom : 640 480
#    reject : 0
#
#  fr    time   sum     seq       cx       cy      th      phi    lsp    mag  flag
   29  -0.234  3840 13914263  135.888  280.220  48.935  -46.037  -6.30   0.52  0000
   30  -0.200  4148 13914264  136.789  284.944  48.914  -47.525  -6.57   0.25  0000
   31  -0.167  4023 13914265  135.794  286.210  49.267  -47.849  -7.03  -0.21  0000
   32  -0.133  3373 13914266  136.673  290.843  49.289  -49.298  -7.09  -0.27  0000
   33  -0.100  4095 13914267  135.148  294.404  49.951  -50.250  -7.48  -0.66  0000
   34  -0.067  4425 13914268  135.963  297.108  49.908  -51.107  -7.53  -0.71  0000
   35  -0.033  5491 13914269  135.230  300.818  50.387  -52.131  -7.77  -0.95  0000
   36   0.000  5496 13914270  135.344  304.579  50.652  -53.225  -7.89  -1.07  0000
   37   0.033  4875 13914271  136.645  306.393  50.440  -53.860  -7.88  -1.06  0000
   38   0.067  5262 13914272  135.964  310.137  50.954  -54.863  -7.51  -0.69  0000
   39   0.100  3759 13914273  136.812  314.518  51.125  -56.176  -7.63  -0.81  0000
   40   0.133  4173 13914274  136.046  316.089  51.487  -56.535  -7.16  -0.34  0000
   41   0.167  4571 13914275  136.895  321.042  51.754  -57.985  -6.37   0.45  0000
