#
#   version : 20090611
#    num_fr : 39
#      time : 20121231 00:54:07.058 UTC
#      unix : 1356915247.058639
#       ntp : LOCK 85 1008587 385
#       seq : 45195745
#       mul : 0 [A]
#      site : 01
#    latlon : 45.5749 -94.3965 370.0
#      text : Collegeville
#     label : 
#     plate : metal_20100816_20100506-404-gd3
#      geom : 640 480
#    reject : 0
#
#  fr    time   sum     seq       cx       cy      th      phi    lsp    mag  flag
   29  -1.101  2624 45195712  157.834  106.439  57.477    5.205  -6.37   0.45  0000
   30  -1.068  3523 45195713  156.984  107.888  57.387    4.761  -6.51   0.31  0000
   31  -1.034  3880 45195714  154.921  109.129  57.612    4.132  -6.69   0.13  0000
   32  -1.001  3741 45195715  153.138  110.836  57.694    3.465  -7.07  -0.25  0000
   33  -0.968  3525 45195716  151.853  111.997  57.770    3.000  -7.14  -0.32  0000
   34  -0.934  4154 45195717  148.653  113.049  58.314    2.219  -7.32  -0.50  0000
   35  -0.901  4283 45195718  148.134  114.902  58.098    1.753  -7.59  -0.77  0000
   36  -0.868  4660 45195719  146.725  116.316  58.174    1.219  -7.77  -0.95  0000
   37  -0.834  4048 45195720  143.805  116.991  58.744    0.583  -7.71  -0.89  0000
   38  -0.801  4612 45195721  141.501  118.588  59.014   -0.129  -7.72  -0.90  0000
   39  -0.767  4558 45195722  141.865  120.363  58.620   -0.437  -7.83  -1.01  0000
   40  -0.734  5386 45195723  138.758  120.922  59.276   -1.059  -8.06  -1.24  0000
   41  -0.701  4450 45195724  137.687  122.580  59.257   -1.576  -7.89  -1.07  0000
   42  -0.667  4488 45195725  136.345  124.001  59.349   -2.086  -7.95  -1.13  0000
   43  -0.634  5263 45195726  134.962  124.981  59.529   -2.508  -8.01  -1.19  0000
   44  -0.601  4999 45195727  133.644  126.017  59.687   -2.930  -7.90  -1.08  0000
   45  -0.567  4971 45195728  131.474  127.912  59.924   -3.659  -8.09  -1.27  0000
   46  -0.534  5651 45195729  130.028  128.990  60.118   -4.103  -8.09  -1.27  0000
   47  -0.501  4782 45195730  128.484  130.869  60.216   -4.730  -8.13  -1.31  0000
   48  -0.467  5197 45195731  126.765  132.136  60.459   -5.248  -8.26  -1.44  0000
   49  -0.434  5824 45195732  125.119  133.171  60.725   -5.702  -8.19  -1.37  0000
   50  -0.400  5461 45195733  123.299  134.785  60.954   -6.301  -8.10  -1.28  0000
   51  -0.367  4492 45195734  121.319  136.553  61.209   -6.951  -8.10  -1.28  0000
   52  -0.334  5004 45195735  120.630  137.926  61.190   -7.340  -8.05  -1.23  0000
   53  -0.300  5893 45195736  118.597  139.075  61.562   -7.856  -8.13  -1.31  0000
   54  -0.267  4308 45195737  116.755  140.804  61.807   -8.467  -8.15  -1.33  0000
   55  -0.234  4722 45195738  115.426  142.378  61.943   -8.977  -8.11  -1.29  0000
   56  -0.200  5096 45195739  114.180  143.613  62.109   -9.401  -8.25  -1.43  0000
   57  -0.167  5886 45195740  112.431  144.948  62.401   -9.905  -8.19  -1.37  0000
   58  -0.133  6271 45195741  110.671  146.717  62.645  -10.500  -8.38  -1.56  0000
   59  -0.100  5834 45195742  108.804  148.521  62.921  -11.111  -8.41  -1.59  0000
   60  -0.067  6371 45195743  108.073  150.520  62.867  -11.633  -8.45  -1.63  0000
   61  -0.033  5248 45195744  106.920  150.507  63.186  -11.760  -8.50  -1.68  0000
   62   0.000  6453 45195745  105.857  152.683  63.210  -12.355  -8.61  -1.79  0000
   63   0.033  4624 45195746  104.558  154.323  63.372  -12.857  -8.44  -1.62  0000
   64   0.067  5728 45195747  103.533  155.941  63.464  -13.323  -8.29  -1.47  0000
   65   0.100  5539 45195748  101.909  157.003  63.795  -13.727  -8.12  -1.30  0000
   66   0.133  4271 45195749  100.075  158.730  64.112  -14.294  -7.89  -1.07  0000
   67   0.167  4307 45195750   98.974  159.679  64.316  -14.613  -7.42  -0.60  0000
