#
#   version : 20090611
#    num_fr : 13
#      time : 20101022 07:58:04.803 UTC
#      unix : 1287734284.803196
#       ntp : LOCK -6504 286560 7792
#       seq : 111879065
#       mul : 0 [A]
#      site : 01
#    latlon : 45.5749 -94.3965 370.0
#      text : Collegeville
#     label : 
#     plate : metal 20090611
#      geom : 640 480
#    reject : 0
#
#  fr    time   sum     seq       cx       cy      th      phi    lsp    mag  flag
   30  -0.234  2858 111879058  535.646  220.652  61.764  141.446  -6.92  -6.92  0000
   31  -0.200  4190 111879059  536.320  220.178  61.974  141.336  -7.20  -7.20  0000
   32  -0.167  3347 111879060  538.359  221.712  62.547  141.728  -7.19  -7.19  0000
   33  -0.133  2885 111879061  541.886  223.087  63.572  142.082  -7.62  -7.62  0000
   34  -0.100  3854 111879062  542.711  223.102  63.819  142.090  -7.76  -7.76  0000
   35  -0.067  3322 111879063  545.163  223.909  64.539  142.292  -7.80  -7.80  0000
   36  -0.033  5297 111879064  547.068  224.919  65.095  142.536  -7.94  -7.94  0000
   37   0.000  6563 111879065  547.557  225.079  65.239  142.575  -7.78  -7.78  0000
   38   0.033  6017 111879066  550.292  225.925  66.051  142.777  -7.99  -7.99  0000
   39   0.067  4444 111879067  552.378  226.856  66.669  142.993  -7.87  -7.87  0000
   40   0.100  3553 111879068  554.753  227.670  67.378  143.178  -7.66  -7.66  0000
   41   0.133  3997 111879069  555.554  228.300  67.614  143.320  -7.48  -7.48  0000
   42   0.167  4750 111879070  558.864  229.113  68.614  143.496  -8.41  -8.41  0000
