#
#   version : 20090611
#    num_fr : 16
#      time : 20101022 08:11:16.594 UTC
#      unix : 1287735076.594117
#       ntp : LOCK -6198 681560 7792
#       seq : 111902795
#       mul : 0 [A]
#      site : 01
#    latlon : 45.5749 -94.3965 370.0
#      text : Collegeville
#     label : 
#     plate : metal 20090611
#      geom : 640 480
#    reject : 0
#
#  fr    time   sum     seq       cx       cy      th      phi    lsp    mag  flag
   30  -0.334  3246 111902785  358.699   85.066  41.705   74.505  -6.91  -6.91  0000
   31  -0.300  3430 111902786  361.858   84.575  42.112   75.539  -7.21  -7.21  0000
   32  -0.267  3997 111902787  365.264   83.012  42.834   76.510  -7.86  -7.86  0000
   33  -0.234  4813 111902788  366.524   81.913  43.239   76.800  -8.20  -8.20  0000
   34  -0.200  6339 111902789  368.810   80.187  43.909   77.344  -8.56  -8.56  0000
   35  -0.167  4369 111902790  371.731   79.689  44.335   78.224  -8.19  -8.19  0000
   36  -0.133  5797 111902791  375.143   78.068  45.112   79.098  -8.74  -8.74  0000
   37  -0.100  6581 111902792  378.065   77.460  45.590   79.925  -8.54  -8.54  0000
   38  -0.067  7157 111902793  380.615   75.492  46.379   80.444  -8.77  -8.77  0000
   39  -0.033  6625 111902794  383.479   75.165  46.797   81.255  -8.73  -8.73  0000
   40   0.000  7721 111902795  386.156   73.795  47.464   81.856  -8.97  -8.97  0000
   41   0.033  6516 111902796  389.266   72.274  48.230   82.544  -9.08  -9.08  0000
   42   0.067  6579 111902797  392.184   71.531  48.786   83.264  -8.91  -8.91  0000
   43   0.100  7371 111902798  395.661   70.625  49.467   84.099  -8.92  -8.92  0000
   44   0.133  7599 111902799  398.098   69.745  50.012   84.635  -9.17  -9.17  0000
   45   0.167  3788 111902800  401.607   68.466  50.809   85.387  -7.99  -7.99  0000
