#
#   version : 20090611
#    num_fr : 14
#      time : 20101022 08:29:34.457 UTC
#      unix : 1287736174.457722
#       ntp : LOCK 5362 210596 8448
#       seq : 111935698
#       mul : 0 [A]
#      site : 01
#    latlon : 45.5749 -94.3965 370.0
#      text : Collegeville
#     label : 
#     plate : metal 20090611
#      geom : 640 480
#    reject : 0
#
#  fr    time   sum     seq       cx       cy      th      phi    lsp    mag  flag
   29  -0.400  3556 111935686  265.905   41.130  53.260   43.877  -6.13  -6.13  0000
   30  -0.367  3847 111935687  267.685   39.142  53.691   44.507  -6.72  -6.72  0000
   31  -0.334  4329 111935688  268.308   38.045  53.955   44.752  -6.93  -6.93  0000
   32  -0.300  5119 111935689  268.228   37.573  54.090   44.760  -7.66  -7.66  0000
   33  -0.267  5237 111935690  272.448   34.791  54.613   46.091  -7.89  -7.89  0000
   34  -0.234  4812 111935691  273.292   33.021  55.059   46.422  -8.40  -8.40  0000
   35  -0.200  6059 111935692  274.644   31.499  55.413   46.873  -8.54  -8.54  0000
   36  -0.167  5691 111935693  275.544   29.724  55.864   47.209  -8.47  -8.47  0000
   37  -0.133  6565 111935694  277.317   27.596  56.375   47.791  -8.92  -8.92  0000
   38  -0.100  6395 111935695  278.714   26.092  56.735   48.235  -8.97  -8.97  0000
   39  -0.067  6142 111935696  279.452   25.001  57.010   48.480  -8.95  -8.95  0000
   40  -0.033  7149 111935697  282.309   23.197  57.401   49.314  -8.71  -8.71  0000
   41   0.000  8741 111935698  284.099   21.079  57.934   49.867  -9.16  -9.16  0000
   42   0.033  6173 111935699  285.162   18.392  58.662   50.242  -8.43  -8.43  0000
