#
#   version : 20090611
#    num_fr : 18
#      time : 20101022 05:24:49.046 UTC
#      unix : 1287725089.046450
#       ntp : LOCK -10165 795054 9295
#       seq : 111603468
#       mul : 0 [A]
#      site : 01
#    latlon : 45.5749 -94.3965 370.0
#      text : Collegeville
#     label : 
#     plate : metal 20090611
#      geom : 640 480
#    reject : 0
#
#  fr    time   sum     seq       cx       cy      th      phi    lsp    mag  flag
   30  -0.501  3708 111603453  197.210  104.980  46.307   15.815  -6.58  -6.58  0000
   31  -0.467  3514 111603454  196.470  106.057  46.226   15.399  -7.33  -7.33  0000
   32  -0.434  3578 111603455  196.211  106.976  46.087   15.132  -7.57  -7.57  0000
   33  -0.400  4625 111603456  196.132  108.744  45.744   14.714  -7.62  -7.62  0000
   34  -0.367  5141 111603457  195.201  109.887  45.693   14.230  -7.75  -7.75  0000
   35  -0.334  4916 111603458  195.951  111.718  45.182   13.987  -8.11  -8.11  0000
   36  -0.300  5805 111603459  195.791  112.973  44.964   13.655  -8.33  -8.33  0000
   37  -0.267  5356 111603460  194.955  114.137  44.898   13.179  -8.36  -8.36  0000
   38  -0.234  5067 111603461  194.181  116.651  44.560   12.392  -8.24  -8.24  0000
   39  -0.200  5404 111603462  192.828  118.423  44.490   11.640  -8.33  -8.33  0000
   40  -0.167  6026 111603463  192.574  120.330  44.179   11.108  -8.61  -8.61  0000
   41  -0.133  5762 111603464  192.151  121.651  44.016   10.677  -8.77  -8.77  0000
   42  -0.100  7434 111603465  192.213  122.439  43.856   10.492  -8.79  -8.79  0000
   43  -0.067  7328 111603466  191.551  125.600  43.409    9.527  -8.86  -8.86  0000
   44  -0.033  7433 111603467  190.607  128.203  43.134    8.626  -8.85  -8.85  0000
   45   0.000  8219 111603468  190.608  129.339  42.930    8.323  -9.02  -9.02  0000
   46   0.033  8120 111603469  189.736  132.249  42.601    7.338  -8.88  -8.88  0000
   47   0.067  4974 111603470  190.795  134.163  42.041    7.049  -8.17  -8.17  0000
