#
#   version : 20090611
#    num_fr : 15
#      time : 20101022 06:44:14.142 UTC
#      unix : 1287729854.142791
#       ntp : LOCK 5535 1130874 8603
#       seq : 111746278
#       mul : 0 [A]
#      site : 01
#    latlon : 45.5749 -94.3965 370.0
#      text : Collegeville
#     label : 
#     plate : metal 20090611
#      geom : 640 480
#    reject : 0
#
#  fr    time   sum     seq       cx       cy      th      phi    lsp    mag  flag
   29  -0.234  4900 111746271  572.104  264.940  73.037  151.021  -7.11  -7.11  0000
   30  -0.200  4000 111746272  572.518  265.068  73.169  151.034  -7.50  -7.50  0000
   31  -0.167  2818 111746273  573.872  266.157  73.622  151.215  -7.31  -7.31  0000
   32  -0.133  2211 111746274  575.310  266.455  74.077  151.228  -7.50  -7.50  0000
   33  -0.100  3739 111746275  575.045  266.259  73.989  151.197  -7.81  -7.81  0000
   34  -0.067  3890 111746276  576.183  267.931  74.396  151.502  -7.87  -7.87  0000
   35  -0.033  4401 111746277  576.397  268.097  74.468  151.529  -7.63  -7.63  0000
   36   0.000  6094 111746278  576.567  268.107  74.521  151.525  -7.92  -7.92  0000
   37   0.033  4612 111746279  578.214  269.799  75.091  151.813  -7.87  -7.87  0000
   38   0.067  5108 111746280  578.424  270.054  75.165  151.857  -7.91  -7.91  0000
   39   0.100  2761 111746281  579.560  270.685  75.542  151.944  -7.74  -7.74  0000
   41   0.167  4970 111746283  581.173  271.957  76.093  152.141  -7.90  -7.90  0000
   42   0.200  3066 111746284  581.377  272.173  76.164  152.177  -7.50  -7.50  0000
   43   0.234  4960 111746285  583.046  273.598  76.741  152.399  -8.18  -8.18  0000
   44   0.267  3568 111746286  583.916  272.735  76.982  152.194  -7.64  -7.64  0000
