#
#   version : 20090611
#    num_fr : 14
#      time : 20120510 06:18:24.657 UTC
#      unix : 1336630704.657943
#       ntp : LOCK -2088 202419 784
#       seq : 278803053
#       mul : 0 [A]
#      site : 01
#    latlon : 45.5749 -94.3965 370.0
#      text : Collegeville
#     label : 
#     plate : metal_20100816_20100506-404-gd3
#      geom : 640 480
#    reject : 0
#
#  fr    time   sum     seq       cx       cy      th      phi    lsp    mag  flag
   30  -0.434  1924 278803040  267.958  372.754  34.309 -105.766  -6.13   0.69  0000
   33  -0.334  1859 278803043  272.021  373.031  34.002 -107.530  -5.99   0.83  0000
   34  -0.300  1421 278803044  271.688  372.842  33.984 -107.361  -5.41   1.41  0000
   35  -0.267  1725 278803045  274.052  372.077  33.582 -108.279  -5.57   1.25  0000
   36  -0.234  2077 278803046  274.685  373.006  33.767 -108.676  -6.42   0.40  0000
   37  -0.200  1852 278803047  274.823  373.077  33.774 -108.745  -6.25   0.57  0000
   39  -0.133  2007 278803049  277.902  373.177  33.554 -110.104  -6.46   0.36  0000
   40  -0.100  2234 278803050  278.017  373.265  33.568 -110.165  -6.55   0.27  0000
   41  -0.067  2008 278803051  278.987  373.522  33.562 -110.623  -6.38   0.44  0000
   42  -0.033  2174 278803052  280.785  373.788  33.501 -111.448  -6.51   0.31  0000
   43   0.000  2402 278803053  281.157  373.588  33.423 -111.592  -6.90  -0.08  0000
   44   0.033  1818 278803054  282.007  373.539  33.352 -111.966  -5.93   0.89  0000
   45   0.067  1936 278803055  284.055  373.855  33.300 -112.916  -6.43   0.39  0000
   46   0.100  1716 278803056  284.075  373.365  33.170 -112.876  -6.40   0.42  0000
