#
#   version : 20090611
#    num_fr : 12
#      time : 20160104 09:48:35.183 UTC
#      unix : 1451900915.183452
#       ntp : LOCK 3421 377099 3139
#       seq : 35169590
#       mul : 0 [A]
#      site : 01
#    latlon : 45.5749 -94.3965 370.0
#      text : Collegeville
#     label : 
#     plate : metal_20100816_20100506-404-gd3
#      geom : 640 480
#    reject : 0
#
#  fr    time   sum     seq       cx       cy      th      phi    lsp    mag  flag
   29  -0.167  2374 35169585   71.889  299.041  68.847  -47.951  -5.98   0.84  0000
   30  -0.133  2599 35169586   70.841  300.339  69.248  -48.192  -6.34   0.48  0000
   31  -0.100  2721 35169587   70.967  302.005  69.312  -48.562  -6.61   0.21  0000
   32  -0.067  2639 35169588   69.849  303.097  69.725  -48.751  -7.18  -0.36  0000
   33  -0.033  3388 35169589   69.002  304.282  70.062  -48.969  -7.59  -0.77  0000
   34   0.000  3914 35169590   68.428  306.564  70.391  -49.434  -7.74  -0.92  0000
   35   0.033  3381 35169591   68.507  307.147  70.406  -49.563  -7.37  -0.55  0000
   36   0.067  3497 35169592   67.978  308.375  70.654  -49.801  -7.37  -0.55  0000
   37   0.100  3082 35169593   68.180  310.557  70.746  -50.277  -7.43  -0.61  0000
   38   0.133  3813 35169594   67.617  311.616  70.997  -50.474  -7.80  -0.98  0000
   39   0.167  3187 35169595   67.233  312.526  71.182  -50.647  -7.12  -0.30  0000
   40   0.200  2234 35169596   66.691  313.916  71.453  -50.913  -6.20   0.62  0000
