#
#   version : 20090611
#    num_fr : 12
#      time : 20160104 11:39:55.705 UTC
#      unix : 1451907595.705032
#       ntp : LOCK -1844 116538 2482
#       seq : 35369800
#       mul : 0 [A]
#      site : 01
#    latlon : 45.5749 -94.3965 370.0
#      text : Collegeville
#     label : 
#     plate : metal_20100816_20100506-404-gd3
#      geom : 640 480
#    reject : 0
#
#  fr    time   sum     seq       cx       cy      th      phi    lsp    mag  flag
   30  -0.300  3488 35369791   58.111  160.927  76.232  -18.360  -5.75   1.07  0000
   32  -0.234  2700 35369793   57.978  156.846  76.693  -17.587  -6.51   0.31  0000
   33  -0.200  3031 35369794   58.078  154.841  76.875  -17.197  -6.57   0.25  0000
   34  -0.167  3992 35369795   59.203  153.863  76.637  -16.923  -6.93  -0.11  0000
   35  -0.133  3838 35369796   58.056  151.299  77.267  -16.529  -7.16  -0.34  0000
   36  -0.100  4029 35369797   58.278  149.336  77.419  -16.142  -7.02  -0.20  0000
   37  -0.067  3019 35369798   59.017  147.854  77.363  -15.805  -7.41  -0.59  0000
   38  -0.033  3794 35369799   60.348  146.055  77.168  -15.358  -7.35  -0.53  0000
   39   0.000  4515 35369800   60.521  144.121  77.344  -14.983  -7.17  -0.35  0000
   40   0.033  4094 35369801   59.986  141.481  77.823  -14.540  -7.32  -0.50  0000
   41   0.067  3354 35369802   60.754  140.060  77.765  -14.211  -6.95  -0.13  0000
   42   0.100  3826 35369803   60.735  138.173  78.005  -13.867  -6.40   0.42  0000
