#
#   version : 20090611
#    num_fr : 17
#      time : 20160104 02:42:36.552 UTC
#      unix : 1451875356.552701
#       ntp : LOCK -1727 402926 1910
#       seq : 34403615
#       mul : 0 [A]
#      site : 01
#    latlon : 45.5749 -94.3965 370.0
#      text : Collegeville
#     label : 
#     plate : metal_20100816_20100506-404-gd3
#      geom : 640 480
#    reject : 0
#
#  fr    time   sum     seq       cx       cy      th      phi    lsp    mag  flag
   29  -0.667  1866 34403595  209.655  278.731  28.506  -51.656  -5.84   0.98  0000
   30  -0.634  2272 34403596  208.338  280.307  28.969  -52.257  -6.32   0.50  0000
   31  -0.601  1930 34403597  206.752  282.635  29.564  -53.165  -6.29   0.53  0000
   34  -0.501  1806 34403600  202.900  290.630  31.251  -56.283  -5.79   1.03  0000
   35  -0.467  1862 34403601  201.963  292.256  31.645  -56.851  -5.93   0.89  0000
   38  -0.367  1852 34403604  197.942  300.681  33.530  -59.731  -5.71   1.11  0000
   39  -0.334  1871 34403605  197.141  301.814  33.856  -60.047  -6.18   0.64  0000
   40  -0.300  1714 34403606  195.863  303.933  34.415  -60.662  -5.84   0.98  0000
   42  -0.234  1614 34403608  193.050  309.217  35.733  -62.184  -5.83   0.99  0000
   45  -0.133  2120 34403611  191.494  316.125  36.973  -64.422  -6.42   0.40  0000
   47  -0.067  2225 34403613  189.742  320.529  37.980  -65.621  -6.59   0.23  0000
   48  -0.033  2153 34403614  189.136  321.847  38.306  -65.952  -6.60   0.22  0000
   49   0.000  2276 34403615  187.352  323.819  39.010  -66.263  -6.59   0.23  0000
   50   0.033  1979 34403616  186.928  326.594  39.496  -67.094  -6.58   0.24  0000
   51   0.067  2207 34403617  186.002  328.324  39.965  -67.469  -6.40   0.42  0000
   52   0.100  1827 34403618  184.513  330.207  40.593  -67.773  -6.36   0.46  0000
   53   0.133  1909 34403619  184.090  332.067  40.963  -68.271  -6.30   0.52  0000
