#
#   version : 20090611
#    num_fr : 24
#      time : 20160104 05:31:13.389 UTC
#      unix : 1451885473.389969
#       ntp : LOCK -1796 844602 3400
#       seq : 34706808
#       mul : 0 [A]
#      site : 01
#    latlon : 45.5749 -94.3965 370.0
#      text : Collegeville
#     label : 
#     plate : metal_20100816_20100506-404-gd3
#      geom : 640 480
#    reject : 0
#
#  fr    time   sum     seq       cx       cy      th      phi    lsp    mag  flag
   30  -0.534  2012 34706792  341.520  114.977  36.305   66.376  -6.09   0.73  0000
   31  -0.501  2293 34706793  343.207  116.560  35.994   67.238  -6.91  -0.09  0000
   32  -0.467  2629 34706794  341.821  118.405  35.422   66.837  -7.48  -0.66  0000
   33  -0.434  2955 34706795  343.310  120.005  35.098   67.640  -7.59  -0.77  0000
   34  -0.400  3092 34706796  343.496  122.152  34.550   67.954  -7.81  -0.99  0000
   35  -0.367  3346 34706797  343.048  123.715  34.113   67.931  -7.93  -1.11  0000
   36  -0.334  3418 34706798  343.950  125.606  33.683   68.547  -7.88  -1.06  0000
   37  -0.300  3465 34706799  343.795  127.962  33.061   68.759  -8.17  -1.35  0000
   38  -0.267  3609 34706800  344.360  129.990  32.577   69.268  -8.23  -1.41  0000
   39  -0.234  3937 34706801  344.397  131.625  32.158   69.495  -8.32  -1.50  0000
   40  -0.200  3687 34706802  344.068  133.765  31.583   69.624  -8.27  -1.45  0000
   41  -0.167  4009 34706803  344.761  136.007  31.060   70.259  -8.35  -1.53  0000
   42  -0.133  4012 34706804  344.558  137.672  30.618   70.398  -8.40  -1.58  0000
   43  -0.100  3748 34706805  344.140  140.263  29.923   70.572  -8.36  -1.54  0000
   44  -0.067  3968 34706806  345.148  141.706  29.637   71.291  -8.34  -1.52  0000
   45  -0.033  4165 34706807  344.714  144.130  28.986   71.456  -8.36  -1.54  0000
   46   0.000  4407 34706808  345.009  146.609  28.383   72.014  -8.49  -1.67  0000
   47   0.033  4151 34706809  345.254  148.747  27.865   72.509  -8.46  -1.64  0000
   48   0.067  4154 34706810  345.381  150.981  27.315   72.978  -8.30  -1.48  0000
   49   0.100  3417 34706811  345.744  153.685  26.673   73.683  -7.96  -1.14  0000
   50   0.133  2899 34706812  345.432  156.135  26.034   73.995  -7.53  -0.71  0000
   51   0.167  2636 34706813  345.973  158.299  25.549   74.746  -7.27  -0.45  0000
   52   0.200  2261 34706814  345.938  160.276  25.058   75.153  -6.66   0.16  0000
   54   0.267  1608 34706816  346.944  164.698  24.078   76.763  -5.82   1.00  0000
