#
#   version : 20090611
#    num_fr : 23
#      time : 20160104 06:17:49.166 UTC
#      unix : 1451888269.166864
#       ntp : LOCK -2583 198153 3526
#       seq : 34790595
#       mul : 0 [A]
#      site : 01
#    latlon : 45.5749 -94.3965 370.0
#      text : Collegeville
#     label : 
#     plate : metal_20100816_20100506-404-gd3
#      geom : 640 480
#    reject : 0
#
#  fr    time   sum     seq       cx       cy      th      phi    lsp    mag  flag
   29  -0.367  1949 34790584  105.248  259.068  57.277  -39.155  -5.95   0.87  0000
   31  -0.300  2248 34790586  104.994  263.117  57.415  -40.228  -6.33   0.49  0000
   32  -0.267  2149 34790587  103.464  266.294  57.935  -41.044  -6.57   0.25  0000
   33  -0.234  2368 34790588  104.811  268.183  57.578  -41.567  -6.72   0.10  0000
   34  -0.200  2937 34790589  103.914  269.881  57.890  -41.996  -7.17  -0.35  0000
   35  -0.167  2845 34790590  103.385  272.454  58.121  -42.658  -7.58  -0.76  0000
   36  -0.133  3062 34790591  102.551  274.294  58.428  -43.116  -7.48  -0.66  0000
   37  -0.100  3352 34790592  103.249  276.319  58.289  -43.663  -7.72  -0.90  0000
   38  -0.067  3266 34790593  102.732  278.741  58.533  -44.275  -7.82  -1.00  0000
   39  -0.033  3482 34790594  102.149  280.466  58.775  -44.701  -8.01  -1.19  0000
   40   0.000  3731 34790595  102.124  282.826  58.882  -45.307  -7.98  -1.16  0000
   41   0.033  3698 34790596  101.827  284.672  59.054  -45.769  -7.81  -0.99  0000
   42   0.067  3607 34790597  101.785  287.123  59.184  -46.393  -7.96  -1.14  0000
   43   0.100  3310 34790598  101.120  288.694  59.460  -46.763  -7.55  -0.73  0000
   44   0.133  2857 34790599  101.324  290.875  59.515  -47.325  -7.26  -0.44  0000
   45   0.167  2724 34790600  101.333  293.695  59.671  -48.036  -7.24  -0.42  0000
   46   0.200  2737 34790601  100.438  296.441  60.099  -48.678  -7.18  -0.36  0000
   47   0.234  2697 34790602  101.310  298.567  59.975  -49.254  -7.08  -0.26  0000
   48   0.267  2462 34790603  100.911  300.092  60.192  -49.611  -6.95  -0.13  0000
   49   0.300  2145 34790604  100.768  302.163  60.373  -50.115  -6.63   0.19  0000
   50   0.334  2272 34790605  101.482  305.048  60.367  -50.868  -6.44   0.38  0000
   51   0.367  2394 34790606  100.819  306.333  60.655  -51.142  -6.64   0.18  0000
   52   0.400  2003 34790607  100.845  308.584  60.817  -51.692  -6.33   0.49  0000
