#
#   version : 20090611
#    num_fr : 36
#      time : 20160104 08:30:49.921 UTC
#      unix : 1451896249.921768
#       ntp : LOCK 5773 92231 3515
#       seq : 35029774
#       mul : 0 [A]
#      site : 01
#    latlon : 45.5749 -94.3965 370.0
#      text : Collegeville
#     label : 
#     plate : metal_20100816_20100506-404-gd3
#      geom : 640 480
#    reject : 0
#
#  fr    time   sum     seq       cx       cy      th      phi    lsp    mag  flag
   29  -0.367  2305 35029763  489.975   68.738  69.881   99.171  -6.16   0.66  0000
   30  -0.334  2312 35029764  490.156   68.975  69.870   99.239  -6.32   0.50  0000
   32  -0.267  3412 35029766  492.414   69.681  70.218   99.719  -7.57  -0.75  0000
   33  -0.234  4118 35029767  494.284   70.598  70.440  100.168  -8.09  -1.27  0000
   34  -0.200  5116 35029768  494.695   70.907  70.468  100.284  -8.57  -1.75  0000
   35  -0.167  5877 35029769  495.552   71.527  70.531  100.521  -9.04  -2.22  0000
   36  -0.133  7467 35029770  495.991   71.982  70.535  100.665  -9.44  -2.62  0000
   37  -0.100  8143 35029771  498.278   72.351  70.975  101.085  -9.34  -2.52  0000
   38  -0.067  9257 35029772  498.897   72.719  71.040  101.242  -9.76  -2.94  0000
   39  -0.033  8208 35029773  499.186   73.714  70.902  101.451  -9.67  -2.85  0000
   40   0.000  9429 35029774  500.870   74.652  71.097  101.866  -9.78  -2.96  0000
   41   0.033  8357 35029775  501.060   75.207  71.028  101.987  -9.76  -2.94  0000
   42   0.067  8161 35029776  502.944   76.055  71.292  102.415  -9.53  -2.71  0000
   43   0.100  8446 35029777  504.023   76.180  71.518  102.599  -9.55  -2.73  0000
   44   0.133  8345 35029778  505.463   76.889  71.712  102.933  -9.47  -2.65  0000
   45   0.167  8332 35029779  505.956   77.844  71.638  103.167  -9.64  -2.82  0000
   46   0.200  8836 35029780  507.734   78.235  71.979  103.496  -9.46  -2.64  0000
   47   0.234  7510 35029781  507.940   79.680  71.744  103.769  -9.55  -2.73  0000
   48   0.267  7662 35029782  509.011   79.726  71.990  103.934  -9.46  -2.64  0000
   49   0.300  7923 35029783  510.676   80.710  72.195  104.342  -9.43  -2.61  0000
   50   0.334  7144 35029784  510.875   81.376  72.114  104.483  -9.44  -2.62  0000
   51   0.367  7162 35029785  512.679   82.278  72.375  104.896  -9.23  -2.41  0000
   52   0.400  7555 35029786  513.678   82.527  72.568  105.080  -9.28  -2.46  0000
   53   0.434  6451 35029787  515.050   83.045  72.803  105.362  -9.04  -2.22  0000
   54   0.467  6705 35029788  515.502   84.279  72.679  105.636  -9.12  -2.30  0000
   55   0.501  6097 35029789  516.895   85.588  72.774  106.054  -8.96  -2.14  0000
   56   0.534  5591 35029790  517.714   86.098  72.880  106.255  -8.90  -2.08  0000
   57   0.567  5905 35029791  518.841   86.526  73.079  106.484  -8.91  -2.09  0000
   58   0.601  6511 35029792  519.812   87.517  73.136  106.787  -9.13  -2.31  0000
   59   0.634  5228 35029793  520.714   88.038  73.265  106.999  -8.72  -1.90  0000
   60   0.667  5307 35029794  521.575   89.295  73.250  107.333  -8.79  -1.97  0000
   61   0.701  5268 35029795  523.708   89.839  73.687  107.711  -8.51  -1.69  0000
   62   0.734  4636 35029796  524.535   90.239  73.823  107.889  -8.48  -1.66  0000
   63   0.767  4305 35029797  525.190   91.436  73.774  108.184  -8.21  -1.39  0000
   64   0.801  2915 35029798  526.059   92.532  73.799  108.488  -7.07  -0.25  0000
   65   0.834  2371 35029799  526.474   93.008  73.820  108.625  -6.43   0.39  0000
