#
#   version : 20090611
#    num_fr : 16
#      time : 20160104 07:39:14.744 UTC
#      unix : 1451893154.744383
#       ntp : LOCK 1002 592511 3637
#       seq : 34937012
#       mul : 0 [A]
#      site : 01
#    latlon : 45.5749 -94.3965 370.0
#      text : Collegeville
#     label : 
#     plate : metal_20100816_20100506-404-gd3
#      geom : 640 480
#    reject : 0
#
#  fr    time   sum     seq       cx       cy      th      phi    lsp    mag  flag
   30  -0.267  2212 34937004  178.351   72.809  60.445   15.204  -6.22   0.60  0000
   32  -0.200  2411 34937006  177.618   74.199  60.263   14.836  -6.80   0.02  0000
   33  -0.167  2787 34937007  177.540   74.307  60.252   14.803  -7.31  -0.49  0000
   34  -0.133  3058 34937008  177.374   74.784  60.175   14.694  -7.57  -0.75  0000
   35  -0.100  3700 34937009  177.220   75.053  60.142   14.619  -7.78  -0.96  0000
   36  -0.067  3799 34937010  176.411   75.870  60.108   14.321  -8.00  -1.18  0000
   37  -0.033  4115 34937011  175.578   76.779  60.060   14.004  -8.32  -1.50  0000
   38   0.000  4859 34937012  175.160   77.411  59.997   13.816  -8.80  -1.98  0000
   39   0.033  4800 34937013  174.532   77.827  60.023   13.619  -8.53  -1.71  0000
   40   0.067  4781 34937014  174.115   78.505  59.951   13.423  -8.64  -1.82  0000
   41   0.100  4265 34937015  173.577   79.951  59.732   13.078  -8.37  -1.55  0000
   42   0.133  3944 34937016  173.160   80.409  59.711   12.917  -8.21  -1.39  0000
   43   0.167  4117 34937017  172.765   80.814  59.698   12.770  -8.20  -1.38  0000
   44   0.200  3879 34937018  172.034   81.628  59.660   12.485  -8.14  -1.32  0000
   45   0.234  3247 34937019  171.661   82.604  59.518   12.247  -7.53  -0.71  0000
   46   0.267  2117 34937020  170.989   83.885  59.370   11.896  -5.99   0.83  0000
