#
#   version : 20090611
#    num_fr : 23
#      time : 20160104 01:33:50.136 UTC
#      unix : 1451871230.136519
#       ntp : LOCK -387 894451 2168
#       seq : 34279948
#       mul : 0 [A]
#      site : 01
#    latlon : 45.5749 -94.3965 370.0
#      text : Collegeville
#     label : 
#     plate : metal_20100816_20100506-404-gd3
#      geom : 640 480
#    reject : 0
#
#  fr    time   sum     seq       cx       cy      th      phi    lsp    mag  flag
   29  -0.267  2237 34279940  312.903  328.243  20.291 -126.806  -6.74   0.08  0000
   30  -0.234  2355 34279941  311.690  330.592  20.907 -125.889  -7.17  -0.35  0000
   31  -0.200  2521 34279942  310.730  332.521  21.418 -125.200  -7.43  -0.61  0000
   32  -0.167  2390 34279943  308.357  334.995  22.089 -123.575  -7.36  -0.54  0000
   33  -0.133  2637 34279944  306.526  336.394  22.484 -122.368  -7.46  -0.64  0000
   34  -0.100  2866 34279945  303.639  338.887  23.204 -120.565  -7.59  -0.77  0000
   35  -0.067  3386 34279946  301.951  341.281  23.882 -119.622  -8.11  -1.29  0000
   36  -0.033  3560 34279947  300.678  343.187  24.424 -118.953  -8.12  -1.30  0000
   37   0.000  3760 34279948  298.610  345.875  25.205 -117.893  -8.07  -1.25  0000
   38   0.033  3616 34279949  296.850  347.705  25.757 -117.002  -8.05  -1.23  0000
   39   0.067  3512 34279950  294.387  350.053  26.485 -115.795  -8.15  -1.33  0000
   40   0.100  3461 34279951  292.887  352.021  27.075 -115.145  -8.20  -1.38  0000
   41   0.133  3742 34279952  291.285  354.039  27.688 -114.473  -8.22  -1.40  0000
   42   0.167  3599 34279953  290.092  356.140  28.304 -114.054  -8.16  -1.34  0000
   43   0.200  3342 34279954  288.320  357.886  28.863 -113.315  -7.82  -1.00  0000
   44   0.234  3203 34279955  285.679  360.151  29.620 -112.225  -7.86  -1.04  0000
   45   0.267  2796 34279956  284.217  361.752  30.134 -111.685  -7.64  -0.82  0000
   46   0.300  2657 34279957  282.194  363.999  30.858 -110.972  -7.39  -0.57  0000
   47   0.334  2639 34279958  281.677  364.757  31.092 -110.818  -7.12  -0.30  0000
   48   0.367  2326 34279959  279.106  366.883  31.834 -109.876  -6.87  -0.05  0000
   49   0.400  1832 34279960  277.204  368.545  32.413 -109.218  -6.60   0.22  0000
   50   0.434  1656 34279961  275.609  370.298  32.994 -108.731  -6.30   0.52  0000
   52   0.501  1601 34279963  273.800  373.912  34.074 -108.411  -5.83   0.99  0000
