#
#   version : 20090611
#    num_fr : 17
#      time : 20160104 07:30:24.745 UTC
#      unix : 1451892624.745063
#       ntp : LOCK 1140 327011 3637
#       seq : 34921128
#       mul : 0 [A]
#      site : 01
#    latlon : 45.5749 -94.3965 370.0
#      text : Collegeville
#     label : 
#     plate : metal_20100816_20100506-404-gd3
#      geom : 640 480
#    reject : 0
#
#  fr    time   sum     seq       cx       cy      th      phi    lsp    mag  flag
   29  -0.334  2287 34921118  109.936  296.245  57.302  -49.146  -6.64   0.18  0000
   30  -0.300  2410 34921119  109.689  297.738  57.470  -49.519  -6.83  -0.01  0000
   31  -0.267  2779 34921120  110.262  300.024  57.455  -50.144  -7.21  -0.39  0000
   32  -0.234  2781 34921121  109.737  302.727  57.796  -50.807  -7.44  -0.62  0000
   33  -0.200  3111 34921122  109.114  304.149  58.079  -51.129  -7.81  -0.99  0000
   34  -0.167  3179 34921123  109.025  306.746  58.299  -51.782  -7.74  -0.92  0000
   35  -0.133  3352 34921124  109.733  309.029  58.273  -52.408  -7.72  -0.90  0000
   36  -0.100  3149 34921125  108.859  310.699  58.659  -52.765  -7.82  -1.00  0000
   37  -0.067  3534 34921126  108.687  312.957  58.895  -53.316  -7.74  -0.92  0000
   38  -0.033  3341 34921127  109.508  315.181  58.850  -53.930  -7.75  -0.93  0000
   39   0.000  3620 34921128  109.041  316.912  59.136  -54.321  -8.01  -1.19  0000
   40   0.033  3291 34921129  109.382  320.014  59.321  -55.110  -7.63  -0.81  0000
   41   0.067  3080 34921130  108.712  322.300  59.728  -55.610  -7.62  -0.80  0000
   42   0.100  2935 34921131  108.509  324.317  59.981  -56.079  -7.45  -0.63  0000
   43   0.133  2553 34921132  109.712  326.437  59.851  -56.693  -7.05  -0.23  0000
   44   0.167  2383 34921133  108.313  328.691  60.477  -57.106  -6.99  -0.17  0000
   45   0.200  1721 34921134  110.236  330.045  60.075  -57.602  -5.78   1.04  0000
