#
#   version : 20090611
#    num_fr : 16
#      time : 20160104 03:58:39.975 UTC
#      unix : 1451879919.975922
#       ntp : LOCK -1327 627880 1568
#       seq : 34540378
#       mul : 0 [A]
#      site : 01
#    latlon : 45.5749 -94.3965 370.0
#      text : Collegeville
#     label : 
#     plate : metal_20100816_20100506-404-gd3
#      geom : 640 480
#    reject : 0
#
#  fr    time   sum     seq       cx       cy      th      phi    lsp    mag  flag
   29  -0.334  1585 34540368  313.240  351.034  26.307 -126.729  -6.02   0.80  0000
   31  -0.267  1800 34540370  311.145  355.707  27.548 -125.514  -6.28   0.54  0000
   32  -0.234  1773 34540371  311.626  358.932  28.406 -125.772  -6.40   0.42  0000
   33  -0.200  2231 34540372  310.528  360.362  28.790 -125.185  -6.70   0.12  0000
   34  -0.167  1946 34540373  309.772  362.939  29.481 -124.800  -6.62   0.20  0000
   35  -0.133  2052 34540374  308.795  364.943  30.023 -124.314  -6.75   0.07  0000
   36  -0.100  2068 34540375  307.363  368.280  30.930 -123.637  -6.54   0.28  0000
   37  -0.067  2166 34540376  305.643  370.692  31.599 -122.839  -6.69   0.13  0000
   38  -0.033  2047 34540377  305.594  372.780  32.159 -122.860  -6.51   0.31  0000
   39   0.000  2275 34540378  304.216  374.561  32.660 -122.250  -6.60   0.22  0000
   40   0.033  1949 34540379  305.011  376.949  33.287 -122.675  -6.46   0.36  0000
   41   0.067  2225 34540380  303.638  378.313  33.678 -122.079  -6.67   0.15  0000
   42   0.100  2005 34540381  302.898  381.489  34.547 -121.831  -6.53   0.29  0000
   43   0.133  1796 34540382  301.923  384.470  35.370 -121.487  -6.26   0.56  0000
   44   0.167  1898 34540383  301.087  385.872  35.767 -121.168  -6.23   0.59  0000
   45   0.200  1858 34540384  298.473  388.758  36.614 -120.160  -6.10   0.72  0000
