#
#   version : 20090611
#    num_fr : 14
#      time : 20160104 09:03:38.568 UTC
#      unix : 1451898218.568858
#       ntp : LOCK 3569 1077231 3515
#       seq : 35088773
#       mul : 0 [A]
#      site : 01
#    latlon : 45.5749 -94.3965 370.0
#      text : Collegeville
#     label : 
#     plate : metal_20100816_20100506-404-gd3
#      geom : 640 480
#    reject : 0
#
#  fr    time   sum     seq       cx       cy      th      phi    lsp    mag  flag
   30  -0.267  2216 35088765  140.782  151.890  53.979   -7.752  -6.06   0.76  0000
   31  -0.234  2378 35088766  140.444  153.357  53.865   -8.162  -6.52   0.30  0000
   32  -0.200  2564 35088767  140.962  154.605  53.561   -8.396  -6.96  -0.14  0000
   33  -0.167  3552 35088768  138.735  155.311  54.044   -8.889  -7.81  -0.99  0000
   34  -0.133  4055 35088769  138.548  156.554  53.927   -9.224  -8.16  -1.34  0000
   35  -0.100  4730 35088770  137.240  158.127  54.064   -9.797  -8.55  -1.73  0000
   36  -0.067  4897 35088771  136.567  158.837  54.149  -10.066  -8.48  -1.66  0000
   37  -0.033  5430 35088772  135.617  160.026  54.247  -10.491  -8.76  -1.94  0000
   38   0.000  5753 35088773  135.017  161.247  54.253  -10.877  -8.94  -2.12  0000
   39   0.033  4770 35088774  134.519  162.015  54.289  -11.135  -8.46  -1.64  0000
   40   0.067  5344 35088775  133.553  163.934  54.312  -11.744  -8.80  -1.98  0000
   41   0.100  4943 35088776  133.207  164.601  54.324  -11.957  -8.55  -1.73  0000
   42   0.133  3639 35088777  132.311  165.861  54.414  -12.388  -7.93  -1.11  0000
   43   0.167  2293 35088778  131.739  166.567  54.485  -12.638  -6.67   0.15  0000
