#
#   version : 20090611
#    num_fr : 13
#      time : 20160104 01:24:51.628 UTC
#      unix : 1451870691.628066
#       ntp : LOCK -442 624451 2168
#       seq : 34263810
#       mul : 0 [A]
#      site : 01
#    latlon : 45.5749 -94.3965 370.0
#      text : Collegeville
#     label : 
#     plate : metal_20100816_20100506-404-gd3
#      geom : 640 480
#    reject : 0
#
#  fr    time   sum     seq       cx       cy      th      phi    lsp    mag  flag
   30  -0.334  1772 34263800  456.675  223.672  39.655  134.179  -5.94   0.88  0000
   31  -0.300  1975 34263801  455.934  225.987  39.346  135.002  -6.06   0.76  0000
   32  -0.267  1802 34263802  455.166  227.031  39.091  135.349  -6.14   0.68  0000
   33  -0.234  1954 34263803  453.831  228.528  38.663  135.841  -6.49   0.33  0000
   34  -0.200  1981 34263804  454.048  230.202  38.659  136.502  -6.46   0.36  0000
   35  -0.167  2036 34263805  452.414  232.301  38.136  137.232  -6.63   0.19  0000
   36  -0.133  1917 34263806  451.188  234.736  37.723  138.134  -6.45   0.37  0000
   37  -0.100  2082 34263807  450.427  236.608  37.462  138.848  -6.68   0.14  0000
   38  -0.067  2153 34263808  449.522  238.007  37.178  139.376  -6.77   0.05  0000
   39  -0.033  2127 34263809  448.403  240.611  36.816  140.395  -6.75   0.07  0000
   40   0.000  2177 34263810  447.542  241.868  36.557  140.886  -6.65   0.17  0000
   42   0.067  1818 34263812  445.680  246.124  35.992  142.613  -5.91   0.91  0000
   45   0.167  1584 34263815  443.671  251.977  35.426  145.069  -5.20   1.62  0000
