#
#   version : 20090611
#    num_fr : 14
#      time : 20160104 09:39:31.903 UTC
#      unix : 1451900371.903005
#       ntp : LOCK 3903 107099 3139
#       seq : 35153308
#       mul : 0 [A]
#      site : 01
#    latlon : 45.5749 -94.3965 370.0
#      text : Collegeville
#     label : 
#     plate : metal_20100816_20100506-404-gd3
#      geom : 640 480
#    reject : 0
#
#  fr    time   sum     seq       cx       cy      th      phi    lsp    mag  flag
   29  -0.300  2265 35153299  526.313  352.316  65.536  169.686  -6.36   0.46  0000
   30  -0.267  2349 35153300  525.787  353.423  65.530  169.978  -6.44   0.38  0000
   32  -0.200  2380 35153302  527.399  356.246  66.332  170.426  -6.79   0.03  0000
   33  -0.167  2703 35153303  527.737  356.576  66.467  170.463  -6.88  -0.06  0000
   34  -0.133  2888 35153304  528.402  358.215  66.862  170.745  -7.15  -0.33  0000
   35  -0.100  3188 35153305  528.748  359.008  67.061  170.878  -7.42  -0.60  0000
   36  -0.067  3496 35153306  528.388  360.092  67.105  171.142  -7.68  -0.86  0000
   37  -0.033  4037 35153307  529.504  361.009  67.532  171.222  -7.99  -1.17  0000
   38   0.000  4895 35153308  530.361  362.496  67.966  171.445  -8.26  -1.44  0000
   39   0.033  3706 35153309  530.858  362.584  68.113  171.414  -7.72  -0.90  0000
   40   0.067  3366 35153310  531.083  364.755  68.469  171.839  -7.46  -0.64  0000
   41   0.100  2666 35153311  531.129  365.359  68.564  171.958  -6.99  -0.17  0000
   42   0.133  2542 35153312  531.585  366.186  68.802  172.081  -6.56   0.26  0000
   43   0.167  2628 35153313  531.181  367.193  68.831  172.328  -6.61   0.21  0000
