#
#   version : 20090611
#    num_fr : 12
#      time : 20160104 07:02:33.832 UTC
#      unix : 1451890953.832087
#       ntp : LOCK 3056 503227 3773
#       seq : 34871052
#       mul : 0 [A]
#      site : 01
#    latlon : 45.5749 -94.3965 370.0
#      text : Collegeville
#     label : 
#     plate : metal_20100816_20100506-404-gd3
#      geom : 640 480
#    reject : 0
#
#  fr    time   sum     seq       cx       cy      th      phi    lsp    mag  flag
   30  -0.300  1753 34871043  465.433  282.202  42.355  155.896  -5.87   0.95  0000
   31  -0.267  1670 34871044  467.059  284.017  42.903  156.413  -6.01   0.81  0000
   32  -0.234  1579 34871045  467.833  286.802  43.280  157.313  -5.62   1.20  0000
   33  -0.200  1893 34871046  468.090  289.389  43.514  158.174  -6.44   0.38  0000
   34  -0.167  2013 34871047  467.871  291.009  43.563  158.740  -6.52   0.30  0000
   35  -0.133  2275 34871048  469.126  293.060  44.047  159.320  -6.81   0.01  0000
   36  -0.100  2503 34871049  469.755  296.714  44.486  160.473  -7.05  -0.23  0000
   37  -0.067  2504 34871050  469.569  298.218  44.552  160.984  -7.02  -0.20  0000
   38  -0.033  2452 34871051  471.255  301.148  45.243  161.770  -7.18  -0.36  0000
   39   0.000  2513 34871052  470.908  302.857  45.292  162.352  -7.13  -0.31  0000
   40   0.033  2406 34871053  471.956  304.511  45.715  162.771  -6.97  -0.15  0000
   41   0.067  2385 34871054  471.493  307.805  45.886  163.857  -6.79   0.03  0000
