#
#   version : 20090611
#    num_fr : 13
#      time : 20160104 07:03:31.790 UTC
#      unix : 1451891011.790345
#       ntp : LOCK 3011 533227 3773
#       seq : 34872789
#       mul : 0 [A]
#      site : 01
#    latlon : 45.5749 -94.3965 370.0
#      text : Collegeville
#     label : 
#     plate : metal_20100816_20100506-404-gd3
#      geom : 640 480
#    reject : 0
#
#  fr    time   sum     seq       cx       cy      th      phi    lsp    mag  flag
   30  -0.300  2173 34872780   62.313  233.293  70.525  -33.221  -6.53   0.29  0000
   31  -0.267  2612 34872781   62.114  234.833  70.559  -33.562  -6.33   0.49  0000
   32  -0.234  2413 34872782   61.481  236.359  70.734  -33.907  -6.35   0.47  0000
   33  -0.200  2247 34872783   62.112  238.855  70.499  -34.445  -6.43   0.39  0000
   34  -0.167  2832 34872784   60.804  239.606  70.903  -34.627  -6.81   0.01  0000
   35  -0.133  2807 34872785   61.830  240.861  70.565  -34.889  -6.78   0.04  0000
   36  -0.100  2897 34872786   60.050  242.916  71.108  -35.359  -7.12  -0.30  0000
   37  -0.067  2864 34872787   59.781  244.308  71.184  -35.665  -6.76   0.06  0000
   38  -0.033  2895 34872788   60.511  246.142  70.943  -36.059  -6.97  -0.15  0000
   39   0.000  2934 34872789   59.828  248.499  71.153  -36.578  -6.82  -0.00  0000
   40   0.033  2705 34872790   59.108  249.842  71.381  -36.873  -6.55   0.27  0000
   41   0.067  2180 34872791   58.068  251.140  71.712  -37.159  -5.88   0.94  0000
   42   0.100  2298 34872792   57.052  251.907  72.036  -37.327  -5.65   1.17  0000
