#
#   version : 20090611
#    num_fr : 13
#      time : 20160104 09:52:57.547 UTC
#      unix : 1451901177.547700
#       ntp : LOCK 3202 512099 3139
#       seq : 35177453
#       mul : 0 [A]
#      site : 01
#    latlon : 45.5749 -94.3965 370.0
#      text : Collegeville
#     label : 
#     plate : metal_20100816_20100506-404-gd3
#      geom : 640 480
#    reject : 0
#
#  fr    time   sum     seq       cx       cy      th      phi    lsp    mag  flag
   29  -0.200  2370 35177447  288.513   58.805  51.298   46.141  -6.74   0.08  0000
   30  -0.167  3204 35177448  288.563   58.623  51.347   46.162  -7.58  -0.76  0000
   31  -0.133  4083 35177449  289.102   58.251  51.431   46.339  -8.29  -1.47  0000
   32  -0.100  4211 35177450  290.168   57.643  51.563   46.684  -8.47  -1.65  0000
   33  -0.067  5236 35177451  290.653   57.348  51.629   46.841  -8.80  -1.98  0000
   34  -0.033  6041 35177452  291.481   56.822  51.748   47.109  -9.04  -2.22  0000
   35   0.000  6336 35177453  292.300   56.087  51.928   47.378  -9.01  -2.19  0000
   36   0.033  6251 35177454  293.122   56.373  51.823   47.620  -9.04  -2.22  0000
   37   0.067  5469 35177455  293.804   56.232  51.843   47.831  -8.84  -2.02  0000
   38   0.100  4918 35177456  294.671   55.829  51.931   48.105  -8.55  -1.73  0000
   39   0.133  4105 35177457  295.042   55.462  52.024   48.226  -8.24  -1.42  0000
   40   0.167  3324 35177458  297.425   55.591  51.928   48.947  -7.49  -0.67  0000
   41   0.200  3341 35177459  297.301   55.623  51.922   48.909  -7.70  -0.88  0000
