#
#   version : 20090611
#    num_fr : 28
#      time : 20160104 04:32:55.076 UTC
#      unix : 1451881975.076228
#       ntp : LOCK -1940 643989 1494
#       seq : 34601967
#       mul : 0 [A]
#      site : 01
#    latlon : 45.5749 -94.3965 370.0
#      text : Collegeville
#     label : 
#     plate : metal_20100816_20100506-404-gd3
#      geom : 640 480
#    reject : 0
#
#  fr    time   sum     seq       cx       cy      th      phi    lsp    mag  flag
   29  -0.434  2087 34601954  371.180  173.343  25.474   92.421  -6.40   0.42  0000
   30  -0.400  2375 34601955  371.251  173.757  25.400   92.607  -6.82   0.00  0000
   31  -0.367  2296 34601956  371.149  173.881  25.357   92.605  -7.12  -0.30  0000
   32  -0.334  2425 34601957  371.199  174.147  25.311   92.727  -7.42  -0.60  0000
   33  -0.300  2971 34601958  370.365  174.191  25.161   92.347  -7.69  -0.87  0000
   34  -0.267  3553 34601959  369.392  175.016  24.827   92.185  -8.12  -1.30  0000
   35  -0.234  3895 34601960  368.949  175.032  24.749   91.975  -8.15  -1.33  0000
   36  -0.200  4042 34601961  368.091  175.688  24.470   91.800  -8.29  -1.47  0000
   37  -0.167  4045 34601962  367.304  176.141  24.245   91.578  -8.46  -1.64  0000
   38  -0.133  3644 34601963  367.231  176.221  24.216   91.572  -8.35  -1.53  0000
   39  -0.100  4070 34601964  366.782  176.480  24.088   91.444  -8.37  -1.55  0000
   40  -0.067  4065 34601965  366.241  176.962  23.898   91.353  -8.49  -1.67  0000
   41  -0.033  4302 34601966  365.907  177.384  23.755   91.344  -8.46  -1.64  0000
   42   0.000  4677 34601967  365.408  177.471  23.655   91.120  -8.58  -1.76  0000
   43   0.033  4491 34601968  365.123  177.745  23.551   91.078  -8.49  -1.67  0000
   44   0.067  4530 34601969  364.414  178.350  23.309   90.941  -8.57  -1.75  0000
   45   0.100  4518 34601970  363.510  178.533  23.124   90.534  -8.57  -1.75  0000
   46   0.133  4406 34601971  362.544  178.929  22.885   90.169  -8.52  -1.70  0000
   47   0.167  4123 34601972  362.011  179.071  22.771   89.935  -8.35  -1.53  0000
   48   0.200  3859 34601973  361.336  179.675  22.535   89.800  -8.33  -1.51  0000
   49   0.234  3376 34601974  361.582  179.898  22.526   90.022  -8.08  -1.26  0000
   50   0.267  3257 34601975  361.233  180.059  22.437   89.893  -7.83  -1.01  0000
   51   0.300  2942 34601976  360.805  180.409  22.295   89.793  -7.48  -0.66  0000
   52   0.334  2497 34601977  359.638  180.910  22.004   89.334  -7.04  -0.22  0000
   53   0.367  2282 34601978  358.784  181.240  21.801   88.977  -6.61   0.21  0000
   54   0.400  2042 34601979  357.610  181.890  21.480   88.552  -6.31   0.51  0000
   55   0.434  1716 34601980  357.375  181.686  21.488   88.333  -6.06   0.76  0000
   56   0.467  1568 34601981  357.329  181.921  21.430   88.399  -5.91   0.91  0000
